mean,trans,pre_trans,s2s,pres2s,dae
0.1814498972023082,0.14168176601820065,0.050786691814692864,0.0,0.6450658733531327,0.8096806665545642
0.3369967060134784,0.142141935823462,0.05263790219883799,0.0588510246425592,0.7063323416913363,0.8579937665292993
0.3704800923279792,0.14259825800726325,0.05612473620491068,0.08108259003691276,0.7201359966001064,0.8668082249754729
0.3512465288309219,0.13960282748684988,0.058064060888596725,0.09189425856998568,0.711092222694333,0.8674937211276506
0.3690325118789177,0.13872298802563704,0.05466957757416044,0.08360326104415705,0.7197960050998518,0.870666182481631
0.4009181373232691,0.13612142735742536,0.05559306235681427,0.09970111953006988,0.7152741181470219,0.8748735043945608
0.40439630253405934,0.13334424744296772,0.055022079039744015,0.09576270510035412,0.688278793030122,0.8762291047329761
0.3482522163581705,0.13175317908829182,0.05257271842286515,0.12048110912383403,0.6657033574159641,0.8695615044081111
0.31735899589225136,0.13061267757658065,0.05155398121919291,0.10555015000807899,0.6449638759030449,0.8672025029173909
0.29980772225898633,0.13231095904503754,0.0482125324873062,0.1042337845918695,0.6490437739055324,0.8640858402082829
0.2969398637915188,0.13349770710725414,0.04691963608462282,0.10628318486730148,0.6151126221843697,0.8640437614524753
0.2816456409462025,0.13533815389763518,0.04640117606140104,0.1000126394905575,0.6132426689332533,0.8609516373020172
0.2810450757066332,0.13363731569186976,0.04419218753520643,0.07867246989901167,0.6224224394389921,0.861495117653344
0.32090213262145983,0.13473091984721514,0.043390327489045255,0.048781365284970124,0.6327921801954517,0.8663150176639794
0.3531219203678231,0.13419338817719614,0.04425734917746929,0.0656271496416011,0.6571185720356425,0.8707011189223081
0.3568933131644596,0.13326602737267995,0.04292014108735037,0.07094963395312648,0.660161495962484,0.8722996133419448
0.3599106546221722,0.13483109746357716,0.04381487418070412,0.07936853534036115,0.677178070548166,0.87371257366854
0.36232429756419915,0.13452076676802197,0.04569113771120706,0.07955508993237781,0.6758691032723618,0.8749775939484008
0.3642472045106211,0.1323768155919067,0.04546976741056444,0.0668073119393311,0.6861538461537293,0.8761219146392343
0.3657657232821281,0.12993532098263533,0.04244203081747272,0.07573953627484165,0.6730131746705865,0.8771030140509611
0.36694712263233376,0.12895936250204676,0.04361882484431037,0.09630886769264824,0.6857628559284876,0.8779995130168009
0.3678445340255827,0.12942507309676207,0.04518453028969441,0.07673902096642515,0.6868508287292343,0.8787738728572302
0.36850039467373596,0.12854524257519018,0.0434660469109818,0.08596390331452886,0.6634594135146017,0.8792782642590831
0.3689492288115277,0.12834488734246613,0.04394705669687049,0.10194501627031627,0.6772290692731531,0.8797598888393725
0.36921917960387685,0.12707309826392532,0.04171195039286674,0.07688090252395507,0.6648533786653843,0.8802220907518498
0.3693335128931463,0.12685058344924174,0.04155020609361401,0.08071118835553093,0.6784530386740926,0.8806673061350085
0.36931166099873325,0.12654089461990597,0.04322858318979253,0.09099245891381313,0.68253293667658,0.8810977275134942
0.3691699536270976,0.126586299056235,0.04316816037484236,0.09047643572878628,0.6830429239269051,0.8815150823309656
0.36892218607921157,0.12470918901043507,0.042683730930757474,0.09828075528957525,0.6821929451763253,0.8819209208573742
0.36858009797159896,0.12437329094179442,0.04317976950574143,0.10200732026241388,0.694772630684156,0.8823164611619665
0.3681538582151611,0.12646927915634393,0.04585815647355462,0.10052913918795225,0.6795580110496076,0.882702854873849
0.3676520837885504,0.12322426101262748,0.04151907724385906,0.09091335786074861,0.6782830429237947,0.8830809657148516
0.3670823497481641,0.1223928028881763,0.04100851895511004,0.10885047466786801,0.6937526561836194,0.8834517017002309
0.3664511923570406,0.12353757754825631,0.04333412999933556,0.08859325885100877,0.6653633659158231,0.8838157936715355
0.3657644219744225,0.12082198282022716,0.040921179335419416,0.0964606765911753,0.668474288142761,0.8841737952966044
0.36502706047784805,0.11949968477038123,0.04170218942675327,0.07615966134583696,0.6714832129196111,0.8845263709768458
0.36424353838357426,0.11669862707497561,0.03924623296429208,0.09052194265991675,0.6621334466638018,0.8848737421793952
0.3634178325179871,0.11879717202683368,0.040250195916534115,0.10592115459582085,0.6827029324266505,0.88521657330566
0.3625534923003255,0.11737149596916954,0.03820163252047579,0.10315087052654659,0.6787590310241285,0.885555196556344
0.36165358467411757,0.11661763392806859,0.03974438752195275,0.07671757790987155,0.6659413514662447,0.8858900548657189
0.36072089560806075,0.11633863488607626,0.04088370696437629,0.09060592796475186,0.6618784530386392,0.8862212589673525
0.35975800956997084,0.11586269913005495,0.038138839185183765,0.09716571634878601,0.6629494262642766,0.8865491964287329
0.3587671856225163,0.11548608993657827,0.038881314487394125,0.09986837537118831,0.6647683807904059,0.8868740333502115
0.35775040122775525,0.11457194013344169,0.037661525728866385,0.09536207732707702,0.6566935826604094,0.8871686953744333
0.35670958378541595,0.1154481501004333,0.03842168586537295,0.11006121317586892,0.6647683807904059,0.8874520625747276
0.3556463693950396,0.11276346865077111,0.03868976050750292,0.0974104451590454,0.668474288142761,0.887731886300849
0.3545622824545922,0.11307400495806791,0.038933826714387526,0.10063933267301961,0.6458648533786118,0.8880083880199326
0.353458711880859,0.11187383134308918,0.037535662386907254,0.10465760263371571,0.6602124946875847,0.8882819442261097
0.35233695929443387,0.10998286485383385,0.03576862871529263,0.10058088048922886,0.6571185720356425,0.8885527542398026
0.35119814483996503,0.10870127792882395,0.037037775647137644,0.10224561615570715,0.6578325541860295,0.8888209509412928
0.3500433667598295,0.1101250319636862,0.037412964165479234,0.10060399133907016,0.6539736506587133,0.889086645064148
0.3488735762383084,0.1098537049215477,0.03609264409609622,0.10033519865423379,0.6514237144070876,0.8893499805620066
0.34768969317072607,0.10830121111752342,0.036138018201612165,0.0982057840103655,0.6399999999999864,0.8896111456819341
0.34649254358553794,0.1086893345685295,0.03604066307814302,0.109720149448574,0.6463748406289369,0.8898702622308551
0.345282847128745,0.10721484807133863,0.03605095303992564,0.10351115358601182,0.6398980025498986,0.8901273855755536
0.34406135473530775,0.10504298018449917,0.03499211176709033,0.10724407205708852,0.635988100297368,0.8903827371831657
0.3428287266022094,0.1061235861019193,0.03488577257072903,0.10275413427094027,0.632724181895469,0.890636317053691
0.34158557599300066,0.10338498073811328,0.034072832389337976,0.11268127672117567,0.6393880152995735,0.8908882359206977
0.3403324442066302,0.10331315966280963,0.03371636898966299,0.11484770049228099,0.6214534636633289,0.8911386488111804
0.339069877548281,0.10477740848319719,0.03428998621822413,0.10007768342877021,0.6347301317466645,0.8913471158261372
0.3377983259531496,0.10332679440316975,0.034098695629482034,0.10119097515754394,0.6380620484487736,0.8915505887571811
0.3365182575040264,0.10116131657167346,0.033414257128283026,0.10208661986229828,0.6198895027623621,0.8917528436189778
0.3352301196329912,0.10258465044341158,0.03328682007954237,0.11165097756313724,0.6143136421588906,0.8919540465118794
0.3339343316120629,0.10143199995966434,0.033715572176102715,0.12967180170954384,0.6354441138970515,0.8921543081694535
0.33263117504185047,0.09901458695515439,0.03074748593148191,0.09303284516361987,0.6049298767529763,0.8923533517577809
0.33132104729210354,0.09881829031941661,0.03297414822511771,0.10458620519726491,0.6074628134296063,0.8925516312844893
0.33000433634588466,0.09783210488959385,0.03167783216423814,0.12641924741463262,0.6159286017849581,0.8927488920623732
0.3286812674836801,0.09732184806407965,0.03073376303127709,0.12085572726369886,0.6044368890776468,0.8929452226782864
0.3273521535950574,0.09546670450399494,0.02983982675148364,0.1010147847095283,0.6299702507436677,0.8931408888927921
0.32601725437835594,0.0952580425569104,0.029540609979372717,0.12203787502962837,0.6084827879302566,0.8933357135321818
0.3246768483052893,0.0969697513660576,0.030645104242470023,0.11760067127885643,0.6005949851253263,0.8935298959168776
0.3233311543985544,0.09568836111314838,0.029895227427633064,0.10713229019746162,0.595206119846921,0.8937231259928892
0.3219804226569143,0.09414929464981445,0.02921950739480611,0.1266829175915144,0.611474713132111,0.8939158577678452
0.320624841439888,0.09185827922854048,0.028616328383158585,0.11300590077177941,0.6001699957500932,0.8941079251413938
0.31926461694169905,0.09322172465770026,0.02885115819285694,0.10887890657248356,0.5985550361240257,0.8942991620131829
0.3178999431538796,0.09364714786656006,0.029834280043755684,0.0934039688794539,0.5840713982149737,0.8944900113174844
0.3165309952945856,0.09153984921829458,0.028973059600724688,0.11349599374212194,0.6000169995750184,0.8946847362966629
0.3151579767420354,0.08837283838141152,0.026817105657079676,0.12408660024587259,0.5828474288142615,0.8948905457059897
0.31378101265205594,0.09158717567742544,0.026757729766612837,0.12004176472066841,0.5774245643858649,0.8950958346675473
0.3124002719850125,0.08845638826562707,0.026219738957680205,0.09865346737996872,0.5646068848277537,0.8953007471349739
0.31101585799446196,0.0864710191680563,0.026831877695138867,0.11743369340328591,0.5768635784105527,0.8955049398342092
0.3096280022186839,0.08678709984066343,0.025081211902074962,0.1085980422409949,0.5691117722055878,0.8957088003327406
0.30823672030215565,0.087759221427361,0.026278579212364844,0.10207506443737768,0.5790055248618273,0.8959122843371412
0.30684221562309544,0.08607990987697661,0.025920787790089383,0.09568118177608631,0.5553421164470365,0.8961151925269887
0.30544459456395634,0.08488228405966547,0.024820786670123662,0.12675896102355177,0.5834594135145608,0.896317834956273
0.30404394598537454,0.08460606703393336,0.026110239067529795,0.11341796484188504,0.5686357841052541,0.8965200344512858
0.30264039566895695,0.0840393295569668,0.024298608183620507,0.12177138548790334,0.5545771355715488,0.8967217910120269
0.30123405124871194,0.08339096421858655,0.023000443957955308,0.12045478181550984,0.5632469188269624,0.8969232153720643
0.29982503475157296,0.08107437248458621,0.023812596179270118,0.12945359875442852,0.5546281342966495,0.8971243075313978
0.2984133931109727,0.08124572752210427,0.023572224088585836,0.1115442387927369,0.531321716957109,0.897325001049887
0.2969991889048256,0.08077619076106707,0.02277459158103612,0.12309676492973809,0.5357756056097287,0.8975253845143859
0.2955825754490191,0.07940528788343595,0.020305443427410308,0.13974912497438252,0.5411474713131383,0.8977254800716085
0.2941636090636748,0.07882641037407428,0.021214685167674163,0.12924369505638678,0.5415044623883887,0.8979251326945591
0.2927423398111233,0.07794487238108305,0.022058490807671027,0.12363967135418508,0.5323416914576455,0.898124718877369
0.29131891474946103,0.0800617543244351,0.023287783781276106,0.11302206248292257,0.5353166170845043,0.8983238842726209
0.28989331823420894,0.07777777261265192,0.02183157601267144,0.11100844034444379,0.5162260943475303,0.8985227617605963
0.2884656754211945,0.07601703881259542,0.020216523460825087,0.10339679061772566,0.5287377815553782,0.8987213070478678
0.2870360207282694,0.07682845426206145,0.021350043871226576,0.11969144871156412,0.5298087547810155,0.8989197416015715
0.28560445428009507,0.07518622434229186,0.02121020309139754,0.12752729750735992,0.5303527411814457,0.8991177332210034
0.28417099172114924,0.07386562482422435,0.020063225385311356,0.10219939445602488,0.5117722056947969,0.8993156141068676
0.28273572066051056,0.07296554601592567,0.02055794479117884,0.10526146293188454,0.5111092222693969,0.8995131184986007
0.2812986473559711,0.07187576802690218,0.020204380907514863,0.10725860568430812,0.5090862728432057,0.8997105453768363
0.27985988726378075,0.07285726908487297,0.019899898525793103,0.11939759941805139,0.5150531236719189,0.8999076511277251
0.2784194566541953,0.07081030586123269,0.018331027959877955,0.11642428137070537,0.5031874203144753,0.9001045907782619
0.2769774553389892,0.07113256203780047,0.019287491970443382,0.11375589152942489,0.4980875478112239,0.9003012535948788
0.27553383012693367,0.06847793566097507,0.016236280364517408,0.11047839975392904,0.49256268593273944,0.9004978499713551
0.2740887312050213,0.06971455619206199,0.018481681057045785,0.12989794653745668,0.5029494262643084,0.9006940255602733
0.27264212290384204,0.06580156807738613,0.016767414150089643,0.11344119481981818,0.4856268593284767,0.9008901900758347
0.2711940859489035,0.06790374252346543,0.01745448877615058,0.11054618363825697,0.4842498937525761,0.9010860223906924
0.26974465976429096,0.06893233760990264,0.018507809901709915,0.12139200222435975,0.4799999999999045,0.90128185470555
0.26829388189675285,0.0653164674014742,0.015980870631253863,0.11232099366171056,0.4735231619208662,0.9014772440861359
0.266841793021932,0.06598316794342024,0.016792757248048518,0.11726611988725566,0.4698682532936118,0.9016726888335059
0.26538840878430703,0.0637980693879911,0.01610382339034694,0.11659507134521863,0.48375690607724664,0.9018679121137401
0.2639337604728351,0.06324327527131901,0.015660020370981353,0.1335306782831912,0.4815639609008713,0.9020629139268384
0.26247794508328104,0.06266738360203097,0.014452095281017763,0.12776992172132806,0.4528006799829427,0.9022578050063688
0.26102090942441913,0.06195889917833616,0.015375059921486411,0.10901082107965243,0.4443348916275909,0.9024525299855473
0.25956275049201416,0.061812485739037804,0.013999850464655184,0.11916446574207651,0.4549086272843397,0.90264703349759
0.2581034369971107,0.0614539882581035,0.01492887752829497,0.1117355585084322,0.44088397790051204,0.9028413709092807
0.25664305341989024,0.059191311498606014,0.012479782515936177,0.1387234718119308,0.4630684232894282,0.9030357083209716
0.25518159663145834,0.05919962536467924,0.013510925664067752,0.13511611434978488,0.46510837229072877,0.9032298242655264
0.25371908978564184,0.05777693514708876,0.012585847254293347,0.14100866629072495,0.45036974075640046,0.9034239402100813
0.25225557731275927,0.05799860248381131,0.01281488688545368,0.12578377846272915,0.46318742031451166,0.9036177239539327
0.2507910980111179,0.055860615836130556,0.01078003532274513,0.14141429744386458,0.4581385465362473,0.903811441257643
0.24932565188071631,0.0547789371617978,0.010266575304614056,0.12652209466736208,0.4247853803653925,0.9040049592409313
0.2478592608238257,0.054992290632447066,0.012668184655522219,0.12980351766989273,0.43076923076921503,0.9041984550775061
0.2463919686449838,0.05420581678120079,0.01121433191366239,0.11282550113118084,0.4186485337866088,0.9043918623272263
0.24492376595750454,0.05404361593600421,0.010739929040211038,0.10676748027050187,0.411253718657008,0.9045851366966652
0.24345470595261443,0.052924855631056617,0.010733069803479656,0.10281075982398757,0.40594985125369476,0.9047866274968432
0.24198481053258147,0.05101257703780279,0.009630155887276892,0.11810108868383606,0.40263493412658136,0.9050288018098733
0.24051403902176416,0.05149640828470142,0.010709594790645427,0.11866643089893636,0.40203994900116413,0.9052709761229034
0.23904248841592635,0.049408090282077544,0.01022488867518545,0.13315332019721116,0.3968720781980437,0.9055130397023655
0.2375701274261126,0.04946777132498606,0.009059438174726764,0.13127288326554887,0.407649808754627,0.9057549925482598
0.2360970170657879,0.049629954290900724,0.008924876284734595,0.1203704788357628,0.4106417339565951,0.9059968346605862
0.23462310101482986,0.04694634559815125,0.008063655841703599,0.11817252582965077,0.385618359541013,0.9063373403819247
0.2331484840912439,0.04750051393995758,0.00902302822176404,0.1153657885642354,0.376642583935336,0.9067126164435886
0.23167315690834256,0.04635808146580361,0.00757709934808698,0.11850691838379568,0.35025924351884896,0.9070876710381166
0.2301971288528133,0.04670443891434284,0.008131991457981547,0.10906014010972576,0.37082872928169763,0.9074627256326445
0.22872038115128124,0.04464914394534747,0.007437524172778043,0.1118463873433233,0.3571950701231117,0.9078377359337455
0.227242963866078,0.04634209738780476,0.007478161664352279,0.11454837130653783,0.3578070548236383,0.9082128348217007
0.22576487386830735,0.04106651132193012,0.005474715622773796,0.09885677932358838,0.351007224819341,0.9085876015089523
0.22428617373588233,0.04324009561982983,0.006954146079918566,0.11427747402541,0.3414874628134612,0.9089623903429174
0.2228068165353685,0.04291015135205456,0.007847551150671817,0.1321041988006424,0.3784105397364783,0.909337046296601
0.22132681916280195,0.042174186472113406,0.006678946596537061,0.13268717197335334,0.35342116447088756,0.909711724396998
0.21984623856408447,0.04097614943131905,0.006969185935868816,0.13588135350320174,0.3476753081172319,0.9100863360572545
0.21836508537746147,0.041132164044985875,0.005454135699208551,0.11410084677439059,0.3400254993624685,0.9104609477175108
0.21688331892728785,0.03677541215409985,0.0032971259775961825,0.12124523641505935,0.3334806629833338,0.9108352714704907
0.2154010236937478,0.03875162705934909,0.004993708050256118,0.11211815823045868,0.3360815979599465,0.9112097834705359
0.21391814335671855,0.0367920398862463,0.004718774171394713,0.10454661496136863,0.3126221844453312,0.9115840075633046
0.21243473736521823,0.03672468863141215,0.0037599197201484413,0.12915605649006479,0.33140671483215556,0.9119763808878546
0.21095077443029053,0.0370098631773651,0.004426157671608033,0.12069772370438969,0.3414364640883605,0.9123994495574306
0.2094662920986825,0.03407261899189529,0.0026950093840290568,0.10644666831884109,0.3183340416489955,0.9128223964200819
0.20798132478824716,0.034829252321687376,0.0030815569223465733,0.1270094476915895,0.30769230769226397,0.9132451218155972
0.20649578363834653,0.03277992903283922,0.00198444203816589,0.09132323791583508,0.2571355716106609,0.9136680133114646
0.20500980882350817,0.03217653902802292,0.0020551592416406805,0.1415342197231091,0.2847428814278601,0.914090683340196
0.20352335215873785,0.0318945648735261,0.002472578878677023,0.10418649073935948,0.2909817254568452,0.9145134087357114
0.20203641990182675,0.030514927966697636,0.0016731092731966934,0.11183784983006584,0.28090097747553955,0.9149360233976591
0.20054902769725302,0.029061753573505267,0.0,0.13137326853771103,0.3173820654483279,0.9153585826928227
0.19906117241612176,0.02910373412735462,0.0017314094653571588,0.10955102726734811,0.2807989800254518,0.9157810755478456
0.19757284780064088,0.08103686175120633,0.027986770415923845,0.13168510617311058,0.4434679133021291,0.916203590549582
0.19608410704203738,0.11972326519026472,0.05111888781471535,0.11455671027297532,0.496387590310178,0.9166259283776096
0.19459493762472801,0.15345633874001627,0.08075342440587699,0.11045322401716062,0.5566510837228407,0.9170482662056375
0.1931053517514063,0.17718750957659035,0.1184384340010616,0.12660079862678675,0.6159796005099452,0.9174706483270925
0.19161535630564197,0.20708156875250783,0.18467538723036325,0.5140198079043634,0.9659158521036488,0.9178928311281251
0.46083107219073227,0.20736866710919083,0.1881999547852572,0.48804325239228064,0.965745856353692,0.0962938734523923
0.44615249492340636,0.20710863798527102,0.19355804567662904,0.4825462057166634,0.9688907777305076,0.09606282786293768
0.44750295069644963,0.20729577327697452,0.19692535543528883,0.4985437980585061,0.9677348066297782,0.09607978117218546
0.4293075701115847,0.2070229533147992,0.19958870033378073,0.5450486255060314,0.9624649383764563,0.09639211627384646
0.3887760744177222,0.20654659560772556,0.19532877346444397,0.532309980666702,0.9593710157245141,0.09709350269301999
0.389509994441958,0.20552459797630132,0.1900192284392321,0.5528592985650584,0.9638249043773612,0.09709485364254854
0.39037193448375707,0.21157067381542338,0.19614830285130436,0.5437680779361391,0.9617509562259556,0.09711282570062116
0.39080053999820485,0.20810910538545785,0.18510230222899293,0.5605519553943126,0.960305992350186,0.0971188939001429
0.3914771195676523,0.21356308735005408,0.1888134149052033,0.524000041774251,0.9597960050998608,0.09714127315421851
0.4097791532544952,0.2093107754963298,0.1850864721995954,0.48501712089083027,0.9688907777305076,0.09688329162436858
0.4540764184937114,0.20981761737900528,0.1844447783191634,0.4846460765937244,0.9674458138546242,0.09619401392084657
0.45533560969941966,0.21078398541279456,0.18523581276775977,0.5029790957598064,0.9641308967275108,0.09621673644898271
0.4565806745669949,0.20925578597698602,0.18261151837383455,0.501857782739507,0.9636719082021727,0.09623917106984231
0.4578117745474515,0.21191680956086734,0.1886152606529878,0.4824607114559969,0.9688057798554155,0.09626138422356605
0.45902921345655967,0.21259202779270003,0.18909046255337042,0.494528943103113,0.9656098597534992,0.09628333161672678
0.4602331981143215,0.21152058679517055,0.18402445916611598,0.4730794933418714,0.9746706332341546,0.0963050464693949
0.461424040471635,0.2109472464994065,0.1849350200754963,0.48124028386318285,0.9706247343815448,0.09632652878157043
0.4626018362727069,0.2111648606029273,0.1839394967068802,0.5036321559599566,0.9681257968549062,0.09634776747989651
0.46376691029690686,0.2094346091905445,0.18369490371769742,0.5059060729793783,0.9680917977050285,0.09636879024776517
0.46491941210544896,0.21270307601244387,0.1854284313791023,0.5111595821256558,0.9720866978325375,0.09638959154849801
0.4660595672917087,0.21016588075899267,0.1853753923698107,0.4976046716001845,0.9756056098597128,0.09641016584541662
0.4671876756038911,0.21422722221505067,0.1857310655960384,0.4814679773562913,0.9724436889076742,0.09643052974855618
0.46830380087146795,0.21246755759605046,0.184797288638231,0.49836550301419913,0.9707777305567333,0.09645068325791671
0.46940822438215957,0.2092764580026933,0.18465507069794712,0.4974862185674078,0.9731576710581749,0.09647061530014141
0.4705011310536982,0.21290129288305532,0.18458937120653107,0.4963098683686207,0.9705057373565751,0.09649032587523027
0.47158268233710077,0.20942096729847165,0.18375506314149853,0.4835396148755564,0.9723756906075778,0.09650985927661047
0.4726530412478316,0.2117524810811273,0.1838825024036102,0.485260777548262,0.971933701657349,0.09652919335756843
0.47371243963705956,0.21124968706786895,0.18383844082709777,0.4938291846909124,0.9707777305567333,0.09654832811810413
0.47476103426245553,0.21153721095146066,0.1847445174468305,0.49365271627734897,0.9747216319591416,0.0965672635582176
0.4757990310053559,0.21247736080630414,0.18521153872799426,0.5023348510384613,0.9723756906075778,0.09658601075126562
0.476826565972722,0.21128059319452314,0.18305242187718915,0.47463367813900637,0.9761495962600293,0.09660458077060495
0.47784382627251265,0.21190764464097672,0.18437221737764492,0.5009117468518516,0.9789205269867125,0.09662295700620045
0.47885090983916356,0.211833899754943,0.18617196909939304,0.503728252620808,0.9726476838078497,0.09664116714144406
0.47984804320471985,0.21239189426307126,0.18549307066580897,0.4941165216487313,0.9786315342116723,0.09665919456630062
0.4808353518378987,0.21156491668665872,0.1871688116371256,0.5023340568511816,0.9779855503610406,0.09667701159737814
0.48181301126974496,0.21103804285656716,0.1863988838943926,0.5091156220330901,0.9773565660858594,0.09669470682153096
0.48278113664362055,0.21181876673076153,0.18475533419091128,0.48191176920822354,0.9763365915852091,0.09671221379861832
0.48373992570573066,0.2131257243567562,0.1836181218776805,0.48651412420382245,0.9792775180619628,0.09672953252864024
0.48468945292379173,0.2116791617220023,0.18499042739175872,0.48377390012308696,0.9779855503610406,0.09674669623166707
0.485629967357899,0.21011920689365038,0.18318962210541426,0.4943658567452134,0.9807054823629642,0.09676371598105558
0.4865614877814264,0.212046184044536,0.18446746979866335,0.5024418280650458,0.9745176370590798,0.09678055855673544
0.48748420380545143,0.21213335805918823,0.1863848953896677,0.4841785385421271,0.9738546536335662,0.09679725717877703
0.4883982577947257,0.21344372526423705,0.18555349348075917,0.48985602456770705,0.9818954526136849,0.09681378970046674
0.4893037332907637,0.21164761730498505,0.1854772406364114,0.5119899843453775,0.9825754356139669,0.09683017826851817
0.49020080488594386,0.20889430623183444,0.18350809520523192,0.4896164976841302,0.9777645558860968,0.0968464007362177
0.4910895845947296,0.21198885233926626,0.184055853620391,0.4889253959132791,0.9740756481087374,0.09686247925027897
0.491970166909772,0.21095662775860782,0.18236138531703683,0.5072773167366194,0.9781555461113385,0.09687843595741549
0.4928427251718892,0.21446913247471538,0.18736037225712976,0.49204702843512127,0.9789205269867125,0.09689423763755697
0.4937073466772701,0.21124542643499744,0.18538357298902958,0.47588869258785427,0.9811134721630879,0.09690987321734655
0.49456410245184745,0.2140854842079634,0.18845853185242284,0.4987319013157183,0.9761495962600293,0.09692539806356824
0.4954131642719921,0.21431077209926622,0.18839468052579245,0.5092966967328765,0.9786315342116723,0.09694076788279485
0.496254647593954,0.21224994349252962,0.18512130401903462,0.5110359668755604,0.9875053123671478,0.09695601035841836
0.49708860905074514,0.2109525745254061,0.1818716703430021,0.4817415748741698,0.9785805354865715,0.09697110888040354
0.4979151866266629,0.21152762050466134,0.1836152201482985,0.5053704730779052,0.9834934126646431,0.09698609666882084
0.4987345045388665,0.21414111380559836,0.18279041187160128,0.5111361536009027,0.9799405014873628,0.09700092943024306
0.4995466566542257,0.21466394155420093,0.1888379523361179,0.48238705058579856,0.980909477263026,0.09701564592141897
0.5003517227595791,0.21512964678513172,0.1858978209672369,0.5186334006499709,0.9821674458137295,0.09703024060567017
0.50114978013865,0.2137438254347017,0.1868416311357909,0.5238722173315729,0.9864853378664975,0.09704470240963986
0.5019409605179459,0.21395504411909477,0.1869213147051898,0.49772372027342127,0.9858733531660846,0.09705904794336324
0.502725388427514,0.21403902131814723,0.1853941241285903,0.5089617085382718,0.978376540586396,0.09707328274351872
0.5035031051687766,0.210745401922502,0.18176348740859716,0.5025327227992149,0.9793455163620592,0.0970873680533575
0.5042741945961384,0.20964838282431797,0.18180860918981898,0.4935129393161104,0.9823714407140187,0.09710136477634194
0.505038800951688,0.21355626461608948,0.18530256803714318,0.5018630243755535,0.9811134721630879,0.09711521754568811
0.5057970102800575,0.213722511542775,0.18633845886607142,0.4932189708945056,0.984496387590184,0.09712898172817995
0.5065488382257244,0.21314128469577456,0.1860569291416277,0.4844540421094774,0.9871313217169018,0.0971426019570335
0.5072944212085408,0.21297034982138063,0.18711023920033207,0.4973515244047597,0.9827794305142561,0.0971561446723895
0.5080338462118039,0.21292132840632771,0.18563581760176204,0.48966371211791215,0.9887632809178513,0.09716956558082078
0.5087671733103125,0.2126195261282283,0.18562420404412097,0.49994990663732874,0.9818614534636936,0.0971828536089706
0.5094944957451553,0.2122601740176202,0.18406482883979913,0.5082130281896378,0.9869953251169363,0.09719606412362286
0.5102159267823572,0.21348571654565554,0.18648701147415953,0.5088195887245579,0.9857713557159968,0.09720917497806397
0.5109314595383463,0.21287656762414633,0.18379939032253106,0.4827439583493247,0.9854143646407465,0.0972221640255804
0.5116412808081958,0.213388952084204,0.18722448455790813,0.49134766711656064,0.9848533786654343,0.09723503680285053
0.5123453652478474,0.21279429610858505,0.18718992055636,0.4893857465699947,0.9871313217169018,0.0972478209932663
0.5130438580380625,0.2143231356226848,0.18671920294562494,0.5034099820684428,0.9821674458137295,0.09726051106014938
0.5137367472890371,0.2126883685151711,0.1847307989733677,0.5088357901450653,0.9846153846153811,0.09727310146682129
0.5144242044642531,0.2143907014289015,0.18339120708268092,0.5050740029663687,0.9840373990649596,0.09728559221328212
0.5151062392632868,0.2111678446550727,0.1834592837345518,0.5038238330599278,0.988814279642952,0.09729798329953179
0.5157829302214201,0.21197627426446514,0.18519913721027692,0.48355522065560397,0.9872843178919766,0.09731027472557037
0.5164543455485764,0.21229576809198275,0.1836748505764304,0.5008827590161402,0.9867233319166644,0.0973224775647546
0.5171205797374081,0.21141934357360861,0.18304529482256665,0.5079715952565895,0.9825244368889798,0.0973345918170845
0.5177816866049172,0.2131314814855209,0.18598199546639643,0.4827380416540905,0.9881002974924513,0.09734661748256004
0.5184376620835427,0.21546065129432235,0.1879804260092872,0.5101522349800027,0.9912962175944813,0.0973585545611813
0.519088670753193,0.21591634055154513,0.1867511286089401,0.4890005260299448,0.9833404164895683,0.09737038090623462
0.5197347166814348,0.21471040444401712,0.18614637589051108,0.494606694037802,0.9866213344665766,0.09738210759107681
0.5203758790293271,0.21467609052623698,0.18807224770525438,0.4921704451383966,0.9922651933701445,0.09739377890913506
0.5210122319516977,0.21539585677679673,0.188410506128448,0.49383236144003173,0.9846153846153811,0.09740535056698219
0.5216438011054909,0.21508616973538913,0.1862759311352995,0.5028100927066725,0.9914152146195647,0.09741686685804532
0.5222706578295284,0.21389685778415124,0.18660759149953982,0.5030813870814401,0.9927751806204697,0.09742826134218378
0.522892843112341,0.2144695597895523,0.18678147171198978,0.5184711481887152,0.9867233319166644,0.09743960045953827
0.523510473035961,0.2124029758419792,0.18479544047344537,0.47937779556404303,0.986655333616568,0.09745082884332484
0.5241235801409014,0.21395589517291216,0.18626827287163683,0.5035792233777605,0.9906332341690813,0.09746199078697068
0.5247321832005372,0.21369416394135754,0.18446430246476123,0.49998858355785347,0.9936761580960365,0.0974730641437622
0.525336336970541,0.2147583602538701,0.18634083602652626,0.48735993365677155,0.9911942201445072,0.09748408213376973
0.525936131563109,0.2163421892873136,0.19005854454831891,0.5123327158659599,0.987743306417201,0.09749500046356614
0.5265315391310694,0.21390729928476795,0.1836716854558993,0.5002817180828145,0.9892052698681937,0.0975058523532218
0.5271227142418682,0.21032851070695432,0.18191018963852862,0.5074478287455848,0.9900212494686684,0.09751660458266637
0.5277096775462162,0.2134705799456177,0.18360387440854853,0.4908710753299741,0.9925031874203114,0.09752729037197015
0.5282924703455372,0.2144081748510808,0.18558516017966728,0.4908744903352771,0.9878453038672887,0.09753793186784679
0.528871132689694,0.21574476202300358,0.18704057777482463,0.4971650095221072,0.9852953676157767,0.09754847370351229
0.5294457305983875,0.2148702595274313,0.188156681168821,0.4989096404289295,0.9917552061198194,0.09755896017239384
0.5300162612556085,0.21739679157717046,0.1881213292071966,0.4945981565245443,0.9947811304716652,0.09756934698106426
0.530582846062511,0.21534619349552442,0.18793161453860707,0.50109294067973,0.9890352741180095,0.09757968949630753
0.5311454512270215,0.21340110105624005,0.18467591401266142,0.5083349359370819,0.9912962175944813,0.09758994342469646
0.5317041646711078,0.21447403676173452,0.1872532451006922,0.49087341818244923,0.9915852103696352,0.0976001419863014
0.5322590755682954,0.2141492131202891,0.18552051203947661,0.5022707998343485,0.9910412239693187,0.09761025749773046
0.5328101601389799,0.21406161536665635,0.18788675614853434,0.48296986492105365,0.9922651933701445,0.09762030656901874
0.5333574743903902,0.21822334005081795,0.18983215432224654,0.5020176923482875,0.9903952401190281,0.09763030581020146
0.5339010931031343,0.21344372526423705,0.18419437965784557,0.5068090242071064,0.9915002124945431,0.09764020539117306
0.5344410325474707,0.21353878940598198,0.18528146354465078,0.48717746912924564,0.9902762430939447,0.0976500717520743
0.5349773202576795,0.21430331107493855,0.18809916229662382,0.5068145835180646,0.9889672758180268,0.09765986059947798
0.5355100316401469,0.21567314655944153,0.1867944022253763,0.4932343781277331,1.0,0.09766958300674092
0.5360391532406217,0.2151744039914567,0.18699835993635583,0.4944393587779554,0.9909392265192309,0.09767925004721988
0.5365647779873046,0.20513754013049518,0.1378019198514456,0.5049915266173655,0.9778665533360709,0.09768883957420131
0.5370869446785016,0.19355713283401746,0.11818644171262324,0.5072214853708523,0.9733106672332497,0.09769838480775558
0.5376056705231402,0.1828277793549291,0.10446548927429186,0.5178638331758791,0.9786655333616636,0.09770784145445553
0.5381209849328377,0.168320994900507,0.09080654221117623,0.49002467023656493,0.9728856778579029,0.0977172648810851
0.5386329520499564,0.15142301025673613,0.07857241288913219,0.12322121407647735,0.875172120697016,0.09772662186757392
0.5367983741409588,0.1482244496390513,0.07681302641432525,0.1346148630481615,0.8722821929451356,0.8828036888607924
0.5349712592738931,0.14891437536815677,0.07630800155307815,0.12795957364373567,0.8765830854227943,0.8830717083885739
0.5331463527813858,0.1474490609425693,0.07555285691525934,0.10558767535704772,0.8659583510411721,0.8833398607966368
0.5313235964659775,0.14748700077871427,0.07538425116590422,0.13909789140497575,0.8735061623458478,0.8836080021313429
0.5295030141072754,0.14750212665118298,0.07482725635355891,0.11625031464707303,0.8690182745430093,0.8838763649331848
0.5276845631522966,0.1448922592686108,0.07367949068739643,0.13279474464039753,0.8651083722905923,0.884144561634675
0.5258681860293639,0.14403288443343545,0.07263409343001986,0.11083594286727905,0.8644283892901967,0.8844129798033009
0.5240539058923042,0.14315220464597433,0.07286840088416202,0.12796298864903866,0.8584785380364792,0.8846812872383589
0.5222416820654723,0.14210399598731704,0.07189741715983153,0.10987660434268764,0.8673183170419634,0.8849498161405527
0.5204314788794591,0.14382081827108134,0.0736845039727132,0.13729623785146616,0.8649893752656226,0.8852184557763144
0.5186233244943255,0.14109989551705257,0.07091693807390773,0.1290096083556762,0.8611984700381754,0.8854869846785084
0.5168171700992987,0.14125335339341086,0.0713124453380364,0.12792530446261385,0.8535826604334034,0.8857556243142701
0.515012967509386,0.1417058511988184,0.07170744352683492,0.15443745987616964,0.8601784955375251,0.8860243746835998
0.5132107242339363,0.1410792270672017,0.07184358797709267,0.13353611846605762,0.8508287292817158,0.8862932357864973
0.5114104327636011,0.13962754559404614,0.07155467666036136,0.1105964954024301,0.8499447513811447,0.8865622076229629
0.5096120411587113,0.13869570424149133,0.06933618391908941,0.146594820779132,0.8479388015298355,0.8867975164547822
0.5078155575543963,0.13738064730080596,0.06952563519652985,0.1309267764490275,0.8508287292817158,0.88703210551841
0.5060209300109881,0.13600058129121245,0.06915148696255863,0.12179294767254889,0.8464428389289651,0.8872665838484701
0.5042281372519954,0.1370357917119445,0.06948526330947569,0.13126688715158663,0.8470038249042773,0.8875010068117463
0.5024372018054688,0.1378397515008674,0.0700710186646051,0.12490211145409857,0.8408669783254936,0.8877356512421579
0.5006480930082287,0.13633179498800105,0.06971164689543508,0.12518047409565614,0.8337271568209417,0.8879704064061378
0.4988607995962515,0.13553275200159456,0.06843143310858615,0.1366248716345173,0.826128346791279,0.8882048958095545
0.4970752639978575,0.13453313029144054,0.06734804112461026,0.13563114480071214,0.8386910327241139,0.8884395845333936
0.4952915121828805,0.13276238230560422,0.06670898779578216,0.13546428605323357,0.8422439439013942,0.8886742843305893
0.49350947813162094,0.1334959978479066,0.06700529177165607,0.13541258446132087,0.8369740756480724,0.8889089841277851
0.49172920909040485,0.13194990482679464,0.0661139894033535,0.13834043528690032,0.837977050573727,0.8891435842647698
0.4899506321559626,0.12985817188133209,0.06577124890388333,0.13501707919599826,0.8307352316192009,0.8893783837221768
0.48817371510066865,0.12782569087601295,0.06548074396003145,0.1303734661712157,0.8217254568635326,0.8896132496197245
0.48639852363133285,0.1289412507895044,0.06461292545804714,0.14060192327539367,0.8418189545261612,0.8898478940501364
0.48462494729793804,0.1288984120301249,0.0645796806256155,0.13606874199186236,0.8206034849127946,0.8900826935075432
0.48285305681352453,0.12772871365110708,0.06315223339979495,0.13712310502447755,0.8240543986399871,0.8903175594050908
0.4810827845939478,0.12729753688933895,0.06489973407232774,0.14503872993252553,0.8187335316616782,0.8905524253026386
0.4793141231298583,0.1275650198858737,0.06280367173459273,0.12672139596521903,0.8153846153845734,0.890787357640327
0.4775470611572308,0.12769545818681413,0.0642506541728661,0.13367557775238414,0.8209094772630579,0.8910222235378747
0.4757815817800295,0.12744950005773223,0.06473007918511825,0.14342279707438887,0.8073778155545597,0.8912570894354225
0.47401766340887397,0.12541466971477433,0.06225538653713547,0.14065541178868568,0.8145856353590943,0.8914921325066788
0.4722552941539595,0.12343441409182063,0.061168831645999455,0.1254549849289066,0.8136676583085318,0.8917269873308696
0.4704944583708097,0.12244139877632051,0.06125801721710475,0.14696657984478967,0.8049978750530045,0.8919620193287692
0.46873517420701827,0.12317672894175502,0.06110550710166726,0.15063723403313278,0.8008499787504206,0.8921970513266688
0.4669774063060652,0.12350858450476304,0.06150683553152797,0.14542752431533412,0.8074798130046474,0.8924319725910004
0.46522107894867437,0.12005511538948821,0.05910074631771428,0.14979912819679753,0.8039099022523715,0.8926671153224679
0.46346627598925005,0.12079364415845065,0.059043486409924156,0.13837712673922553,0.7929961750955954,0.8929021473203674
0.46171289918046865,0.11929741645449624,0.05907593442879555,0.14865807962259592,0.8054398640032332,0.8931373454186188
0.459960981062844,0.11948305703823475,0.05959890972885895,0.1416248762010942,0.7935401614959119,0.8933723774165184
0.4582105141270283,0.11673912364842912,0.057953777465112044,0.16618078950713422,0.8045898852527671,0.893607409414418
0.45646143078887436,0.11820849667100289,0.05902211631291168,0.15081914262956286,0.8003909902251962,0.8938426075126694
0.4547138080192141,0.12024438189159156,0.06024744956579636,0.15106534068628985,0.7953761155970369,0.8940778056109208
0.4529676048295168,0.11590467968390433,0.05754004530416296,0.14594608889965643,0.7895452613684029,0.8943130037091723
0.4512227261013524,0.11469022946234605,0.05767830131035548,0.14389668862422422,0.7818954526136395,0.8945482018074237
0.44947922502594917,0.11357253476259838,0.056063514363029227,0.16470872367472678,0.7897492562685784,0.8947833999056751
0.44773709972596754,0.11331080710690014,0.056405736933685224,0.15704215589761295,0.7875903102421944,0.8950185980039266
0.44599633925027327,0.1121707275462413,0.05493712986073426,0.14243883874412466,0.7768805779854802,0.8952540175693139
0.44425689541387436,0.11200682459340996,0.05635191660443034,0.14860002453244514,0.781742456438451,0.8954892156675653
0.4425187535109596,0.11030811759804435,0.05485295536157472,0.13596438578330117,0.7744496387590516,0.8957244691326006
0.4407819739292158,0.11118667690267475,0.0554052002797524,0.13398483427912444,0.7759286017849263,0.8959598333312039
0.43904641962301394,0.11146695252539315,0.05474556260061708,0.15561150693184533,0.7694347641308923,0.8961951421630233
0.43731217601120465,0.11100976140849267,0.053852423134383876,0.1528659220869718,0.7588610284742572,0.8964304952882697
0.43557924716135243,0.10891185295906944,0.053745295977946334,0.13739860859182784,0.7720186995323957,0.8966658705602298
0.43384751605275973,0.10796573499993511,0.05284027070943895,0.15104707437885523,0.7738886527836257,0.8969012347588331
0.4321170778038539,0.10976057174224557,0.05332524242941902,0.15390936504449027,0.7687207819803916,0.8971365989574364
0.430387846682895,0.1065238585249614,0.052018357522010755,0.15928108896736093,0.7556651083722272,0.8973720628162508
0.4286598927771448,0.10694267176331093,0.053769567804340807,0.15015579770413967,0.7666468338290997,0.897607548821779
0.42693316039226126,0.10338220944942217,0.048797758846766404,0.155052955017987,0.7592520186994989,0.897843079120734
0.4252076282517536,0.10764006030467227,0.053338168516063544,0.16887129746415608,0.7720696982574964,0.8980783879525535
0.42348323440348823,0.1030377829633258,0.05092125591805602,0.1432416826652385,0.7536251593710404,0.8983139625449357
0.4217600708369962,0.10377609002919291,0.05055766546375853,0.16493196971906854,0.7676158096047629,0.8985494485504638
0.4200380768517036,0.10096991885917025,0.04879116300118408,0.1555885152100962,0.7447513812154511,0.8987848681158511
0.4183172599569578,0.10201387224874059,0.050509126237711505,0.16636603369013925,0.7473523161920639,0.8990203984148061
0.41659757196776726,0.10041533929388069,0.04759854337169089,0.14193615790539793,0.7456013599660309,0.8992561501808972
0.4148790391668551,0.098369638347541,0.04725870238823171,0.15716533434470437,0.746791330216638,0.8994915697462844
0.4131616771986999,0.09969791522924693,0.04827426340451785,0.15103313639209537,0.7403654908627004,0.8997272107788076
0.4114454159760381,0.09878290722058017,0.04847638844430874,0.1623407351720173,0.7481512962176566,0.8999627410777628
0.40973024298328875,0.098970264215379,0.04723811803792452,0.15158045055594493,0.7420314492136413,0.9001984374770698
0.4080162032765471,0.09769441653985192,0.046553411718834425,0.16386632922708066,0.7288567785803934,0.9004339788493818
0.40630328308867236,0.09718714555441135,0.04803020605111727,0.14870878848040892,0.7303017424563905,0.900669664175332
0.40459138354656377,0.09517832777865765,0.04574865215666224,0.15243932438964625,0.7214109647258056,0.9009053052078552
0.402880603523323,0.0977306578442185,0.04869511376660543,0.17290283035242426,0.7228729281766846,0.9011410569739461
0.4011709148588878,0.09349049675045837,0.04607716068059742,0.15464784008657928,0.7173820654483052,0.9013766426396852
0.3994622718713843,0.09240732515608885,0.04587477888977046,0.15850111763990427,0.7296217594558811,0.9016123390389924
0.3977546714319149,0.09532688494385319,0.04606660290092371,0.15318343816142155,0.7267828304292152,0.9018481350985104
0.3960480903866519,0.09251453826986983,0.04433598139564285,0.15750131527340883,0.7112622184445172,0.9020837318376063
0.39434254250273604,0.09065747089905507,0.04344572816519468,0.15157274693933132,0.7143731406714551,0.9023195943372653
0.39263804217308884,0.0908633508298794,0.04411302410799267,0.15972762076540836,0.7069783255417406,0.9025553461033562
0.39093454340294276,0.08920386740309763,0.042479768793035944,0.15656393602710283,0.7175010624733886,0.9027910535760201
0.3892320612109965,0.08995304507234655,0.04361170885654286,0.15965987659044456,0.7098512537185115,0.9030268496355384
0.38753061030306135,0.08805739421123923,0.04305761356020857,0.1613855661306446,0.7072163195920211,0.9032737854919887
0.38583009305759086,0.08747446883246038,0.04272937064079349,0.14760971270394296,0.6963875903101098,0.9035220058578268
0.3841305967707749,0.08847280144639103,0.04257079588881385,0.15073587209327954,0.695520611984648,0.9037703812506603
0.3824320726318411,0.08612083555319522,0.04278716175762373,0.15477852360346445,0.706060348491178,0.9040188009369207
0.38073448121670417,0.08674809439931855,0.04265258880077655,0.15761369277349546,0.6932426689332942,0.9042670655961862
0.37903787196191585,0.08391251181060666,0.039488176548386905,0.17765627947799822,0.6905227369314844,0.9045153302554515
0.3773421882344641,0.0852853367110396,0.041762880059594554,0.14902852827924207,0.6838929026773712,0.9047637056482849
0.37564743754369845,0.0830853268345243,0.03912511730312962,0.1677635650463407,0.6875138121546343,0.9050120810411182
0.37395365430747196,0.08320105942612013,0.03903092508682057,0.16248980412442915,0.6719932001699362,0.9052604564339515
0.3722607997274774,0.08210382577655354,0.039894263725899326,0.14987509221010686,0.6696812579684774,0.9055088318267848
0.3705688719263778,0.08253351140621304,0.040495315688015066,0.1640370397828661,0.6875138121546343,0.905757207219618
0.36887782897697186,0.08177132477146973,0.040631471205127806,0.1663696075328982,0.6805779855502578,0.9060056379792354
0.36718767525971296,0.07914249104668142,0.038354133782429245,0.16078468403477475,0.6577135571610597,0.9062540687388525
0.36549848461653855,0.07752669385724018,0.037423787549673015,0.164984783173173,0.6682532936677035,0.906502444131686
0.36381010279289283,0.07693971703318778,0.03624383061567524,0.16270038288165856,0.6653293667657181,0.906751040991655
0.36212267090197026,0.07673787782006788,0.03807102149771999,0.17233959273361532,0.6753081172970496,0.9069995271180563
0.36043608412576544,0.07682632662751798,0.03832405407052872,0.1699778783104159,0.6661283467913108,0.9072479578776735
0.3587503947168367,0.07752647930585763,0.03800163231684564,0.16834284524820087,0.6678623034423481,0.9074963886372909
0.3570655350910381,0.07584738230685578,0.0375512334518977,0.1640414872316328,0.6461538461538794,0.9077448747636921
0.35538156031693147,0.0742838033480672,0.0365142824182601,0.16653491761518124,0.6492137696557165,0.9079935159170884
0.3536983715214159,0.07405979382541861,0.03713064869433022,0.1558470628790235,0.6491627709307295,0.9082420684836304
0.35201610199544575,0.07398477235865883,0.03593380152622555,0.1734271527945247,0.6342201444963393,0.9084906210501722
0.3503345952942376,0.07337691253337303,0.03626784126429167,0.16538231361605904,0.6462218444538621,0.9086866194653818
0.34865396843848995,0.0701734458407409,0.03317414842874783,0.16877984679889124,0.6341181470462516,0.9088743571564248
0.3469741616662949,0.0716909856486938,0.035625357210412406,0.16968966774658945,0.6368550786229434,0.9090618955270457
0.34529517435187396,0.06960223854330483,0.03316017099087795,0.15668381859698333,0.6202294942626168,0.9092496332180887
0.3436169795867241,0.06933687424167265,0.034583921887127195,0.1540665744165196,0.614058648533728,0.9094373266157048
0.3419396286847345,0.06814010662989162,0.03284275145565663,0.1750129065360303,0.6174925626858112,0.9096250200133206
0.340263007128323,0.06807958526073485,0.03436096902621902,0.1754134945999435,0.6414619634508654,0.9098127798510771
0.3385872062812445,0.06786176196961605,0.03279841763451111,0.170999044314737,0.628134296642429,0.910000849742824
0.3369121964189885,0.06585549199152996,0.03172928197315117,0.16901508507115748,0.619379515512037,0.9101886538740078
0.33523795251039123,0.06521031810496494,0.03189577395320056,0.17702887152698443,0.6066128346791402,0.9103766130321868
0.3335644914514879,0.06641327194827568,0.032982061026445464,0.17550248328464113,0.6033659158520095,0.9105647050706472
0.33189181824851266,0.06406386279238843,0.031901847443226716,0.16486847444605146,0.6099447513811356,0.9107526199353988
0.33021989973517085,0.0633963040449122,0.03132769900562535,0.1688126864429096,0.6177985550360745,0.9109407119738594
0.32854872840211335,0.06189560652048831,0.028655905670023463,0.18011432881823308,0.6234764130896338,0.9111288925991741
0.3268783023720023,0.06116731185247279,0.030322673635302944,0.15668159487259992,0.5942031449212664,0.9113170842978455
0.32520861288392977,0.060597803086815116,0.029064084483131608,0.15861182734670332,0.585176370590716,0.9115052206297329
0.32353965117698813,0.06215903985967772,0.030321091075037415,0.19047124571491292,0.6050148746280684,0.9116934123284046
0.3218714460370182,0.058403353666963836,0.02866328726231107,0.1828936269131327,0.5840203994899866,0.911881770127428
0.320203983071099,0.05819616854856244,0.02723847394798143,0.18170413291486565,0.593846153846016,0.9120701279264514
0.31853719844975936,0.05710426292499546,0.027695211907475592,0.16631746913798162,0.5852273693157031,0.9123805141173171
0.31687118103363554,0.05607033981255863,0.027108925343306,0.1686361783199819,0.5847853803654743,0.9126995375264803
0.31520585447767413,0.053915957863395786,0.02740919125327132,0.16505427456015243,0.5665278368040845,0.9130185609356433
0.3135411962538259,0.054965435951066455,0.027086503895068142,0.14967976184864895,0.5699277518061763,0.9133378058119421
0.31187729021649524,0.0550918245946615,0.026756158273202296,0.16049047735698607,0.5775775605609397,0.9136630856676924
0.310214047505045,0.0534623962407165,0.025955095040601422,0.1628452823508516,0.5583340416488909,0.9140286725421637
0.3085515125497933,0.05201304801384604,0.027818169093310724,0.17567529843671792,0.5597960050997699,0.914394370150203
0.30688967471249473,0.051014508000245595,0.026073300118897857,0.17333439172024823,0.5527581810454194,0.9147599570246742
0.3052284820534821,0.0514217980414248,0.024856134205006042,0.17722773602183728,0.5811304717381063,0.9151257099994975
0.30356799589910954,0.050398101878222135,0.02477724966253836,0.1806075985376947,0.566374840628896,0.9154915737078886
0.30190819872756114,0.050408132155355695,0.025109963591375073,0.18714495113107588,0.5566510837228407,0.9158573266827118
0.30024900668443477,0.0496926211738829,0.024657984379532538,0.16766095604979514,0.5450573735655553,0.9162233011246709
0.29859050174679513,0.04710109078280467,0.022473528857510583,0.21047896759783402,0.5517382065448828,0.9165893309334139
0.2969326438647788,0.04811668763131666,0.023144246671875757,0.18323052115720873,0.5536761580959819,0.9169553053753727
0.29527549061006564,0.0440327557026059,0.022130788358040387,0.15843019671582126,0.5364385890352423,0.9173212908906886
0.2936189249619572,0.04562851736877477,0.022855069750624346,0.18398805669401197,0.5370165745856639,0.9176874203596428
0.2919630326521956,0.042649274750173716,0.02144450169205575,0.1776377352050158,0.5394815129620838,0.9180536162687376
0.2903077686246829,0.04480623131592698,0.022623396207973157,0.16262580869608867,0.5270718232043237,0.9184199893515411
0.2886531037806894,0.04212410660357335,0.0207347267330108,0.17812365869213964,0.5081682957926432,0.9187862295540631
0.28699909162433057,0.04004623010156616,0.020347652412395112,0.18583597165656807,0.5153591160220685,0.9191525361967259
0.28534573966495724,0.04145719151024474,0.021039751390627803,0.1821817571449158,0.52273693157656,0.9195190643065245
0.28369295998059973,0.038576213424844796,0.01912944400076194,0.1748602240314957,0.5085252868677799,0.9198854263159713
0.2820408286034235,0.04082034936903478,0.021374058946585006,0.16929503608727436,0.509698257543505,0.9202518990589857
0.28038930047733057,0.03934820505776998,0.01949672193114671,0.18740472979028655,0.5111772205693796,0.9206184936089253
0.2787383709089779,0.038170192812678916,0.01820595036462408,0.1647658654495059,0.5142031449213391,0.920985176745719
0.27708805053661134,0.03750712176495402,0.018582210154530043,0.18554791993019748,0.5145771355715851,0.9213518155890854
0.27543826364095425,0.03883453328941705,0.01975741276761811,0.17088841402666588,0.4898767530810346,0.9217185651660198
0.2737891666667909,0.03394792888007864,0.017325471380515323,0.1629223185169888,0.4750361240968459,0.9220853147429544
0.27214061787514776,0.03436269246108281,0.018227065923971497,0.18741799271785853,0.502541436464071,0.922452108613316
0.2704926410456312,0.03501042308495639,0.018333396266848823,0.18189954269505149,0.489519762005898,0.9228189246303911
0.26884526246096563,0.03542241537726948,0.017506215256438695,0.16133465872601171,0.485575860603376,0.9231858956744614
0.26719848086959175,0.03225967768875526,0.016426776353070216,0.17189099604864033,0.45198470038246796,0.9235528667185315
0.26555225371852975,0.03203693759512005,0.01670251811234691,0.18155776419920489,0.4691032724181241,0.9239199484961698
0.2639065691179754,0.030698011813127646,0.016602518010531808,0.17424544365823003,0.46697832554173146,0.9242869195402401
0.2622614558537686,0.031360224655322344,0.016708582748889034,0.17778366711767246,0.45978750531230617,0.9246541120514461
0.26061694584064554,0.0309985267829318,0.01729935360270618,0.1762940894557462,0.4593795155120688,0.9250213045626523
0.2589729617948837,0.027434238302721237,0.015537864425448522,0.18897761769786015,0.45779855503599265,0.9253883863402904
0.25732955628192933,0.029053868810197114,0.01580909976136763,0.177033477813207,0.4281682957924886,0.9257557338784916
0.25568667110432264,0.027657389619839656,0.015228877833740162,0.18120760702755678,0.43308117297067383,0.9261229928298383
0.25404433880258104,0.02515856330529853,0.013594037745146892,0.17487928452621004,0.43491712707179886,0.9264904068081803
0.25240256094115,0.025245742683735306,0.014248664352336404,0.16805221241317114,0.4414449638758242,0.9268577100529543
0.2507613062310732,0.02401103523580933,0.01270643170641561,0.17586844478315655,0.43354016149589825,0.9272251240312962
0.24912058593637587,0.02293404093332857,0.012391137007355058,0.1691643922797531,0.42351041223957964,0.9275926487432061
0.24748043447490975,0.023248215674487482,0.01265946397377915,0.17545356134820755,0.4342541436463989,0.9279602288218999
0.24584080616479875,0.022605169422465987,0.01337741512530094,0.18993667825690363,0.42918827029325257,0.9283276981670258
0.24420165594994359,0.02139667300177306,0.012150233707630576,0.17970841969954554,0.39721206969829836,0.9286954443460715
0.24350084370937441,0.01927829992631236,0.012644966393724089,0.1655750231594938,0.40071398215036425,0.9292239313723025
0.24091912556619022,0.019847808691969948,0.013536257695171638,0.17017058785385064,0.41383765405862505,0.9294736798613779
0.23928117747304922,0.019140397025187883,0.012700101465353386,0.18185042221179815,0.3872503187419625,0.929897169318512
0.2232170848439008,0.018867594942294452,0.011597200829376653,0.1636201311703538,0.39575010624730567,0.9330660429048919
0.2364802050952557,0.019081359636426987,0.011590596130310327,0.1805620121878363,0.3830004249892909,0.9308236992279704
0.23436525310379075,0.016564207057960967,0.010775553246468561,0.16685112328061935,0.3889502762430084,0.9311650243777114
0.2327297330336826,0.015617659996061573,0.010329899848946278,0.16724504017138253,0.3917042073948096,0.9315154518267351
0.23203251464267094,0.014056852325964098,0.008795582217724252,0.17378108235575174,0.38385040373987067,0.9320267530032257
0.22945429554350483,0.013852456375535616,0.009676592410873208,0.18280662369663447,0.3911602209944931,0.9322161074043603
0.22781982991123595,0.013066626178436846,0.008827777912301549,0.18225791970504523,0.3517722056948287,0.9325665791468114
0.21175926605061424,0.0137629348111728,0.007582123700258736,0.17397661126402975,0.379124521886979,0.9356622910648699
0.2250257892888916,0.013418508325076406,0.008918534976817383,0.16319313637938837,0.3668508287291843,0.9333470293334762
0.2229143247645311,0.01192548101257812,0.008702443566011575,0.16815144611377764,0.345261368465799,0.9336180608143049
0.2212821945399832,0.009824379323411514,0.006982379840404396,0.1741288966749246,0.33713557161070185,0.933968687583751
0.22058837256521224,0.010148763134522787,0.007729357139230397,0.17550569974312413,0.35806204844868716,0.9344802766675182
0.218013473537233,0.00991175537394895,0.006671033795209225,0.17401143637624739,0.30514237144063827,0.934669786095648
0.21638237522247517,0.007503094277918232,0.0060201035175910245,0.18947418329453258,0.32724181895446236,0.9350204793052347
0.2003251777406967,0.00771814628034595,0.004740144268407187,0.1660029709751949,0.320713982150437,0.9381164348371425
0.21359498037451674,0.005491925376597595,0.005307951398091315,0.17332537769462297,0.3199320016999536,0.9358012727659599
0.21148675425716634,0.005499595588523254,0.004878402487970668,0.16302433187307452,0.30679133021669713,0.9360724592737838
0.20985790280238303,0.005111043034752072,0.0048398898325571205,0.17586697553668906,0.3056523586908497,0.9364234293172903
0.2091674015245779,0.0028051162923919404,0.0026899983120832194,0.1796102978611307,0.3112962175945313,0.9369352398681934
0.20659567926436395,0.002847955051771489,0.0035968606785212742,0.17402787605293857,0.2856608584784226,0.9371249264700318
0.20496777242318087,0.0016153752383889497,0.0021572753261324684,0.20603417935854051,0.3068933276667849,0.9374758411467543
0.1889137876914675,0.0,0.0005411692096897736,0.17755962688605087,0.29234169145775013,0.9405718409720893
0.20218666853284084,0.0015350257456295813,0.002788935995817976,0.16042587022177734,0.29256268593292134,0.9382570221749674
0.20008163514062272,0.06579069747400437,0.04621357073537524,0.19296225382725796,0.2549936251592726,0.9385284744433542
0.19845586877696242,0.11958941015855742,0.07881014000147055,0.17590886891569657,0.42325541861453075,0.9388796105872126
0.1977685233033215,0.1410960693507307,0.09188807496351148,0.1611477070403552,0.46170845728863696,0.9393914211381158
0.19519983701056853,0.17798763425955047,0.1278643621460969,0.17614895173036937,0.5669868253293089,0.9395813735005171
0.19357497802665025,0.2146903689207447,0.16280607988224155,0.21618083517290287,0.8627624309391422,0.9399325760845162
0.180233324684409,0.2077209819344518,0.14335842838618204,0.5399548274217143,0.976591585210258,0.0960120011552647
0.4624459718997591,0.20275423543202373,0.14334048680084976,0.13361772120905324,0.903357416064523,0.09742884823009375
0.474003034882986,0.213221425000936,0.19620898684403262,0.5048537748336903,0.985567360815935,0.8791340891536578
0.5072229587960719,0.21313169603690343,0.2002829020144642,0.48972323645453053,0.9847853803653379,0.09719420379968188
0.5085478449208756,0.21333630653871444,0.19991772678653014,0.5219477030058841,0.9846153846153811,0.09724715659185883
0.47723705142661244,0.21194430432053923,0.19944675021138797,0.5572393208316873,0.9817254568635008,0.09767807627139999
0.44702661325290105,0.21300956623825168,0.19956812041021554,0.5706508408437969,0.9778665533360709,0.09815150656766372
0.4330634135483402,0.2151818650157844,0.2003185217939797,0.5574798007399999,0.9821164470887425,0.09924204396456085
0.44818325146150784,0.21406928557858199,0.19813222474728504,0.5686679537530452,0.979124521886888,0.09817720782877677
0.44762981583862427,0.21249292293325067,0.19043743824971576,0.5776932965471082,0.9775605609859213,0.09816008841917713
0.4480232259702195,0.215000272301463,0.1922295383479142,0.5344285546542016,0.985567360815935,0.09816383121377265
0.47795411077079564,0.21772182619414204,0.1908849353852817,0.5067402872980427,0.9813174670632634,0.09777750394203086
0.5095767966521971,0.21449087368147896,0.19122082328813347,0.5010163810259607,0.9813514662132548,0.09723778853201322
0.5099551517894256,0.2195198561761959,0.19242136014569644,0.5127527218088634,0.9768975775605213,0.09724475367343506
0.4959057018857189,0.21737185713066348,0.18903241468550408,0.5100051117864264,0.9864343391413968,0.09834484737724329
0.5116548176623867,0.21809801522449462,0.1955533110989887,0.49064719393580836,0.9864343391413968,0.09730339817100284
0.5120063769371668,0.21505590011116982,0.18857964087347232,0.4976828990472413,0.9801954951125254,0.09731117720414888
0.511921399885666,0.21440838940246332,0.1883258114871033,0.4794588820853072,0.9838844028898848,0.09729475541602708
0.5118096936171947,0.21709903716848816,0.18969020419985377,0.4916787637934943,0.9862303442413349,0.09727878209885535
0.5121805941605087,0.21528672879192662,0.1908036692556172,0.5121219385619102,0.9799915002124635,0.09728562543335248
0.4981228939847213,0.21662864398984902,0.19249998793712803,0.5119627834310456,0.9801954951125254,0.09838567484373353
0.5138600304714576,0.21521106545894741,0.1905569669238707,0.5027735600918033,0.9867743306416514,0.09734360552951277
0.5142175412186769,0.21815001711583656,0.19216753297269845,0.5037208666791064,0.9839354016148718,0.09735032705708521
0.5145577732653823,0.21889919836094188,0.1929240034197467,0.4819757012842447,0.9833404164895683,0.09735783479298986
0.5147108654367738,0.21386318215673417,0.18823029346156483,0.5070044339872926,0.9868253293666385,0.09737851982347635
0.515283603842775,0.2159365852624155,0.19065775719913303,0.50371542649624,0.9866213344665766,0.09736958362454563
0.5156316978656093,0.21632897292214945,0.19068071649652407,0.5093809997126233,0.9849553761155221,0.09737601724484149
0.5159713883004762,0.21706408317241682,0.19217808411225915,0.4927217302386451,0.9856353591159177,0.09738365786102762
0.5162494391779151,0.21862361247386006,0.1920239958632981,0.502926441143158,0.9896642583934181,0.09739546205936736
0.51668820922281,0.21736439431840765,0.1909023501883158,0.5072594475228247,0.9854653633658472,0.09739527381230191
0.5170337729077232,0.2163635013913121,0.19073981350224478,0.49885412673807394,0.9857203569910098,0.09740168528588419
0.5173671254515377,0.21544146682486734,0.1887276600591492,0.5149704500782415,0.9893072673182814,0.09740915980171846
0.5172828330024073,0.2176939059075615,0.19106646722128134,0.511128489693653,0.985567360815935,0.09739345778178811
0.5171321716700557,0.21587200529627243,0.19050524929706653,0.49773968343774433,0.9829154271143352,0.09737617227183656
0.5174846743068784,0.21461214885045696,0.1906904774626375,0.5043844101513495,0.9847853803653379,0.09738269447898676
0.5178360195651956,0.21767600159468892,0.19110842166860106,0.5115855444731576,0.9832554186144762,0.09738919453942337
0.5181862105739041,0.21690828311013255,0.1897332122117698,0.49914809515967873,0.9832554186144762,0.09739565030643281
0.5185352366947567,0.21713676245325061,0.19142741933734592,0.5029343830159556,0.9845473863152847,0.0974020728533719
0.5188831335971655,0.21483914063732273,0.1899142150521003,0.4926653826511458,0.9840373990649596,0.09740851201034614
0.5192298728081801,0.2169611378432201,0.18980682671788462,0.5169443231433681,0.9834934126646431,0.09741490687389323
0.5195754890585396,0.2191342894624984,0.19283825078706363,0.5061940055776566,0.9857203569910098,0.09742129620076193
0.5199199958024989,0.21613522944786384,0.18817963603947002,0.4928596805691401,0.9875053123671478,0.09742765784423864
0.5202633661315534,0.21762953870487273,0.19040049930108383,0.5066901740806895,0.9911432214194065,0.09743399734100178
0.5206056025488208,0.21955864706615824,0.19203006492658226,0.4895102354260976,0.9866213344665766,0.09744032022772972
0.5209467839024704,0.21748247624764222,0.19163085026602725,0.4965832673396795,0.985567360815935,0.09744663204110088
0.5212868269638782,0.21570938071209533,0.18853979798208736,0.4982590819187105,0.9856693582660228,0.09745293278111525
0.5216257511321967,0.21657258886530534,0.19016566506464347,0.5053994609136163,0.9847003824903595,0.09745917815434565
0.521963610537322,0.21691936290111233,0.19230526440996376,0.4819807840828352,0.9864853378664975,0.09746542352757605
0.5223003904734442,0.2176745104625803,0.1907424540538487,0.5022048028714001,0.9845473863152847,0.09747165782744965
0.5226360756089741,0.22160178412347661,0.1941488143170752,0.4981739053329559,0.985567360815935,0.0974778589072529
0.5229707260187086,0.21650267908523446,0.18948492067964476,0.4967711720500718,0.9858733531660846,0.09748403784034256
0.5233042828794092,0.2162550134847332,0.19001105003338425,0.5180538027731989,0.9897152571185188,0.09749021677343221
0.5236367931245116,0.2148949812104839,0.1872986280596921,0.4893693466026674,0.9884062898427146,0.0974963624864515
0.5239682188943773,0.21631895516051325,0.18973268542947164,0.48630410137768854,0.9855163620908343,0.09750248605275719
0.5242986224540291,0.215782487307766,0.19198415297191315,0.502285730555208,0.9856353591159177,0.0975085985457061
0.5246279772078566,0.2154265465641402,0.18911789950029606,0.4871098837917376,0.9902762430939447,0.09751469996529823
0.5249563003647837,0.21833374461641414,0.19236938134111423,0.4981856195953325,0.9922991925201359,0.09752077923817674
0.5252835994341605,0.21931950630725638,0.19203877454147028,0.47752138279759393,0.9882532936675261,0.09752683636434169
0.5256098662808588,0.22091633536655336,0.19170842891960443,0.4846638663887912,0.9924351891201013,0.09753288241714987
0.5259351321938341,0.2180818165951132,0.19249998793712803,0.49874063737579566,0.9868763280917392,0.09753889524988764
0.5262593949828616,0.21547130734632158,0.18835747375926942,0.5031511564339675,0.9841393965150473,0.09754489700926862
0.5265826264878779,0.21837743800546744,0.1908414005910674,0.4970109371898328,0.9879473013174902,0.09755087662193604
0.5269048767712148,0.21921570813631408,0.19213402253574668,0.5040147159726194,0.9905312367189936,0.09755685623460346
0.5272261189243697,0.21854944027298948,0.18979204803971245,0.509139844745123,0.9892052698681937,0.09756279155384369
0.5275463554504594,0.21987813910574772,0.19320949286491082,0.49264195412639267,0.9858733531660846,0.09756871579972715
0.5278656232704515,0.21823804576016254,0.19030524688006542,0.4906337721707803,0.9925031874203114,0.09757465111896739
0.5281839248874629,0.2165566029993783,0.18934507989981572,0.4897258572725536,0.9868763280917392,0.09758053107142368
0.5285012312027648,0.21809673685584033,0.19215724079754481,0.5055153328377342,0.9853633659157595,0.09758641102387995
0.5288175684990803,0.21599498614874157,0.19207888082400437,0.5139089393601082,0.9884062898427146,0.09759224114623068
0.5291329574271204,0.21585196977300003,0.19025062973725027,0.48769059353070143,0.9846153846153811,0.09759811556200859
0.5294473936064317,0.2172648603561932,0.19180420148280802,0.49621377170776926,0.9866213344665766,0.0976039401476809
0.5297608604538664,0.21903667215930128,0.19427942312646002,0.5030249997845768,0.9889672758180268,0.09760975365999644
0.5300734399464919,0.2186760434679671,0.19345909913941034,0.484812617666291,0.9885252868677981,0.0976155339522416
0.5303850322725361,0.2188158594522525,0.1928704398415279,0.4936457274292869,0.9888652783680527,0.09762132531784355
0.5306956862427707,0.2166529419339211,0.1890107789839715,0.5094750711959115,0.9899192520186944,0.09762709453673192
0.5310054021700865,0.21810782201060464,0.19381794191291118,0.5124324657882984,0.9897662558436195,0.09763283053554991
0.5313141772384768,0.2188188452923261,0.19011606342051607,0.5166716389408608,0.9892052698681937,0.09763854438765435
0.5316220780934189,0.21701378338870966,0.19063664827989862,0.4874305766153064,0.9883552911177276,0.09764425823975875
0.5319290399667738,0.2165600125784324,0.18958993849351857,0.49429306948102303,0.9899702507436814,0.09764996101850637
0.5322350759999006,0.21828109907092458,0.19041949445101247,0.4990568430412339,0.9943731406714278,0.0976556305771836
0.5325402256168879,0.21794391548191694,0.19111158678913218,0.49533000010284733,0.9854143646407465,0.09766128906250407
0.5328444615963415,0.21676717981755195,0.19026751775798617,0.5100460124313342,0.9914152146195647,0.09766693647446774
0.5331477736129058,0.21898573050937467,0.19275619448395187,0.508579148525609,0.9933191670207862,0.09767256173971782
0.5334502392631939,0.22047151671271237,0.19310025636590952,0.4905632483403375,0.9920441988949733,0.0976781814682895
0.5337518025399728,0.21859952729324234,0.19094509480908278,0.5113473677079561,0.9920441988949733,0.0976837790501476
0.5340524787748322,0.22122303656788733,0.19540660886905725,0.5048407501623022,0.994985125371727,0.09768935448529212
0.5343523174043221,0.21774399292781432,0.19082952585564827,0.5159478563634474,0.9916362090947359,0.09769491884707986
0.5346512693047818,0.218102703172203,0.19240763945886263,0.49915778424449186,0.988151296217552,0.09770047767218919
0.534949343550009,0.2181617459247485,0.19440897615787744,0.5149868897549323,0.9889672758180268,0.09770599774054974
0.5352465285630892,0.21875341248443744,0.19072002596549786,0.5060522431482188,0.9958351041223068,0.09771152888226711
0.5355428675227807,0.21784033007442896,0.19036804464209944,0.5000989755897407,0.9893072673182814,0.09771702126723568
0.5358383644966507,0.2193678894319463,0.19212610752104792,0.4978051244695971,0.9884062898427146,0.09772252472556106
0.53613301103668,0.22128612718985,0.19324089174592785,0.507382903935464,0.987743306417201,0.09772799496381605
0.5364267996335186,0.22019081198722892,0.195123492157606,0.5117346134255691,0.9883552911177276,0.09773345412871426
0.5367197446800858,0.21627185219240586,0.18858148903825797,0.497950143066882,0.9881002974924513,0.09773890222025569
0.5370118464892739,0.2198014101675686,0.19276622105458538,0.496915912681809,0.9952401189968896,0.09774430601836992
0.5373031319695825,0.2176173897328367,0.19228784960692963,0.4950368655778863,0.9915512112196438,0.09774975410991135
0.5375935886054313,0.21911190996537178,0.1930477507790291,0.49411803060456294,0.9875053123671478,0.09775514683466881
0.5378832317284075,0.22041119737944082,0.1948261279770227,0.5186378083893735,0.9941351466212609,0.09776051741271269
0.5381720344300085,0.22126758458661439,0.19483457198739068,0.4916986978942166,0.994985125371727,0.0977658769173998
0.5384600464596767,0.21561560030278926,0.1877936174968217,0.49560848187249684,0.9924351891201013,0.09777124749544366
0.5387472337124475,0.22015244841210346,0.19406913074767626,0.49026407799204996,0.9922651933701445,0.09777658485341716
0.5390336196550396,0.21676952736726252,0.1883258114871033,0.5060175768734572,0.9923501912451229,0.09778191113803388
0.539319230257286,0.21957590772488322,0.19199708127192866,0.49265648775361237,0.9889672758180268,0.0977872042025802
0.5396039575722886,0.2187598079035652,0.19475435942232255,0.4963948464075554,0.9916362090947359,0.09779250834048332
0.5398879414616808,0.2201479732278494,0.19434512261787604,0.49837225360607684,0.9914492137695561,0.09779780140502967
0.5401711553298516,0.2202982342886079,0.19471161922829755,0.5143963718030635,0.9947301317465644,0.09780307232286244
0.5404535738327443,0.22306284327997716,0.19681928405681864,0.5084708213806495,0.9906332341690813,0.09780832109398159
0.5407352032281509,0.22037731077649758,0.1925327104140035,0.5182077162680172,0.9897152571185188,0.09781358093845754
0.5410160704245754,0.21914324161893467,0.19193322994529827,0.49386595556196555,0.9955461113471529,0.09781880756286314
0.5412961553970836,0.21980268853622287,0.19287703568711023,0.5161699905455976,0.9916362090947359,0.09782400096719836
0.5415754572070073,0.2182574412051437,0.1900231903733235,0.49504881809644674,0.9951551211219112,0.09782921651824715
0.5418540083948629,0.22027137603137087,0.19232162122165947,0.4962202840434633,0.9930131746706365,0.09783438777586878
0.5421317792361395,0.21188398677519582,0.14290327962706645,0.5045075091797129,0.9743646408838913,0.09783958671688238
0.5424087978908991,0.19896997635894076,0.12314611918374241,0.5218580392619985,0.9768975775605213,0.09784473029111203
0.5426850659235898,0.1881664542548382,0.10809454564739043,0.4981339974221477,0.9712197195069621,0.0978498683286633
0.5429605936595667,0.17396253410785908,0.09531238123881222,0.4917127152997043,0.9629749256267814,0.09785500636621454
0.5432353776570449,0.1537408875111035,0.08101358403330822,0.1283671902650747,0.880543986400312,0.09786012225705223
0.5419850277718079,0.1527335866493829,0.07818507296399635,0.12874395271059502,0.8753761155970778,0.8834259007789069
0.5403287822097251,0.1510996795353275,0.07957004560031203,0.12220131877180374,0.8755801104972534,0.8836994126916569
0.5386729915890727,0.15136204905724515,0.07880961985928536,0.11013666096744645,0.861878453038571,0.8839729688978338
0.5370176127310895,0.14997729867579962,0.07702147062832335,0.13349255729376253,0.8706672333190681,0.8842465472507247
0.5353627241710552,0.1477280492569925,0.07604441120059571,0.1213084140131645,0.8685422864427892,0.8845200037966907
0.5337082464350225,0.14988927181940181,0.07734390344886144,0.11641999275939463,0.8588185295367339,0.8847935710762248
0.5320541954803581,0.14695138219185624,0.07670748403152422,0.13004856415506405,0.865788355290988,0.8850670829889747
0.530400595712448,0.14664254441633784,0.07635127295614333,0.11873044239368524,0.8679303017423763,0.8853407056352927
0.5287474630886599,0.14650442696383084,0.07530403860083609,0.11737595598804706,0.8654993625159477,0.8856143282816106
0.5270946993616707,0.14762020142870483,0.0763668550879888,0.13755919325979626,0.8600764980874374,0.8858878401943606
0.5254424199877294,0.14736316887242773,0.07608847941722119,0.11318725343711356,0.8562685932852219,0.8861614185472515
0.5237905698982734,0.14243883202661412,0.07365943754612941,0.1351112698073783,0.8617084572885005,0.8864350854869966
0.5221391118594436,0.1434565636613823,0.07460430349265074,0.1289123601232689,0.8546026349340536,0.8867088188668822
0.5204881187745092,0.14526418409023548,0.07502699095266896,0.12863439457535142,0.8476668083296772,0.8869823307796324
0.5188375324460108,0.14327390891771738,0.0728130002080126,0.1273061957686734,0.8543476413088911,0.8872561748930862
0.5171873622606351,0.14197781474339174,0.07317078056343304,0.11755309946079862,0.8556226094347039,0.887529797539404
0.5155376182308498,0.1428970780211454,0.07493438350999648,0.13407211546117048,0.841308967275836,0.8877750723923358
0.5138882778286038,0.1402769765376263,0.07277209711191826,0.13894397791015745,0.8504547386314698,0.888011599293402
0.5122393679624007,0.13843802803106664,0.07145546230525157,0.15050118975210913,0.8396600084996635,0.8882480154609007
0.5105908410730273,0.1389169424754488,0.07238449158226234,0.12253066823672198,0.8367190820229098,0.888484542361967
0.5089427397134632,0.1385891437214989,0.07257209690828811,0.12809291768800812,0.8436889077771639,0.8887210028228927
0.5072950275885195,0.13782973016337483,0.07305520939662755,0.11750453490864099,0.8357501062473602,0.8889575518706727
0.505647757263644,0.1355340214306079,0.07004332053990137,0.13562606200212157,0.8296302592434586,0.8891941895053069
0.5040008761733881,0.13702002218532813,0.07177103367568721,0.1294426786793318,0.8278793030174256,0.8894307606998006
0.5023543924528817,0.13570837124784052,0.07112353412312017,0.14882553401053422,0.8156396090096223,0.8896672876008669
0.48628138810310917,0.13504892075469596,0.06830688672237248,0.13395489341867728,0.8320101997450138,0.8926489550173298
0.4995353206652431,0.13531022645934188,0.0711641716146944,0.1400401151936882,0.8368890777729803,0.890219515904059
0.4974111722236483,0.1317320743839631,0.06811981260538688,0.13163602539922103,0.830837229069175,0.8903766468369304
0.49576627798213746,0.13223060955227814,0.06914066357836485,0.14101629048861075,0.8272503187419034,0.8906131737379969
0.495059675094367,0.1326916268355005,0.07017550305606773,0.13860660715371353,0.829409264768401,0.8910105965132437
0.49247187688113225,0.128720441658312,0.06843300460199672,0.13987968936317574,0.8321291967699835,0.891085895339426
0.4908277617346415,0.1294427646461803,0.06662561011018292,0.15363135978720865,0.826128346791279,0.8913225329740602
0.474757470763187,0.12919637026262057,0.06711769560455949,0.13719037268707357,0.8216234594134448,0.8943042557573069
0.48801414986993263,0.1280980817354232,0.06588866823547451,0.14031136985909176,0.8231874203145253,0.8918749163042472
0.4858927404636004,0.12784849411212007,0.06704065037339346,0.164590310351314,0.8091117722055969,0.8920318922101236
0.48425056710975767,0.12751642578565767,0.06699499959650246,0.13866629032778777,0.822830429239275,0.8922685298447579
0.48354663191842784,0.1264846195801952,0.06436780568656619,0.13327145555507602,0.8171695707607114,0.8926659526200048
0.4809614801251443,0.12817076101625696,0.06704829757020114,0.1344530473899096,0.8067998300041381,0.8927414729133228
0.47932008336320475,0.1263488621928961,0.06566095662691465,0.15637535625752275,0.8077348066296963,0.8929781105479571
0.4632524500757249,0.12516615663631206,0.06497255397825327,0.14132280706923572,0.8162005949851618,0.895959722597636
0.4765117568290482,0.12642259635136066,0.06539736627443221,0.1396816190556026,0.8099107522311897,0.8935305603182849
0.47439296286659927,0.12320656946320926,0.06478970739987916,0.13457559048717715,0.805915852103567,0.8936874697840204
0.47275345251585454,0.12353308984850495,0.06321766064657788,0.1335230937946693,0.8031279218018881,0.8939242181522228
0.4720521265106168,0.12277688562147795,0.06407439901333234,0.1449180134660013,0.80839779005521,0.8943217516610376
0.4694695989221249,0.12015635503519378,0.06320050702132188,0.15373623221750154,0.8053548661282548,0.8943971612207876
0.46783075565193455,0.12063698589063623,0.061552740846084086,0.18099146895936902,0.7859583510411312,0.8946339095889899
0.45176568618156043,0.12169457044471035,0.061491793462206706,0.15069127847752073,0.8024649383764881,0.8976156323722366
0.4650275852249397,0.12108116089032961,0.062253007163309615,0.14396149430625305,0.789341266468341,0.8951863150658906
0.46291133161287856,0.11753135462844014,0.061201288518354824,0.1616810832174449,0.7870123246918865,0.8953433795586211
0.46127433720713507,0.11777837478686556,0.06027806048673709,0.12500221876071294,0.7930301742455867,0.8955801279268234
0.46057554685894253,0.11762278927596384,0.06083162457403121,0.15849154768318308,0.8040458988524506,0.8959776614356382
0.4579955161291882,0.11790882202744693,0.061158017115289676,0.14594148261343376,0.77960050998729,0.8960530709953883
0.456359201632472,0.11582774513398358,0.05859836643481309,0.15896400969591484,0.7810454738631734,0.8962897086300226
0.4402966302723943,0.11526676478578174,0.05852923179160385,0.1285558097440188,0.7809944751380726,0.8992716528804053
0.4535609745477327,0.11472155396419617,0.05902211631291168,0.15554606589999276,0.7793625159370094,0.8968424352342703
0.45144719338902384,0.1145610695300599,0.05861446870884374,0.16099526279200438,0.7736506587335725,0.8969995772404985
0.4498126216871916,0.11218287473034916,0.05742738029348146,0.16522697058413705,0.7783085422863678,0.8972362591685599
0.449116315995044,0.11166004876967481,0.0576732990918937,0.1607811101920159,0.7695707607309714,0.8976337926773749
0.44653875709286295,0.11226024553474773,0.058255614868487904,0.15691024139044418,0.7649808754780452,0.8977094237042607
0.4449047923967888,0.11210614758009824,0.058206810037920775,0.1684150765812955,0.7611219719506153,0.8979461277790358
0.4288446202739049,0.1100817658894698,0.05689888484614217,0.14457023885619247,0.7709307267317627,0.9009280055892777
0.4421113988300678,0.10854461966100956,0.055512849791746116,0.14906077228280057,0.7662388440288623,0.8984988433099266
0.44000002410501216,0.10803799232971659,0.054629471291626375,0.16618480015289705,0.7642668933276582,0.8986558635092301
0.4383678488243672,0.10854312495304455,0.05570941927032505,0.16407782129968196,0.7684317892052377,0.8988926118774324
0.4376738510056599,0.10760254241957962,0.05560784767509944,0.1548837931273972,0.7610709732256282,0.899290256119815
0.4350986165600661,0.1059722558601045,0.05496165401142286,0.1628699021565243,0.7501912452187298,0.8993658871467008
0.4334670501625171,0.10562889319127985,0.054053738080388464,0.16487212770753845,0.7455673608159259,0.8996025247813354
0.4174092275273851,0.10526825913616109,0.05424872721207283,0.14736093353855673,0.7549001274967395,0.902584469031718
0.43067832866279776,0.10309767140590409,0.05334924643792244,0.14848748819490254,0.7568210794730703,0.9001553067523668
0.42856922551599297,0.10336494521484088,0.05402999082292115,0.15754817232291485,0.7517552061198103,0.9003124930520223
0.4269393649923585,0.10191262187546588,0.051848702634801264,0.1553888168185994,0.7385295367614617,0.9005492967870085
0.42624765126748443,0.10170183229383789,0.0525597923362206,0.16014429112173678,0.7488312792179386,0.9009469410293912
0.4236747509780545,0.1005694318847456,0.052279313963002255,0.15187219525316653,0.7520101997449729,0.9010224613227091
0.42204544051427817,0.10060523514670613,0.05169118587416002,0.16909704519842905,0.7370165745855957,0.9012593204244792
0.4059898484688631,0.09873495498658358,0.05097402268271453,0.17188686627478567,0.7558011049723063,0.9042412093080778
0.41926124496213335,0.10196143231499263,0.0537774783922976,0.16262942224821164,0.7407564810879421,0.9018119916619428
0.4171544033811134,0.0993210914843877,0.05148458097146355,0.17296501521642982,0.7376795580109956,0.9019692886951661
0.4155267587413869,0.09536801801974154,0.04990489808820964,0.17059905189128366,0.734075648108842,0.9022060924301525
0.41483720708341476,0.09475290635772607,0.048985087501417085,0.16906797794398976,0.735911602209967,0.9026038474061031
0.4122665789980142,0.09531089371414156,0.050206213136029326,0.16300987766458275,0.7302677433062854,0.902679367699421
0.41063946439321297,0.09691604200329632,0.05096109659607001,0.17340972038373392,0.7263238419038771,0.9029161714344072
0.39458601032220386,0.09392465935230015,0.047777959225013794,0.1717500675158462,0.7151721206969341,0.9058981710515739
0.4078595795206219,0.09502402063641022,0.048748146135784015,0.16972449285880697,0.7256098597533764,0.9034690087722228
0.4057549278536752,0.0933031397556596,0.04855448502670012,0.1734828253228362,0.7096642583934454,0.9036262504386621
0.40412944840974685,0.09291907490163981,0.0480819214645504,0.16232469258896598,0.7183680407989641,0.9038631095404321
0.40344204004530315,0.0922348973616581,0.048173479769368505,0.17126910769922088,0.7137611559710422,0.9042713842053348
0.4008735546276525,0.09100913849431203,0.0465708309486105,0.1756929691036927,0.7101572460687748,0.9043595281253951
0.39924855578209684,0.09072737889119778,0.04759537825115981,0.18238356013270396,0.7061113472162788,0.9046089554871236
0.38319723968549413,0.09007539299823725,0.046073995560066305,0.15890988583279897,0.702762430939174,0.9076033572638967
0.3964729506129925,0.09045221674309645,0.046743650956351135,0.17314835334996337,0.7107522311941921,0.9051869293448559
0.3943703802874401,0.08899180124074352,0.04737716200419326,0.17080693041176187,0.7118912027199258,0.9053566396110424
0.3927470191058746,0.0861329755855903,0.045181099564643196,0.1701569278326387,0.6960815979600739,0.9056061112661982
0.3920616726836723,0.0865004305867455,0.044068172358032925,0.1695600166731679,0.6925626859327849,0.9060163237685391
0.3894952492082622,0.08598420923279682,0.04420642836422545,0.1729526656042295,0.7011984700382072,0.9061046891557353
0.3878723442196841,0.08364652173410875,0.043615914261444344,0.2013605857639469,0.6826009349765627,0.9063539504171119
0.3718230675372731,0.08403868590281918,0.04245495690411724,0.16215811180703543,0.6961835954100479,0.9093484518540962
0.3851008310203259,0.08388118730875652,0.04319824008674289,0.15364267695594536,0.689740756481001,0.9069318689080603
0.3830003195081195,0.08064425954008983,0.04217660336705967,0.1642778373660907,0.6791330216743745,0.9071018006413826
0.3813789670775689,0.08204435928502757,0.042724622959996794,0.17991288321472076,0.6816319592010132,0.9073512169297544
0.3806956303450506,0.07956557564547162,0.04101906788129972,0.17064602806888163,0.6828049298767382,0.9077615290923066
0.3781312741310039,0.08164110996155277,0.04326551549831148,0.17965616217653713,0.6650233744156822,0.9078498501860754
0.3765103597458457,0.07730012759728308,0.040369717950576034,0.1733530154119587,0.6719932001699362,0.90809922218102
0.3604630702250695,0.077751981748543,0.040740435459496044,0.1700545173829131,0.6711432214193565,0.9110937900581451
0.3737428146119659,0.07861945768633727,0.04211881225022937,0.1705070452949229,0.6786570335740407,0.908677362139104
0.37164428869694666,0.07750793849055024,0.04124889104579432,0.17825537465248842,0.6721631959200067,0.9088471166987178
0.37002488556839275,0.07688280727897034,0.04058819980206266,0.17412071654594297,0.6677093072672733,0.9090965994272303
0.3693435325557237,0.07449395642726034,0.03998766798213205,0.16661600413644495,0.6635444113896938,0.9095069780299233
0.3667811281467914,0.0748733369094281,0.039500850310737357,0.17096417949315534,0.6654313642159195,0.9095953434171193
0.3651621508609382,0.07332447259962507,0.03881007935510514,0.1915134973915118,0.6408499787505662,0.9098446046784959
0.3491167743469692,0.07348027266190932,0.03942248369708387,0.16976138285795217,0.6570335741605504,0.9128392832891887
0.362398488686575,0.07135272751484531,0.03746099431619607,0.16824845609000094,0.632724181895469,0.9104229107369319
0.3603018560663198,0.0750101849329218,0.04066391922399923,0.17814391046777356,0.6495197620058661,0.9105927206633297
0.3586843925401877,0.07154861292709985,0.03974886738485833,0.1709707712475773,0.6323841903952143,0.9107848434036622
0.35800492938049766,0.0719887472090888,0.03879213776977283,0.17949549808984078,0.6224734381639792,0.9111369761496318
0.3554444154503247,0.06844680783122561,0.03606916022977799,0.16842925282423915,0.6404079898002237,0.9111670403133206
0.35382735304861557,0.06772897254310867,0.03638077187949326,0.16815847467120348,0.6295622609434304,0.9113582218183259
0.3377838322826645,0.06815823622171582,0.036560462190820264,0.18930851582797392,0.6337101572460142,0.9142945992055115
0.3510674292787894,0.06813862264949574,0.03672325562792736,0.17465496632904043,0.6239864003399589,0.9118198700629635
0.3489726586643429,0.06629135312515011,0.03769080862720667,0.17161870893977316,0.6322481937951352,0.9119316002329898
0.34735702210038744,0.0648307230714146,0.034978123262365435,0.18687314053457627,0.6195835104122125,0.9121228371047789
0.34667944566478237,0.06519774896980471,0.034378645007031194,0.18613692892623446,0.6284402889926923,0.9124751913178843
0.3441207561936688,0.06454554852546168,0.03520926559597645,0.1708490620469535,0.6189545261368039,0.9125053108483572
0.3425055113674502,0.0623416946033426,0.034167299063651096,0.1666318878820403,0.6047768805779015,0.9126966030869303
0.3264638338339334,0.061295202355745565,0.0322395768707511,0.1785448559159627,0.6353421164470774,0.9156330912076839
0.33974922712905764,0.06203372397299531,0.032660161628318585,0.1684881815203978,0.6152656183595582,0.9131584727987039
0.33765630663061597,0.06007029275428871,0.03291873648211327,0.17928543555434295,0.6030599235018599,0.9133772823289038
0.3360424494696237,0.05828014753554306,0.03327098341003179,0.17146733684424997,0.5954951126220749,0.9137001260461599
0.3353666274058158,0.05904105401370391,0.03248971878103282,0.1769699825401898,0.6040798980025102,0.9141837549040287
0.3328097817929163,0.0587085530086201,0.03367283198207768,0.1855558618029951,0.6073948151296236,0.9143669192987169
0.33119629790917626,0.05878359235466177,0.03367942782766001,0.19549809381154581,0.5789035274117396,0.9147368137089801
0.31515638788881883,0.05748046089498898,0.032482591726410354,0.17380284308721727,0.5810794730131192,0.9178517489744286
0.3284435590224577,0.05728266239957344,0.030934028839427335,0.18084057337621384,0.5842073948151665,0.9155557991772794
0.3263523747482191,0.055014460941975735,0.03134458702636128,0.16941614964743856,0.5764555886102016,0.9158460318587845
0.3247403170151215,0.05421881501912601,0.03136990799061018,0.18962599219305942,0.5767955801104563,0.9162159927091885
0.32406619832211225,0.05208701460297502,0.02981765762753985,0.20059121683667502,0.5893242668932999,0.9167468051403457
0.3215110626506923,0.05447330871737646,0.03026990687064443,0.17672557140484235,0.5623459413513956,0.9169556486494334
0.31989935347657106,0.05406769932869379,0.03115882986512114,0.1808476813523675,0.5681257968550426,0.9173255984264806
0.30386113806610426,0.05168950452898305,0.02745562777686758,0.1642189880886601,0.5682957926051131,0.9204406997922809
0.31715004698839433,0.04992174417114853,0.02796751408821707,0.1902503028136826,0.5583850403739916,0.9181449160954834
0.3150605485631379,0.04917213739913451,0.027653525278046986,0.17564460309835495,0.5484402889927651,0.9184353591707678
0.3134501998328507,0.047681452272562264,0.028220281056505703,0.17997610052219004,0.5610539736505871,0.9188056079284482
0.31277780140667666,0.048778685922128806,0.027017371465229895,0.16318741823097416,0.5622779430512992,0.9193363539194649
0.31022434595222625,0.04741290545875576,0.028403393239399943,0.17254040298730378,0.5556481087971861,0.9195454742624724
0.30861429196391077,0.04710384419221386,0.026346917042013807,0.18336708165996418,0.5249978750530317,0.9199154240395194
0.2925777598993098,0.04547611437004734,0.026251399016475302,0.1750517820033749,0.5460603484912099,0.9230308133125963
0.3058682974117919,0.04376122304872582,0.025167223499165114,0.1957541794999058,0.5414364640882923,0.9207350739092262
0.30378047670038955,0.044863981396392694,0.0259405753268363,0.16478786443715532,0.5355716107096669,0.9210257052315758
0.30217175311850886,0.04177050804587351,0.024502570321342065,0.18568058891528216,0.530726731831578,0.9213957768155476
0.30150104179287585,0.044284263560782744,0.026494139414130424,0.1813893567865309,0.5161070973225605,0.9219270764744039
0.29894920835793704,0.03990044243713353,0.023764831633073358,0.18316805832765548,0.5340586485338008,0.9221361414506273
0.2973407632477705,0.04251137184904924,0.025826595573780364,0.19555110581247015,0.4996175095621993,0.922506323768167
0.2813059182837101,0.0405677687539453,0.024368528573535053,0.19731491634209908,0.5246068848279037,0.9256218127014552
0.2945980609196668,0.04121784156374486,0.02450785142454992,0.18607208353484195,0.5278708032298027,0.9233262504717936
0.2925118359450525,0.03893791129723523,0.02427724915346302,0.1881683805691441,0.518759031024274,0.9236168707207865
0.2909047606654065,0.03988254527597368,0.023658766894716188,0.1722474670091626,0.5129791755205133,0.9239873298722461
0.29023561065870807,0.03646658331822239,0.02306166579983676,0.1778716630682703,0.5263578410539367,0.9245185741643183
0.2876853748378938,0.03673278794610285,0.022974857389186365,0.18154569255255248,0.5165830854227806,0.9247277498741096
0.28607853923165605,0.03516772500691839,0.021551890026271392,0.19562258266764898,0.49315767105815667,0.9250981979522124
0.27004526027987463,0.032947887006800514,0.020490932770759362,0.1936379880742456,0.4873438164045183,0.9282138640592092
0.2833389851983674,0.03529112781043986,0.021618381904505657,0.19834600968741722,0.49053973650654825,0.9259182464627636
0.28125433405827094,0.032599616475100346,0.020595948371262163,0.18358532432444363,0.4923586910326776,0.9262092542792442
0.2796487919374995,0.03167566882549461,0.02084661263710008,0.17062375111568429,0.4660263493411776,0.9265796580639198
0.27898124486404896,0.030158343568924273,0.020693314561586296,0.17537378523595526,0.4667233319165689,0.9271110130895598
0.27643250621980897,0.028755463595654507,0.020057678677583457,0.17974959831000126,0.47153421164466636,0.9273203548997031
0.2748272325582857,0.029512526028211583,0.01950887333794099,0.17108584898441515,0.46096047598803125,0.9276908694179465
0.25879549552628633,0.028594764610135714,0.018442891730257205,0.19844901577760243,0.4662643433913445,0.9308066351851546
0.27209072857248806,0.0272313263326886,0.01996137490533967,0.1782415557938205,0.46697832554173146,0.9285112944226288
0.27000762999041905,0.026402854048311053,0.018656880438612244,0.18787727122174647,0.45664258393537693,0.9288023576058932
0.2684035252843149,0.02459034184793607,0.018846057258048554,0.1744975584101912,0.44124096897576237,0.9291730382244888
0.26773755392271914,0.025517060786232837,0.01844711926886866,0.17720013801386558,0.4428389290267205,0.9297044486169128
0.265190287736778,0.023055959756454136,0.01647586006838342,0.1830231191490983,0.450573735656576,0.9299139565274078
0.26358650280381024,0.024033831320203702,0.018510709417720983,0.18405421249441645,0.4167275818103917,0.9302845817792194
0.24755632709074593,0.02334710598255435,0.016286149826535867,0.17247623265509882,0.42893327666809,0.9334005136467792
0.26085296876577546,0.023058731045145275,0.016376909104422688,0.17585684964887194,0.43100722481926823,0.9311052282510374
0.25877136204115736,0.019984424284799296,0.01488824889020468,0.18990248849450975,0.44003399914993224,0.9313963468010857
0.2571688042610685,0.0219077880328174,0.017663475266043893,0.19770128845370416,0.44118997025066164,0.9317670827864651
0.2565042690625816,0.02001959283225313,0.015638386882819766,0.19467869108564906,0.45244368890780606,0.932298770012809
0.2539584925438647,0.0202159073472728,0.015127306238514548,0.2029657970938068,0.422779430514197,0.932508444023656
0.25235615284780355,0.018682794684804216,0.015058171595305314,0.21319183192678137,0.422779430514197,0.9328791800090354
0.23632743363567021,0.017180827731366977,0.01327002236434327,0.17723385126389146,0.4050658733531236,0.9359951118765951
0.24962555715568469,0.01633338552891689,0.012099038436382603,0.18300445574802393,0.416659583510409,0.9336931824667783
0.24754533653184474,0.016879222125368187,0.013767654566447796,0.1974529063819579,0.3943391415214137,0.933966295738684
0.24594423744291305,0.017465787725937376,0.01460329065408078,0.20199625326267023,0.3974500637482379,0.9343189378590661
0.24528118440230218,0.015375967863635709,0.01195629814054261,0.17973824143190065,0.38674033149163733,0.9348324094134879
0.2427367999292649,0.014586508172315826,0.013011987573072759,0.18517409597761214,0.39585210369739343,0.9350239784859807
0.24113588294206112,0.015038567935317326,0.013998265691018585,0.19293985774596867,0.3730046748830773,0.9353765541662221
0.22510857392320283,0.012541672583219088,0.011725952620491809,0.1964181994845169,0.3940501487461461,0.9384744364622116
0.23840806351906307,0.008886575230350413,0.008417746507665747,0.1757065099968126,0.37087972800679836,0.9361611679350405
0.23632929532858915,0.009643637662907545,0.009162081041516779,0.19208864781951718,0.3736166595834902,0.9364342812069459
0.23472955637060222,0.009948640332463121,0.010116964705187581,0.1871544813784327,0.3628729281767846,0.9367870119141825
0.23406792635173757,0.008733314026092842,0.009920395226608703,0.1824203310037571,0.36889077773059853,0.9373006606423129
0.23152488886828237,0.007971138118918641,0.009693480431609114,0.1899223431765038,0.37297067573297227,0.937492118981238
0.2299253676814339,0.005956357602658613,0.008231991559796648,0.19418494485381932,0.3586570335741044,0.937844916128615
0.21389949013234055,0.004771086369125155,0.006984225791819065,0.19167916485807068,0.35954101147467554,0.9409427984246046
0.22720031326353185,0.0030416949502006796,0.006604278525825846,0.20562271092889461,0.35597110072251326,0.9386297956579963
0.2251229083328985,0.0054441876939835265,0.008635953901148297,0.2003885005335153,0.33550361240963866,0.9389029753700427
0.22352457706506934,0.0032290340657176175,0.006894783469677701,0.18600171854185477,0.33273268168295544,0.9392557725174198
0.22286427401085485,0.0028600950841665695,0.006360475710090352,0.18586424472372753,0.3445813854652897,0.9397694655389774
0.2203225869587686,0.06669674796245026,0.05088564277865354,0.20572885405883512,0.3045133871653434,0.9399611453450383
0.21872439962014,0.120066833470831,0.08523921914572999,0.19541819857120157,0.4634084147895692,0.9403140532259833
0.20269987250241428,0.14619963884565781,0.09891557215839575,0.1916533537714784,0.4611474713130974,0.943412046255541
0.21600206045789339,0.17817114542081736,0.12944801803029723,0.1944931689370959,0.5824054398640328,0.9410989327553647
0.21392592147844436,0.22122495680276105,0.16562351966980754,0.20582590374442233,0.879932001699899,0.9413722232009789
0.21469344302608206,0.20938366932854607,0.14623338704594518,0.5579066366935093,0.9834934126646431,0.09535734430175132
0.4827724761733183,0.20534044673674323,0.14676663902756518,0.1626763587164457,0.9039014024649532,0.0978567559565876
0.4940985462440808,0.21702763804423686,0.19884700635153368,0.49757568376447314,0.9915852103696352,0.8803168897593417
0.5269855143573228,0.2151705688854939,0.20239373639025837,0.5314882747976937,0.9892562685931807,0.0975965099252738
0.5128007297037747,0.21707410093405305,0.2087170075471967,0.5401437248662064,0.9906842328941821,0.09869420071065828
0.4972912012901749,0.21732240661284552,0.20923336929470976,0.5653272446700801,0.9887632809178513,0.09809962789109555
0.4666471178897731,0.21723629641546505,0.2048066848408035,0.5768985930456119,0.9812664683381627,0.09854092330595035
0.4665922645941456,0.21788295785828232,0.20289717426449788,0.5761778680892256,0.9788355291116204,0.09854472146732982
0.4677593761552008,0.2193246215698017,0.20239980766691348,0.5387776433262834,0.982320441988918,0.09859299022958397
0.467176206011064,0.21848826988590053,0.19618788235154022,0.5694319619161787,0.9875053123671478,0.09854457751369151
0.4670471437583559,0.21830326580459686,0.19473984856204146,0.539477322319756,0.9821674458137295,0.09855262784407895
0.4819365647887506,0.22245752946443076,0.19647574674378815,0.49108455287077457,0.9810114747131138,0.09920949936895064
0.528956642592127,0.22128932400544976,0.19499367573503945,0.4955505062010739,0.9883552911177276,0.09764730341287642
0.5287170599224025,0.2197206315720441,0.1952179499784351,0.4860925298863594,0.9889672758180268,0.09762918740116552
0.5289559564253077,0.21970230173226285,0.19632218306375432,0.5015736225308074,0.991687207819723,0.09763368318402288
0.5301323673771599,0.22068571944925092,0.1962583295237529,0.5149162467963975,0.9901742456437432,0.09768398944392663
0.5294264888287352,0.22018228714562954,0.19541716222198896,0.49723211834724723,0.9873353166169636,0.09764246435595852
0.5296635918486476,0.21930778465005724,0.1938836414043272,0.5211141240370429,0.9796345091372132,0.09764690477203192
0.5154738247416475,0.21902132815959363,0.19546623929718918,0.5153945857949995,0.9912962175944813,0.09874448482384847
0.5306098815983673,0.22180320138554424,0.19837708112761687,0.5080132900887773,0.9927751806204697,0.09767820915168149
0.5303671496951594,0.2224372847535604,0.19626070447083677,0.4847773557510693,0.9871653208670068,0.09766003777318664
0.5306028566018273,0.22356137129657944,0.19590766736947096,0.509618620546729,0.9833404164895683,0.09766447818926002
0.531776197481256,0.21974087985877086,0.1958147921089074,0.4945617430377671,0.988151296217552,0.09771474015573664
0.5310671299623726,0.21769326582927023,0.1940079155459078,0.48370639420430717,0.983085422864292,0.09767314862762776
0.5313011356884689,0.21818241437459934,0.19383640806717065,0.4954407495190105,0.9840373990649596,0.09767752260356041
0.5171082797356714,0.21892967896068738,0.19472876621344057,0.49408820887220783,0.9899702507436814,0.09877506943530659
0.5322412026904959,0.22028246118613518,0.19413298428767764,0.4824137749877626,0.9862303442413349,0.09770873285967724
0.5319953528427619,0.21943801018754333,0.19404485670791077,0.5057304781718224,0.9902762430939447,0.09769052272443364
0.5322279896770059,0.22014392357050405,0.19580793065880497,0.5151155480942544,0.9875903102422399,0.0976948856270095
0.5333982833249493,0.22051265157652894,0.19417045001860778,0.5037285702957199,0.9861793455163479,0.09774507007998856
0.532686121641146,0.22117082012516287,0.19456755090985706,0.5040105861987643,0.9875393115171391,0.0977034453318093
0.5329170710619602,0.2225760333447177,0.19755279963321784,0.5197267582780225,0.9799405014873628,0.09770778608767157
0.5187212511063022,0.22234030574072633,0.19904225666099615,0.5106290253134094,0.9852613684657854,0.09880524433256342
0.5338511183816239,0.22402473255365601,0.19890294709020728,0.48848938709668843,0.9865703357415896,0.09773886900018532
0.5336022982732378,0.2238209731056624,0.19796414578022808,0.5052758059541571,0.9884572885677017,0.09772059796147935
0.5338319163489471,0.21979373816771478,0.19418074219376139,0.5034772894404025,0.9903272418189317,0.09772491657062803
0.5349992244046504,0.22055591765074534,0.19639078649792338,0.5059595217833062,0.9845473863152847,0.09777505673017994
0.5342840846379562,0.22160327525558526,0.19660661894432205,0.48917143513255,0.996056098597478,0.09773337661521674
0.5345120509696453,0.22229085879876473,0.194664385891141,0.5359936992357972,0.9810454738631051,0.09773766200429504
0.5203133061223224,0.22138630301828383,0.1974414537916528,0.5040132864355156,0.9870803229919147,0.09883507595575972
0.535440146191092,0.22158217770296929,0.19526254497735873,0.5092480924713547,0.9889672758180268,0.09776864525659766
0.5351884083875005,0.22081253540768286,0.1958359010281418,0.5015735431120791,0.9872843178919766,0.09775031885110773
0.5354150956266435,0.21963750721473724,0.19245354920016075,0.49952763726067806,0.9890182745431275,0.09775458209347243
0.5365795376139202,0.2223735558412347,0.19744752285493694,0.4902600276369231,0.9898852528685893,0.09780468903295397
0.5358614942320519,0.2231039781437937,0.19544460359565657,0.5061648191951253,0.9915852103696352,0.09776295355120684
0.5360865497521075,0.2206247600376881,0.19295487330509453,0.5200561474523049,0.9871313217169018,0.09776715035343081
0.5218849460328183,0.2218624533256877,0.19420158550847572,0.501932198087621,0.9884572885677017,0.09886453108482508
0.5370089259780633,0.22032658189002535,0.19446465129203094,0.4963337734057416,0.9904802379940065,0.09779804501887908
0.5367543130322483,0.22182110212256043,0.1957047632230878,0.5137286588476015,0.990225244368844,0.09777967431996198
0.5369781604856882,0.2185639332188797,0.19285144247822827,0.5000797562575705,0.9848533786654343,0.09778388219554277
0.538139812749594,0.21971423972877274,0.19563695438910803,0.5149586166877729,0.9870803229919147,0.09783391162152674
0.5374188141257723,0.22313232574521116,0.197721405382573,0.4883814967547324,0.9893072673182814,0.0977921429197092
0.5376410714744368,0.22159901283478556,0.19554196535923873,0.5163698477745504,0.9886952826178685,0.09779630650186281
0.5234367208976471,0.22334269337578688,0.19652587517021375,0.5086755628613726,0.9867233319166644,0.09889364293982994
0.5385578109948579,0.22147816498064443,0.1977211397780529,0.48180741299966257,0.9905652358690986,0.09782710150709997
0.5383004026936593,0.22486044594719412,0.1984852618486508,0.4893838405205231,0.9887632809178513,0.0978086865147557
0.538521476693985,0.2221303654249875,0.19738208675466998,0.5055619516310563,0.9845473863152847,0.09781285009690932
0.539680404315547,0.21957335098757466,0.19276305150731227,0.516907512562951,0.9888652783680527,0.09786282415610935
0.5389566115878996,0.22163354487980458,0.19645015574827718,0.5035575023556589,0.9917552061198194,0.09782100008750787
0.5391761286497441,0.22201634030481102,0.19761163988790248,0.5216562362742103,0.9892052698681937,0.09782509722952072
0.5249690640688569,0.22184817135532361,0.19711585806395462,0.5023312771957027,0.9884062898427146,0.0989223672273471
0.5400874032410017,0.22288188885601884,0.19779950417833536,0.5125930504562666,0.9883552911177276,0.09785580364790354
0.539827279371258,0.22051158418340083,0.1973609800488066,0.5120526060123869,0.9934211644708739,0.09783733328877532
0.5400456299807996,0.22112030579007316,0.1965768048369416,0.5066611862449781,0.9921971950700481,0.09784144150414495
0.5412018636231974,0.22455416669691247,0.1991602005615145,0.5070900473760509,0.9903952401190281,0.09789136019656104
0.5404753227864902,0.22323356539091677,0.19856547441371894,0.4948059556262947,0.989154271143093,0.09784951398124597
0.5406921709003347,0.22081573222328266,0.19654408457343714,0.5242685564935394,0.9875393115171391,0.09785357790318844
0.5264824899368956,0.22020615956279294,0.19440897615787744,0.49763524781045554,0.9919252018698899,0.09895078146087408
0.5415980885093306,0.22091015271088,0.19624381866347185,0.5171157881770692,0.987743306417201,0.09788417358800335
0.5413353213485306,0.22149521287591506,0.19899001446526482,0.4878302116544839,0.9898172545686066,0.09786565893544798
0.5415510308572449,0.22134537912999347,0.19830267423468378,0.4865607827065084,0.9907352316191691,0.09786970071067688
0.5427046675162428,0.22134963976286495,0.19315513911324475,0.5083391054203006,0.9893072673182814,0.09791959171970095
0.5419754783822475,0.22687161306058656,0.20014226663444587,0.49182028796674837,0.9878453038672887,0.09787768460092353
0.5421897085490914,0.22163418138223945,0.19796071505517687,0.5020112991406855,0.9856693582660228,0.09788171530279564
0.5279774293506945,0.22042569211325924,0.19382823187469378,0.5171063373484397,0.9897152571185188,0.0989788634936973
0.5430904531548886,0.2226960337208978,0.19679210828767107,0.4995100063030675,0.9892052698681937,0.09791222240075621
0.5428250858817956,0.22422571892503035,0.2008887105108606,0.5111245187572544,0.9906842328941821,0.09789364130806008
0.5430382246898331,0.22424468884310284,0.19897893211666393,0.48011698537468384,0.9899192520186944,0.0978976720099322
0.5441892706232228,0.22385358312787956,0.19731902560148687,0.4799212976289502,0.9896132596684311,0.09794751318885073
0.5434575145432263,0.22242897088748717,0.1957306220364899,0.5056352948263425,0.9893752656182642,0.09790555623996774
0.5436691799542972,0.2210825805053107,0.19473272372078998,0.5279701045670653,0.9896132596684311,0.09790952050169908
0.5294543716695368,0.22128357045254143,0.1940065941634203,0.49460764706253757,0.9929111772204351,0.09900662439917361
0.5445647775267308,0.22262718954602684,0.1963649276845213,0.5003176153478597,0.994220144496353,0.09793992793944856
0.5442968943086357,0.22391581733224025,0.19694144885583548,0.5015463024883833,0.9934211644708739,0.09792132470003884
0.5445074865084942,0.22457015256283952,0.19873539490544853,0.4933954790174331,0.9885252868677981,0.09792527788841339
0.5456560703138873,0.21939921929758097,0.1965235068632429,0.49941065347436897,0.9936761580960365,0.09797508584726156
0.5449217666870427,0.22217278044538652,0.19748525419038715,0.491845026900513,0.9911432214194065,0.09793308460495143
0.5451309443131733,0.2227789453147503,0.19799079476707743,0.5204737708333689,0.9878963025923895,0.09793701564661238
0.5309136494950297,0.22223480367422105,0.1976918524529706,0.507514739023905,0.9873353166169636,0.09903408632401653
0.546021628893639,0.22378793755653653,0.19870795353178092,0.49466101644773763,0.9921971950700481,0.09796732342415072
0.5457512582034911,0.22236737497348952,0.19744462333892593,0.4972857259886312,0.9931151721207243,0.09794867589131383
0.5459593939073657,0.22261248383668222,0.1990609928465177,0.5192755407750245,0.9900552486186598,0.09795259585961803
0.5471055584506344,0.22526690102590963,0.2021351593230927,0.49125296028344856,0.992095197620074,0.09800234845168222
0.5463687783028739,0.22475366372410638,0.1982287985507909,0.49300656550653255,0.9944751381215156,0.09796030291594489
0.5465755601335953,0.2233595302955313,0.19709765530084425,0.5098554074841908,0.9915852103696352,0.09796418966417873
0.5323557894203139,0.22247841961737697,0.19614012444545648,0.48138538187919555,0.9879473013174902,0.09906122158483407
0.5474613251514109,0.22220773444145786,0.197131161311054,0.49642967151977313,0.9896642583934181,0.09799441992821951
0.5471885577271878,0.22449789880891446,0.19729527834401955,0.501102907730091,0.9873353166169636,0.09797573917531226
0.5473942654080277,0.22167894037649263,0.19526808283160269,0.5025630210439378,0.9948151296216565,0.09797961485018927
0.5485380163211824,0.2215713070995875,0.19615516430140673,0.5010297630816247,0.9914492137695561,0.09802931207546953
0.547798896072357,0.22123028482876067,0.19581399972208913,0.4985067889312689,0.9922651933701445,0.09798723331966183
0.5480032526960503,0.22199587567877355,0.19577019932335477,0.49926769976401153,0.9892052698681937,0.09799108684782527
0.5337811728577719,0.2221469895812776,0.19623590143540204,0.5276260626374714,0.9892562685931807,0.09908808001173187
0.5493580019397206,0.21894523393592116,0.1945680821188972,0.4965830290834956,0.992860178495448,0.09804358563237377
0.549538692222407,0.22312934348099395,0.19955228816744697,0.48512111971511573,0.985567360815935,0.09804825858893977
0.5492830035622647,0.221993318941465,0.19509235888110907,0.5012879930756402,0.9882532936675261,0.09802881377441393
0.5490023716587942,0.22405094894467362,0.19825121999902873,0.5143717519973912,0.9939311517211991,0.09800984511423008
0.5492050943731739,0.22205747338069937,0.1979145441361007,0.5121015676581844,0.9871653208670068,0.09801366542232313
0.5349805940212105,0.2257929238021838,0.20069319459687807,0.5058402745632498,0.9879473013174902,0.0991107139530137
0.5505509778909854,0.2206377636393979,0.19597231108291963,0.49894418757559933,0.9918402039947978,0.09806571019924318
0.5507408317703972,0.22348996859647174,0.19918342103668363,0.5107819460741279,0.9899702507436814,0.09806936440698437
0.5509193640537462,0.22347270614981862,0.1980245708085493,0.5135102573456665,0.9884062898427146,0.09807400414348003
0.5510748783032695,0.22186159869601393,0.19819713185188276,0.5109191022173432,0.9944241393965285,0.09808045991048947
0.5513186439936031,0.211760580395818,0.1436209629606971,0.4980418716976951,0.978376540586396,0.09807998375614742
0.5515085466837877,0.20323379710640987,0.12789707576948836,0.49756607409838804,0.9798555036123844,0.09808367118395898
0.5516844409952042,0.1889987598572504,0.1096792617363001,0.5190002754638581,0.9746706332341546,0.09808824448031389
0.5516735292844732,0.17376899982117144,0.09605777819074363,0.5151560119361582,0.9653038674032359,0.09810600614460743
0.5520819750112813,0.15814664651361693,0.08345794243172533,0.1246155289741957,0.8671143221419015,0.09809417979955413
0.5509947466595899,0.15388603152138852,0.0816629339640319,0.13848104614478274,0.8768890777729439,0.884523602637648
0.5493618504813851,0.15423493497966717,0.0826017219937851,0.12766211079809986,0.8811559711007249,0.8848006580245714
0.5473095305330515,0.15408318636265644,0.081606205265282,0.12200610753843766,0.8727581810453557,0.8849975423083242
0.5452022036603141,0.1503854558621499,0.0798502583690103,0.13065186852213706,0.8692392690181805,0.8851895543150887
0.5435946459049568,0.15071709866170357,0.07887847783111951,0.12591422372343042,0.8634594135145335,0.8854646164977895
0.5419872358334761,0.15168516343934307,0.07896212112123885,0.1212778378028937,0.863663408414709,0.8857396786804903
0.5403800385268998,0.15289855878327055,0.08082704112536282,0.12452233109691524,0.8638674033148845,0.8860146744230504
0.5387730508563324,0.15114592429790474,0.07925394302083616,0.14329262977923551,0.8577985550360836,0.886289803045892
0.5371662246367817,0.15050098284200414,0.0807948587110115,0.150943115263934,0.863612409689722,0.8865649095220202
0.5355595655002601,0.15021153514768237,0.08034233500990284,0.13083560374931058,0.8565745856353715,0.8868399827780775
0.5339531066130596,0.14766709878507064,0.07605866530984073,0.12038052530485177,0.8603824904377007,0.8871152110611304
0.5323468385884951,0.14802175937211395,0.07847874302837934,0.12378040134015933,0.8616404589885178,0.8873901625102633
0.5307407676843567,0.1462708341460957,0.07580008824267506,0.12720930492054228,0.8534806629834293,0.887665335426532
0.5291348438383152,0.14586992700854692,0.07587238800641541,0.12244930374991014,0.8560985975350377,0.8879403976092328
0.5275291039713377,0.1466214468637219,0.07707318604175648,0.12907937770820355,0.8591585210368748,0.8882155705255015
0.5259235590345606,0.14616021502911697,0.07787978270185933,0.1370424950155814,0.8579685507862678,0.8884906327082023
0.5243181780519155,0.1437383322041375,0.07579270665038745,0.12205387790331546,0.8509987250319,0.8887496385235556
0.5227129522624963,0.14207202783131928,0.07429321419849164,0.11682637839045007,0.8477688057798787,0.8889867855326024
0.5211079326673005,0.14031512734929744,0.0742594381570198,0.12975308677762765,0.8429069273267942,0.8892238439547946
0.5195030851613662,0.14169136004085633,0.07553940847305865,0.1294357692499979,0.8491287717806699,0.8894609909638413
0.5178983991064481,0.13969383303160857,0.07335151337250143,0.12612015648507324,0.8379090522736306,0.8896981822663151
0.516293939583576,0.14025651191158883,0.07337209772280864,0.1357908558626727,0.841648958775977,0.8899352628352212
0.5146895867560461,0.1386782361830966,0.07291695117706407,0.13580987664802313,0.8331491712707475,0.8901723434041272
0.5130854582703348,0.13879716201443582,0.07257473081977903,0.15011037019173712,0.8394050148746146,0.8904095347066012
0.511481473713824,0.1389342138617429,0.0745697306376186,0.14063837647153477,0.8370250743730594,0.890646726009075
0.5098776925355315,0.13721077624368377,0.07251246869352723,0.14915404957880884,0.8401189970250016,0.890883806577981
0.5082740530962129,0.13874643491589178,0.07403648529611162,0.13339316475569984,0.8396090097747901,0.8911208871468871
0.5066706010777438,0.13890522260617783,0.07422619332458816,0.13876874048687737,0.8247683807903741,0.8913581338161448
0.5050673417992466,0.13610395929903063,0.07194438489246802,0.1457396796256456,0.8288142796429838,0.8915951590182669
0.5034642120570307,0.13640447426883484,0.07175889554911896,0.14470628313721612,0.8264343391415423,0.8918324610543086
0.5018613044664071,0.1346475845143821,0.07215863920534316,0.13559250758955155,0.8237484062898375,0.8920694862564308
0.5002585129578128,0.133493012007833,0.06910161971391116,0.15693835562014768,0.8222354441138577,0.8923067329256886
0.4986559198212026,0.13467870340449062,0.07053487482523776,0.13718393977010745,0.8334891627708885,0.8925438577880217
0.4970535006511918,0.1351497420252056,0.07197789532941976,0.13250280139635606,0.8198555036123025,0.8927810047970685
0.49545123698729476,0.13179900368774494,0.0697923906695434,0.14466506481739627,0.8153846153845734,0.8930181407327584
0.493849161995807,0.1294370075174156,0.06776202118311142,0.14925618206298652,0.8147386315341691,0.8932552766684484
0.49224724157176425,0.1304852161760729,0.06984595424776219,0.1310333960913359,0.8132086697831937,0.8934925122643494
0.49064545756757205,0.12829864079196068,0.06672059471331024,0.1545575409928699,0.8242073948150619,0.8937296592733962
0.4890438860153963,0.129457890518649,0.06834435909341563,0.13403181045672252,0.8118487037822888,0.8939668062824428
0.4874424646502118,0.12909790905731883,0.068125877241929,0.16273441380659637,0.8079388015299855,0.8942040418783438
0.4858411922204606,0.12756267591201953,0.06713484037633147,0.1516576455595381,0.81893752656174,0.8944411778140338
0.4842401056471122,0.12904675643186608,0.06909317349017219,0.15978789957994255,0.8109307267317263,0.8946783137497238
0.48263920086260104,0.12688277330833478,0.06686070109765938,0.15929943469352337,0.81026774330644,0.8949155050521976
0.48103840777966544,0.12621798584954969,0.06714777531646002,0.15045349880595937,0.8035699107521168,0.8951525856211038
0.4794378149460523,0.12225831492989053,0.06380763468683479,0.15103130976135193,0.8099107522311897,0.8953898322903616
0.4778373722994309,0.12426969838259369,0.06491187441226698,0.15516040855693913,0.8078878028048848,0.8956270789596195
0.476237092981163,0.12482129925952243,0.06695912085257985,0.14246536459926884,0.7986740331491546,0.8958642702620934
0.47463698888105244,0.12135035135828373,0.06458337695518679,0.15077006185567354,0.8073098172544633,0.8961014615645672
0.47303703997416635,0.12317246473302712,0.06490026528136791,0.14842621664626865,0.8031789205269888,0.8963385421334733
0.4714372612792044,0.12143241726210338,0.06536438704652064,0.15153883514248545,0.7842753931151947,0.8965758441695149
0.4698376139978597,0.119384157790527,0.06164720752039718,0.14195883195223513,0.7959201019974671,0.8968130354719889
0.46823815507603506,0.11896896689468595,0.06262583844153535,0.14695085493665028,0.7989290267742035,0.8970502267744629
0.4666388438380844,0.11869721611356696,0.06296146295323804,0.14387167172491178,0.7894602634934245,0.8972874180769367
0.46503972283699024,0.11918721928856982,0.06448970709443394,0.16205319966737852,0.7944581385464744,0.8975246093794106
0.4634406850645214,0.11681243943169775,0.06103532110723264,0.1600839725978387,0.787471313217111,0.8977618006818844
0.4618418481671531,0.11593410004223448,0.06036750280887848,0.1477625143365695,0.7865193370165571,0.8979989919843584
0.4602431821074888,0.11557580817304172,0.06056355435864322,0.15222008899106731,0.7884402889927742,0.8982362386536163
0.4586446831308524,0.11536586964523107,0.060618963888276645,0.13758008038525393,0.7701487462812793,0.8984734853228741
0.4570463249545207,0.11565105313082497,0.06131553387593089,0.16177154114861003,0.7733446663833092,0.898710676625348
0.45544809506291184,0.11627490597375059,0.061547729774138304,0.15955885596845842,0.7804844878877475,0.8989479232946058
0.4538500422667968,0.11268417403564251,0.05924348661355433,0.16435900330608255,0.7655418614533573,0.8991851699638637
0.4522521502959189,0.11110568375576776,0.058738472819162224,0.1531958671923498,0.7712027199320346,0.8994223612663377
0.45065440538313695,0.11412882001137911,0.060453262081674536,0.16091048329988955,0.7680747981299874,0.8996596079355954
0.4490568231729295,0.11027593310273592,0.058744548522559364,0.1608364650454155,0.7651508712282293,0.8998968546048532
0.44745938364036464,0.11190472674217422,0.058525015319847384,0.1721747988730642,0.7726816829579093,0.9001339794671864
0.44586209867524484,0.10873515916798263,0.057457716756418115,0.1719214134214554,0.7595070123245478,0.9003712925765851
0.44426494762685964,0.10770719879605209,0.05761920430463474,0.15536213212599936,0.775571610709676,0.9006085392458429
0.4426679949504595,0.10858660021485891,0.05737724744031389,0.16312233458339742,0.7720186995323957,0.9008456641081761
0.4410711837001431,0.1081368826377834,0.05800021398870833,0.16745430851960041,0.7541351466212518,0.9010829218507909
0.43947450010876965,0.10538805032474322,0.056097024799980966,0.1608734344632885,0.753234169145685,0.9013200024196967
0.4378779848519829,0.10572032962673175,0.056313381815306846,0.15858681044739076,0.7476073098172265,0.9015573487491657
0.4362816166532921,0.10581240614047491,0.05611654673220781,0.16792101267455395,0.7399575010623494,0.9017946064917803
0.43468537861666157,0.10501548184897092,0.055539233174075386,0.16994670645968513,0.758351041223932,0.9020319085278221
0.43308931079195423,0.10243182906948817,0.05462604056657516,0.16702659896008332,0.7506502337440679,0.9022690998302961
0.4314934087987172,0.1008740054515361,0.05328513614688496,0.1748095151736827,0.7365065873352705,0.9025063464995539
0.4298976438511102,0.10052637857398353,0.05467327390373172,0.17359794276903806,0.7577390565236328,0.9027436596089525
0.4283019915437474,0.09972604649135366,0.053575641090736814,0.1689412653635034,0.7493412664682637,0.9029808952048536
0.42670650819675027,0.10267161527046581,0.05510994986847484,0.17201445246127978,0.7291117722056697,0.9032180865073275
0.42511118849099505,0.10090917399898999,0.05460202549121673,0.17035567319939982,0.7311517212069703,0.9034553885433693
0.4235159998859692,0.10160719904278617,0.0544270917141704,0.16508508902660723,0.7340416489587369,0.903692690579411
0.42192095082969017,0.09824090394216356,0.05272575089385881,0.1613787361200386,0.7248618784529981,0.9039298818818851
0.42032605321196037,0.09692946934398664,0.051262159319595574,0.15520162687675887,0.7329536761579902,0.9041671839179268
0.4187313120390139,0.09726003938662764,0.051406493242556195,0.17153865486197295,0.7268338291542022,0.9044044305871846
0.41713670259257496,0.09606007853510326,0.05138801159469972,0.18280710020900248,0.7355716107097123,0.9046417436965832
0.4155422602291643,0.0955545168090102,0.05160569663262604,0.1760987590942883,0.7102082447937619,0.9048788685589165
0.4139479448989172,0.09387221941855214,0.050721521318946,0.16166321400365025,0.718623034424013,0.905122925342601
0.41235376630141074,0.09299046687417839,0.051264793231086486,0.18051904665600116,0.728771780705415,0.9053727402718174
0.41075975447404334,0.09376692832757308,0.05116664350742808,0.17228646160459904,0.7254568635783016,0.9056226659346013
0.40916585340958234,0.09055600597439781,0.0489259904956964,0.15515202988113763,0.7198980025498258,0.9058724808638176
0.40757215134288494,0.09100232648791654,0.04887137335288122,0.17278008870833672,0.6918827029323893,0.9061222957930337
0.40597851779900296,0.09159761717804218,0.048628624101742096,0.17161501596892226,0.7099022524436123,0.9063721107222501
0.4043850394483455,0.0909541597025374,0.04946583168278568,0.1813366624605185,0.7248618784529981,0.9066219256514663
0.40279170815578436,0.0902616700844106,0.0495275847337073,0.1638617229408581,0.7023034424138359,0.9068717405806824
0.40119855020404316,0.08713387566439859,0.04619298638506805,0.15986993912594216,0.7031704207394114,0.9071216662434665
0.3996055083343304,0.08464656360738687,0.04591119105610422,0.1687994632247014,0.6953166170844725,0.9073714811726827
0.39801260945514993,0.0866845800383754,0.04678586879481991,0.1661169765592052,0.6899447513811765,0.907621296101899
0.39641985763406495,0.08520816973045447,0.04687557893485236,0.1721219060002318,0.7004844878877066,0.9078712217646832
0.3948272184532242,0.08457686122698577,0.04381275819802741,0.17342945593763603,0.6925626859327849,0.9081210920606833
0.3932347616870002,0.08590385258832467,0.04626210996142227,0.16593236772602393,0.7024224394389194,0.9083709069898994
0.39164241724813076,0.08462353509232812,0.04594232211923013,0.18396959183975747,0.6863578410539048,0.9086207219191157
0.39005022800248623,0.08408302652187646,0.04643468649835278,0.17082166258580156,0.6664853378665612,0.9088705368483319
0.3884581401330611,0.0837377418302499,0.045847346369586844,0.1840223655844978,0.6881767955801479,0.9091205178778999
0.3868662180951059,0.0799747966490936,0.04418426366702363,0.17429750263441857,0.6766170845728539,0.9093703328071161
0.38527442465476236,0.07944514080274187,0.043151801349775615,0.1736305838662363,0.6713132171695406,0.9096201477363324
0.38368277013738705,0.08033968597329932,0.044367375849917845,0.18189751751748806,0.6727241818953189,0.9098700733991165
0.3820912457820702,0.07828311978736247,0.04259322619053574,0.19009773943723984,0.6718232044198658,0.9101199547684734
0.3804998519017033,0.07952464996925301,0.04357687039699065,0.17568268437841972,0.6806629834253499,0.910369858284544
0.37890862760748023,0.07720208655510546,0.042865780695571315,0.16630710499398071,0.658784530386697,0.9106196732137603
0.3773174834129871,0.07778608647872517,0.04411117815657803,0.1788182151776575,0.6628984275392895,0.9108695545831171
0.3757265012952886,0.07522502238396694,0.04169295966968006,0.19780691536191308,0.6599575010624221,0.9111193695123333
0.3741356524685453,0.07492534774041101,0.04238372177182825,0.17639149652560948,0.6595835104121761,0.9113692951751174
0.37254492566873276,0.07584611287784243,0.04187923697310536,0.19103916903867235,0.6543136421589679,0.9116192208379016
0.3709543603199372,0.07399265712196701,0.04124439790266274,0.19606319777046233,0.649009774755541,0.9118690911339016
0.3549375174570675,0.07168778525723771,0.0402296115662269,0.18770850642479653,0.663102422439465,0.914863005682976
0.3682462235279891,0.07224408123358753,0.039987402377611975,0.18195243556788376,0.6598045048873473,0.9123898157370219
0.3661771924608148,0.07062445072611165,0.03966945163335048,0.19645520861175392,0.6452188695282075,0.9125030518835718
0.3645871189744172,0.07096780445529538,0.04141695230588324,0.17667315504437786,0.6357841053973061,0.912695883318739
0.36393564472509166,0.07056923950367258,0.0393654893938139,0.18537502535939265,0.6348831279217393,0.9130493448675236
0.3614015596379052,0.0691563471325512,0.039353625725249725,0.1682638633232283,0.6322141946450301,0.9130811254015152
0.3598115387169538,0.06734340582941117,0.03932485190223964,0.18727758040679632,0.6189545261368039,0.9132736910761194
0.34379562451031687,0.0696320790647591,0.03944253683835092,0.19854876569994095,0.6366340841478859,0.9162115633664718
0.35710522607117756,0.0652410168319493,0.03524540994441916,0.17822924589098432,0.6215044623884296,0.9137385505942264
0.35503712366023565,0.06555815953390001,0.03762115384181222,0.1740621849434244,0.6179345516360399,0.9138518310342034
0.35344797069494094,0.0667815672756791,0.03808790951845589,0.1953507720711496,0.6339651508711768,0.9140446181759434
0.35279735501458553,0.06377035650108037,0.037804000420186334,0.17742628284177842,0.6193285167870499,0.9144179453268121
0.3502642386334962,0.06435542024197177,0.03684620838702049,0.18434722789128555,0.6160305992349322,0.9145814988066224
0.3486750781588519,0.06389867610711825,0.0368992407561991,0.2106739405750162,0.6213344666382454,0.9149061253343219
0.33266003722699367,0.06168908293551634,0.035777592867845764,0.1890287633586767,0.606816829579202,0.917991826937841
0.34597059904593275,0.05992899278960745,0.03440317801120382,0.17328130030059596,0.6168465788355206,0.9156978703449141
0.3439033026385139,0.06092774735459042,0.03535490540782754,0.1878657952155538,0.5925201869953298,0.9159903176977776
0.3423150814583473,0.06069905346008983,0.03595966476636961,0.19730602144456544,0.6119337016573354,0.916362382485972
0.3416653681515007,0.05847111614528119,0.034545143627193575,0.18867264978243048,0.6011899702506298,0.9168951216812111
0.33913310220425164,0.057634347874112285,0.03470767145978057,0.19729371154172926,0.5983000424988631,0.917106024834662
0.33754485036090776,0.057410552902846246,0.03470530315280973,0.20701690669852124,0.5820314492136731,0.9174779124491476
0.3215306773847062,0.05665881849628879,0.03184775265596773,0.1816506444015734,0.5901912452188753,0.9205950070191705
0.3348421221780007,0.057228738485429614,0.03424698041967905,0.17531779503273193,0.5720356991074595,0.9183012165265955
0.3327757688197348,0.057265408892561265,0.03454592716052787,0.1864098116755617,0.5883212919676453,0.918593663879459
0.33118839275428646,0.05453533194621102,0.03342929477086232,0.1898107598636969,0.5992690182745264,0.9189657286676534
0.33053952643949547,0.053572800806312715,0.03189418917956402,0.17324933426258549,0.5683637909052095,0.9194985785964602
0.32800814659549804,0.05294766959473285,0.03233350790928205,0.17784454157266638,0.5658818529535665,0.9197096367769063
0.32642077647495205,0.051008321768715864,0.030453550262578816,0.1795157498654747,0.5484912877177521,0.9200817015651006
0.31040746175483047,0.05178201193341944,0.0318311302397519,0.19448673602012967,0.5598980025498577,0.9231987407683395
0.323719742589045,0.0501304132699458,0.030658818289190787,0.1826035500091987,0.563450913727138,0.9209050610093326
0.32165424185484737,0.05114921050991392,0.031208960504917727,0.171352894457236,0.561665958351,0.9211976190957638
0.3200677268614851,0.04903296506899674,0.03110711445168801,0.1904116022502027,0.5620739481512373,0.9215697392507423
0.3194197206801115,0.04705526618335154,0.030315280976160347,0.19632555753833225,0.5572460688482579,0.9221026999131169
0.31688918876683836,0.0475738189956571,0.03087887163408798,0.19345266447251253,0.5501062473438196,0.9223137580935628
0.3153026672027952,0.046110203101848046,0.02947702204389141,0.20346164792192756,0.5414364640882923,0.9226858782485412
0.29929020103917825,0.04695700165015049,0.031080199860318597,0.17878605059282715,0.5415044623883887,0.9258030835521321
0.3126033416939209,0.04521502321678389,0.027989404327414757,0.18077727665001642,0.5422864428388721,0.9235094148664817
0.31053868889044667,0.042977931709653805,0.02812054655921073,0.18923167820865694,0.541912452188626,0.9238020172463401
0.30895301244112217,0.04255676734573732,0.028485199431588615,0.17766993949921017,0.5197280067998236,0.9241741927681025
0.30830581163749216,0.04312307571993884,0.029045890573505234,0.19546910597583445,0.5510752231193692,0.9247072641640454
0.30577615706656225,0.04191949610176232,0.028955385833283498,0.1978028252974222,0.5408414789629887,0.9249183223444912
0.3041904630954222,0.04046973665140863,0.02769442837414135,0.2076809266831321,0.48360390990217184,0.9252906085998215
0.28817878916818573,0.03757000319931875,0.025894670012280213,0.18751305693524634,0.5366765830854092,0.9284078249767691
0.30149280184615046,0.03991472798335399,0.027090200224639427,0.1834247396564751,0.5063493412664002,0.9261142448779731
0.29942896599733304,0.036288612946409504,0.025860893970808402,0.19224958987176155,0.5093922651932417,0.9264069136979723
0.29784410587688726,0.037769071123747555,0.026002328377757927,0.19970819970966924,0.5248448788780706,0.9267791999533027
0.2971977173345701,0.037030120403732825,0.025312606559980133,0.18435457412362344,0.49115172120696116,0.9273122713492453
0.29466887502495487,0.03584998052409827,0.025278578194214196,0.19151314000723585,0.5036124096897083,0.9275234402632593
0.2930840277329807,0.034680478817181115,0.02495165444391556,0.20651319341633045,0.48304292392685966,0.9278957265185893
0.2770731241398563,0.03553155051385237,0.024174867464451133,0.18969016252526472,0.5178070548236064,0.9310129871889641
0.29038796159471714,0.034371649981303654,0.023866159757488903,0.2028365034046613,0.4925116872077524,0.9287195842638768
0.28832495333880237,0.03236858039467372,0.024111542920118967,0.18097213049910676,0.49626859328509454,0.9290122973773034
0.2867408801356155,0.03287329464280575,0.024703898547572656,0.19502662453291375,0.4724181895452375,0.9293846500727743
0.2860952832039012,0.03151071457088889,0.022791479601772024,0.1796144673443495,0.4812239694007303,0.9299177214687171
0.2835672953956907,0.02984609979020808,0.022308632717952748,0.20005466391046633,0.4878028049298564,0.9301290011162989
0.28198318621020313,0.028412109866470747,0.021944245450094935,0.18768829435852652,0.46867828304289105,0.9305012873716291
0.26597308955927046,0.027477917388349038,0.020423914110226815,0.1872797644218156,0.47904802379935063,0.9336188248759235
0.27928875053946944,0.02649727453590839,0.020630512372810272,0.18123159148340562,0.4770590735231508,0.9313253665840524
0.2772265091758812,0.027026715830877623,0.021205975552786083,0.19516850609044356,0.46527836804068556,0.9316181461376195
0.2756432745167312,0.027182730444544445,0.02094106824455816,0.20591548806957993,0.4746791330217093,0.9319905431265176
0.2749983906603388,0.024312408411143682,0.019565858787726986,0.18638380204214955,0.4705822354441125,0.9325238359895962
0.2724711935240616,0.02376848489785338,0.019134990708489896,0.1962243780788906,0.4443348916275909,0.932735115637178
0.27088789409677183,0.023403586634006712,0.01946981619326127,0.19856329932716066,0.43461113472153556,0.9331074461859354
0.25487858060842283,0.023634837265815833,0.01834209481488186,0.1811813194285966,0.4264513387165607,0.9362249947635866
0.26819500441338384,0.021820394102998075,0.01738273128830542,0.19731134249934001,0.43654908627274835,0.9339317025720673
0.2661335383901413,0.021323367946073535,0.017617822275781847,0.20640931372013727,0.45664258393537693,0.9342244821256346
0.2645510737522141,0.02041198943162803,0.018622573188100178,0.18527066915083168,0.44317892052697516,0.9345969898481007
0.26390705503547185,0.017510342896377207,0.0154729462539957,0.19110735001664025,0.4215384615383755,0.9351302162710383
0.2613805769194184,0.01862205876426487,0.016046563482556897,0.18836283732459425,0.425329366765709,0.9353078993541148
0.2597980572129268,0.01578177392441904,0.014891414010735848,0.20314401271938598,0.4100297492562959,0.9356079873231644
0.24378951687469552,0.017545708115931702,0.015382175909253892,0.19553434846086715,0.428559286017844,0.9386779204666122
0.25710670319152973,0.015143429923531404,0.013520952234701233,0.19730649795693345,0.4094857628558657,0.9363660693291104
0.2550460062508404,0.015312246103022786,0.014332042037935644,0.20885183669905283,0.4070038249043364,0.9366403563768357
0.2534642709584922,0.013291690578716264,0.01441436615893854,0.19455170053961468,0.4077008074797277,0.9369941501263241
0.2528209859677828,0.01453578464962818,0.014308292567097314,0.18415285055456299,0.39260518487037643,0.937508950483561
0.25029531072635613,0.01370817057078072,0.013503276253889085,0.1944734730925579,0.3754866128346066,0.937701626891733
0.2487135156721001,0.010786266809162226,0.012367387536516727,0.21860683905639933,0.3739566510837449,0.9380554206412215
0.23270572939772372,0.010681619372330697,0.01206738723107148,0.1961495656371366,0.3717807054823652,0.94115441027289
0.24602368792600693,0.011205500210635821,0.011886643355148163,0.1962729426310479,0.36849978750524315,0.938842570208745
0.24396372471135086,0.009272982270296215,0.011670020735302211,0.2007113376627394,0.38487037824052095,0.9391169126232544
0.24238277477181258,0.009594827223380786,0.011377665413293714,0.1964246324014831,0.3703187420314862,0.9394708724730947
0.24174017313191598,0.007242432227419882,0.010767629378285792,0.19203809779916003,0.3622609434763717,0.9399855067299795
0.23921527948862575,0.005940158973277265,0.01020220162242752,0.21656879565906761,0.3667658308542059,0.9401785153388554
0.23763424506890507,0.004794114884183964,0.011902734562323825,0.19659986982476307,0.3466553336166953,0.9405323090883438
0.22162716310894215,0.003374195955284487,0.008581593509369212,0.20039537025348508,0.35025924351884896,0.9436312987200125
0.23494587882997608,0.07408026560316885,0.05833186549946465,0.2016307682765226,0.3105822354441443,0.9413194032890834
0.23288664777690427,0.1290723238049515,0.0933965315679604,0.1909818684264375,0.4825329366765345,0.9415939118039448
0.23130641623181036,0.14929184276716362,0.1039208893395509,0.19698838624202386,0.4966255843603449,0.9419479270205688
0.23066458586469363,0.18351578484916092,0.13845390369366023,0.20918257599171075,0.5882702932425445,0.9424626166442377
0.2281403818300074,0.2252291757411472,0.17108846547298384,0.21380756532478284,0.870514237144107,0.9426555145195457
0.22873025031397765,0.21706472325070808,0.15628597142883321,0.5509174312473066,0.979124521886888,0.09566825094038621
0.4815620635123081,0.2093148269416033,0.14951283482935815,0.14376247097394412,0.906927326816799,0.09920327614243384
0.5086045586578636,0.22217768294447743,0.20547581788153213,0.4900098586437973,0.989154271143093,0.8813796551774058
0.5409681626515392,0.22102460693382153,0.20774443904922965,0.5064145910946114,0.9916362090947359,0.09789560129221218
0.5411530356419463,0.2201177036036301,0.20891384263029572,0.5176366161951387,0.992095197620074,0.0978991115463151
0.5116656198617697,0.2223790966306887,0.21398512269401598,0.5616173576301167,0.9867743306416514,0.0984207773847626
0.4803080631445025,0.2216149987007126,0.21028245402817364,0.5617470087035381,0.985567360815935,0.09883555211010175
0.4804318347475358,0.22291513895652723,0.20931780275827636,0.5856514501839876,0.980875478112921,0.09883609470458452
0.4664264966406493,0.2232842924894608,0.20589825080388527,0.5390194336436078,0.9893072673182814,0.09992745706656264
0.4812908348789713,0.2233723193458586,0.20351854718577178,0.5664452221038045,0.9854143646407465,0.09885971417462079
0.4807020270906306,0.2254860044736109,0.20040454224455384,0.5419336244479753,0.9890352741180095,0.09884353600034843
0.5103165020045117,0.22739230781086112,0.2044533843482886,0.48832443439868145,0.9863833404164097,0.0984063155807929
0.5430625862714558,0.22528032836659995,0.2019124676399626,0.508866644320884,0.9820144496387684,0.0979636802897663
0.5423018900968151,0.22391454075151415,0.19959002171626822,0.5049640080281217,0.9923501912451229,0.09792119181975734
0.5424847987665258,0.22334311890269554,0.2012032261033289,0.49660169248457,0.9845473863152847,0.09792465778043308
0.5282412690969265,0.22386786509824363,0.19817760327954292,0.5105193480500738,0.9908372290692569,0.09902127445020875
0.543323216396518,0.22587988326545347,0.20283278730208532,0.49734441642860583,0.9915852103696352,0.0979540575427145
0.5430269049711076,0.22432099761815782,0.1994417347127002,0.49174146487923176,0.9866213344665766,0.09793493385553559
0.5432092225924281,0.2247383179364706,0.19880268138387214,0.506826377199169,0.9899702507436814,0.09793837766949776
0.5443296087901168,0.22214294349978864,0.19788340864623277,0.504595425711583,0.9870803229919147,0.09798769840064707
0.5435673434743014,0.22315683645273762,0.19847655444713377,0.501996249291734,0.9934211644708739,0.09794516563721094
0.5437486266827154,0.22730577387450013,0.20336419554566165,0.5153658759248363,0.9872333191669895,0.09794860945117309
0.529503530375059,0.22921996376298667,0.20600801408518477,0.4983671708074864,0.991347216319582,0.09904519290087839
0.5445839395095429,0.2242954177295751,0.19941165500079966,0.5122923711521479,0.9931151721207243,0.09797794830999217
0.5442860019970568,0.2279242986914261,0.2022628664030955,0.5009594775073654,0.9905312367189936,0.09795880801277806
0.5444667811403807,0.2236351179705413,0.20074306405889653,0.5019476847395763,0.9894092647683692,0.09796224075338342
0.5455855966324479,0.22521042037445727,0.20103224762026095,0.4880985278269523,0.9872843178919766,0.0980115061177488
0.5448217571692244,0.22553182907306402,0.20222460607197607,0.49378915765201237,0.9878963025923895,0.09796897335431264
0.5450014756169179,0.22563243042840658,0.20036205880156494,0.5131309137914872,0.9834934126646431,0.09797238394820443
0.5307548345734729,0.22638118257074683,0.20029371875854496,0.5018397943976203,0.9884062898427146,0.09906894525119617
0.5458336354555873,0.22810141622149344,0.20257157411005772,0.5054820563907119,0.9886952826178685,0.09800165636688275
0.5455342073372078,0.2259167592843267,0.20126496808739552,0.4852987397002346,0.9910752231193101,0.09798249392295508
0.5457134417447431,0.22491245141439245,0.19877813952621554,0.4988463834120962,0.9868763280917392,0.09798589344349005
0.5468307653793589,0.22402686555198403,0.1996396233603956,0.49881791179811663,0.9884062898427146,0.09803513666114186
0.5460653705421019,0.22740232557249732,0.20359269068755578,0.5078396807494205,0.9847513812154602,0.09799255960427854
0.5462435861812098,0.22619532743562576,0.20508241331985416,0.5163764792383365,0.9878453038672887,0.09799595912481354
0.5319954104144422,0.22863234328478668,0.2043752855525262,0.504538323646168,0.9826264343390676,0.0990924650610213
0.5470726643705417,0.22644448416823562,0.20255125757764159,0.5119413403744919,0.9886102847427765,0.09802517064002951
0.5467717406400356,0.2275216822945298,0.20245389581405948,0.5075617152015031,0.9896642583934181,0.09800599158606663
0.5469494346922357,0.22374147645464856,0.19917576719976293,0.5089009929207338,0.9914152146195647,0.09800935788653124
0.5480652423769032,0.22347376996709034,0.20095097927722544,0.49007637182847774,0.9875053123671478,0.09805856788411266
0.5472983503630724,0.22936255282389134,0.2036206588435216,0.49521257951353426,0.9892052698681937,0.09801597975389258
0.5474750337819749,0.22549730060390138,0.20123040187247643,0.5125570737724932,0.9831874203143798,0.09801934605435718
0.5332253655319765,0.22853557882333514,0.20331960054673803,0.5067077256195724,0.9902762430939447,0.09911580769713776
0.5483011658031511,0.22686713608840436,0.2027375393078089,0.45943237767321965,0.9945771355716033,0.0980484911294324
0.5479987530311994,0.22494569972697265,0.200059942513443,0.4990677631163305,0.9892562685931807,0.09802926778204236
0.5481749777539977,0.22588308008105323,0.20074939651332976,0.5238762676866997,0.9870803229919147,0.09803263408250698
0.5492893167350417,0.2248031124539962,0.20068950048067774,0.4958519002737447,0.9883042923926268,0.09808181086001802
0.5485209100228206,0.22581786003661894,0.20044226915326208,0.5089650044154828,0.9906842328941821,0.09803918950972754
0.548696121296314,0.22615802767777202,0.20240824946391045,0.4993649877057824,0.9858733531660846,0.09804252259012179
0.5344450218894399,0.22642018622416352,0.20353385043287114,0.5021267739711632,0.9904292392689058,0.09913907281975672
0.5495192996399845,0.22617657028100763,0.20082617835334668,0.5035530549068921,0.9922651933701445,0.09807162337176986
0.5492153759243186,0.22525709423979962,0.20171457456552522,0.5030260719374045,0.9852953676157767,0.098052388951023
0.5493901453977452,0.22889151777903277,0.20486763443805187,0.4982578906377906,0.99240118997011,0.09805571095806047
0.550503056976587,0.22656320259990506,0.20115889892229635,0.4993469199451679,0.9890352741180095,0.09810487666221472
0.5497331555909084,0.2266687082422667,0.20148000814697595,0.49308066317973465,0.9907862303441561,0.09806224423856745
0.5499069491617772,0.22705128911589062,0.20562252011146356,0.5091554108158063,0.9868763280917392,0.09806553302553453
0.5356544170335802,0.22727401669402852,0.2034190738662549,0.49218291387868884,0.9858733531660846,0.09916260370293865
0.5507272307738451,0.2273049246086109,0.2012913514697248,0.5028266912208197,0.9922651933701445,0.09809458951375541
0.5504218956133458,0.22618722812093506,0.20181536705415856,0.4886027970402387,0.9878453038672887,0.0980753218729382
0.5505952339298958,0.22335249479811237,0.2003551973514625,0.48742914707820284,0.988151296217552,0.09807862173326207
0.5517067127874147,0.2268645793510958,0.2040470470598531,0.5202719678455809,0.9899192520186944,0.09812776529070276
0.5509354130982653,0.22770519345579665,0.20250191711129228,0.4757138919675781,0.9883552911177276,0.0980850885736283
0.5511077629966756,0.22531933202001667,0.20082459579308112,0.5190012681979579,0.982320441988918,0.09808836628723859
0.5368538141045227,0.2250691078942787,0.20145678988517782,0.4818883406834704,0.9921461963450611,0.09918595741241193
0.551925229541316,0.22850808406366327,0.2039903183611032,0.5045891516320729,0.9916362090947359,0.09811737848203231
0.5516184669786157,0.2252070054316186,0.200014298376665,0.4957837192957768,0.9919252018698899,0.09809808315782312
0.5517904066788057,0.22312976900790263,0.19993461259389506,0.5030284544992438,0.9906842328941821,0.09810136640811179
0.5529005025644413,0.22784714422633828,0.20381881309573707,0.5004035861208944,0.9912962175944813,0.09815046567212532
0.5521277613930602,0.22837188863395816,0.20298714779567945,0.4955746097850149,0.9886952826178685,0.09810777788169409
0.5522987201844596,0.23066311860661465,0.20675445796159947,0.5031386479843112,0.984904377390535,0.09811103344859079
0.5380433952039945,0.2264730445331074,0.20401802533929092,0.5078819315127041,0.9904802379940065,0.09920913394817654
0.5531133879319312,0.22700631557025489,0.20171220183181238,0.5050636785317322,0.9921971950700481,0.09813999027660054
0.5528052546000408,0.2290400731563001,0.20574416034155324,0.4891736588569333,0.990225244368844,0.0981206561956426
0.5529757659593608,0.22816770365905584,0.20335548593077363,0.5036966042577096,0.9954441138970651,0.09812392283589609
0.5540845470830393,0.22585750376832686,0.19958289466164572,0.48725827768496166,0.991687207819723,0.09817297780648244
0.553310386957476,0.22642658164329127,0.20184307181897526,0.5202194323570244,0.9940841478962739,0.09813027894269441
0.553479982176146,0.22889322346252394,0.20554178297746828,0.5313606091924716,0.9851593710156976,0.09813350128952072
0.5392233515075207,0.2281065314840387,0.20314018026667313,0.5006330665353824,0.9916362090947359,0.09923217760365965
0.5542919090110177,0.22986918015518432,0.20638638100428341,0.4990556517603142,0.9931661708457113,0.09816241382410333
0.5539824462113598,0.22910593506695381,0.2029467759086253,0.5118463158664681,0.992095197620074,0.09814306866978859
0.5541516124584351,0.22532550931190548,0.20247131061709356,0.49747946797552967,0.9951551211219112,0.09814629101661491
0.5552590894584024,0.22521851968914797,0.20092143077436508,0.49461455649187136,0.9876753081172183,0.09819534598720127
0.5544834828443741,0.22697605309774832,0.2028409701346752,0.505960514517406,0.9884572885677017,0.09815261390334287
0.5546517141774245,0.22641848232860057,0.20421221987078603,0.5148412358078238,0.9905652358690986,0.09815580303009881
0.5403937505992484,0.2294156238962896,0.2053599877503195,0.4959960452650216,0.9898172545686066,0.09925498871865013
0.5554609679967331,0.2272324545153751,0.20232988727699897,0.4957662074662579,0.9921461963450611,0.09818468234461104
0.5551501441274631,0.23126246074201384,0.20896476565691058,0.4947950752605619,0.9877943051423017,0.09816531504358271
0.5553179946739117,0.2252643442886011,0.20058738882292795,0.4981359828903471,0.9912962175944813,0.09816852631705225
0.5564241265616343,0.2275336185031115,0.20541856240048406,0.49572550536816995,0.9906332341690813,0.09821753699421142
0.5556472458612927,0.22470080720309066,0.20146259334394184,0.4988363766523711,0.992809179770461,0.09817479383699625
0.5558141527328098,0.22870694101256597,0.20467053596380375,0.5189069187491218,0.9868763280917392,0.0981779718903954
0.5415548765829032,0.22730939442908038,0.2026430792736088,0.49916703652630123,0.9915852103696352,0.09927766695335911
0.5566207304076576,0.2267518290237172,0.20180903681309634,0.5033120190674838,0.9943731406714278,0.09820679583812367
0.5563086071080194,0.23017588493237467,0.20551645537310637,0.49329910439103375,0.9936251593709358,0.09818738424366817
0.5564750956461868,0.22920930592305924,0.20373992191315643,0.5012369665429153,0.9936251593709358,0.0981905844437809
0.5575799787916509,0.2274764941975115,0.20319532640515744,0.5141142367719276,0.9900212494686684,0.0982395840475833
0.556801738586143,0.22565949966116974,0.20280350440374506,0.49447732092992824,0.9951891202719025,0.09819679106026255
0.5569673331988199,0.22792217105688262,0.20426657583582308,0.5199133922887671,0.9891032724181059,0.0981999746503401
0.542706807055096,0.22561665553800567,0.2040818766659213,0.5037117732347529,0.9924351891201013,0.09930017908771623
0.5577713758424028,0.22653165818288784,0.20306867510312204,0.5136778308616967,0.9899192520186944,0.09822872108457084
0.5574579340261328,0.22668149192880943,0.2028684115083428,0.4969481169760035,0.9916362090947359,0.09820929841675853
0.5576231509811036,0.2277535765804865,0.20263384508979354,0.5100847687705867,0.9917552061198194,0.09821245432344411
0.5587267731816152,0.2253312664406702,0.2005958328332959,0.5085117617349213,0.9933701657457732,0.09826144285388973
0.5579472044470104,0.2253651566194698,0.20181431127619118,0.4835511305911133,0.9867743306416514,0.09821864432989057
0.558111541243631,0.22679381672927934,0.2037296319513738,0.5192251098827594,0.9878453038672887,0.09822176701650577
0.5438497644803104,0.22942713279003443,0.20486077520132046,0.49880337817089715,0.9968550786229571,0.09932253619507826
0.5589130078674147,0.22544337668975756,0.19861560726688654,0.49644134607278567,0.9923501912451229,0.09825050237737971
0.5585983160573282,0.22454926240989337,0.20295126019827286,0.5017218178772112,0.9943731406714278,0.09823105756285383
0.5587622398397216,0.22771414561223294,0.20320139546844157,0.48858389538298064,0.996753081172983,0.09823419132282585
0.5598646495931638,0.23096193504464047,0.20444810545845177,0.4846697433746616,0.9933701657457732,0.09828314663320105
0.5590838042691293,0.22839852876395628,0.2019818568208369,0.5051158963453766,0.9907352316191691,0.09824032596248833
0.559246867605216,0.22842282670802838,0.2056499659118732,0.5182433355675145,0.9847003824903595,0.09824350401588747
0.5449838593085627,0.22897890455713932,0.20328767488342284,0.4991993996579518,0.9939651508711904,0.09934472720208844
0.5600458038910787,0.2227765995529679,0.15667990719955135,0.4967048574122115,0.9782745431364219,0.09827211756983673
0.5597298501973711,0.20788850722979157,0.1327517376401047,0.5089652426716669,0.9807054823629642,0.09825292744251705
0.5598925790545111,0.19511793871618677,0.11617851580813915,0.5105978137533145,0.9762855928601084,0.09825613871598657
0.560993760716407,0.17867009538847195,0.10079923941489627,0.5089116350302827,0.9688907777305076,0.09830469538551731
0.560211665085665,0.15804306468198534,0.08418642922921082,0.11967079984229034,0.8708882277942394,0.09826236194250342
0.5592158752679062,0.15645923564854183,0.08507193256549131,0.1289354709731102,0.8712282192943803,0.8854686029062345
0.5432041556587932,0.157473777619423,0.08629568325811043,0.11509088063734496,0.8581385465362246,0.888510719777422
0.556517597000409,0.15775725363359752,0.08539778504422557,0.13190168104430233,0.8785380365490028,0.8860967944370163
0.5544534113410577,0.15710739537518048,0.0844194197276075,0.13431338955676297,0.8755291117721526,0.8862964470599669
0.5528682158029965,0.15583496264249208,0.08512443372562972,0.1234496223381375,0.8627624309391422,0.8865726830184877
0.552221759050755,0.15549926124595212,0.08520307479728731,0.122571092369262,0.8541436464087155,0.8870052526281906
0.5496922365192218,0.15296975408370847,0.08257850373198697,0.13964528498755335,0.8622184445388257,0.8871245126808353
0.5481069539978609,0.15596070763193953,0.08535372789445511,0.1407096150705297,0.853174670633166,0.8874005714656472
0.5320960044099707,0.15437325983184394,0.08383577371504186,0.12987193690404442,0.8623884402888962,0.8904427547769757
0.5454100274132907,0.15144453691211715,0.08179987301447894,0.14044439622845228,0.8600084997874546,0.8880264375915028
0.5433466020755846,0.15375410030041128,0.08350041702123023,0.13946675168706224,0.8560985975350377,0.8882285263529476
0.5417621011523601,0.1491837803874934,0.08117980819546652,0.13616793598310484,0.8541436464087155,0.8885048066048955
0.5411164012799783,0.15057131099727097,0.08155950313716565,0.12895921717277514,0.8561665958351341,0.8889348957826773
0.5385875455161115,0.1485695197792953,0.08074339783524345,0.12801651687169469,0.8597705057372877,0.8890566473405997
0.5370029757571824,0.1501684818369203,0.08188509886486381,0.14280960507568274,0.8522736931575992,0.8893327614921958
0.5209927232872458,0.1491049238147708,0.07979563237271114,0.13403097656007879,0.858903527411826,0.8923749448035242
0.5343074915935127,0.1468384191010233,0.07930672085234969,0.1253670683970367,0.8527836804079243,0.8899453395899015
0.5322447264527908,0.14687038904494923,0.08144973764249516,0.13189707475807966,0.8494347641308195,0.8901103326060948
0.5306608982421337,0.14549714398139213,0.07922729403398684,0.13960085020925062,0.8407989800255109,0.8903481440165492
0.5300159189544238,0.14551483374288215,0.0790059237333442,0.13449827635549216,0.8484147896301693,0.8907375275347653
0.5274877036754981,0.14539825367332532,0.07872438294204548,0.12579855034613263,0.8477688057798787,0.8908233460498994
0.5259038254025108,0.14363453403319518,0.07813018136317712,0.1558845088092644,0.8396090097747901,0.891060980286645
0.5098943057199383,0.14247698283828525,0.07722490155700468,0.15057929807107406,0.8493837654058325,0.8940648054900475
0.5232096860381952,0.14336917688327575,0.07783255821818677,0.13888516834209086,0.8330131746705547,0.8916087792471205
0.52114758735225,0.14349641658068818,0.07764838804395419,0.14340059953991946,0.840560985975344,0.8917739937304495
0.5195644819164911,0.14132689087977476,0.07601909023634684,0.13540190264240803,0.8370590735231644,0.8920117387007631
0.5189202166427704,0.14030042342788104,0.0762673751283589,0.13120903060825584,0.8361580960475976,0.892398796814053
0.5163926452905732,0.13925668458969323,0.07621249459439466,0.148337466217755,0.8307352316192009,0.8924868300005454
0.5148094685159927,0.13789771613271565,0.07432065999890125,0.1525709212219033,0.8230854228643238,0.8927245306774318
0.4988006243619929,0.1381760786722731,0.0751847821713143,0.14096145185694298,0.8353591160221185,0.8957284444676887
0.5121166908470696,0.137340365278735,0.07432592782188313,0.13472569188305272,0.8254993625159841,0.8932723296379073
0.5100552961626481,0.13825962855648868,0.07587265361093548,0.1446890095638812,0.8292732681683219,0.8934374333876685
0.5084728024259908,0.1381187398152906,0.07618346844709048,0.14606982327784368,0.81893752656174,0.8936752890915498
0.5078291973492552,0.13561267239158892,0.07444124445102357,0.15147823865303944,0.8225754356139987,0.8940599775064865
0.5053023159185499,0.13791114347340597,0.07508266830019347,0.1331194481097292,0.8270973225668286,0.8941504468314732
0.5037197642973243,0.16002289835388672,0.09422107866687954,0.15608881348698378,0.8286102847428083,0.8943881918017865
0.48771162195462114,0.16271312238093105,0.09501554605389814,0.14933020031746058,0.8205694857628032,0.8973919505650484
0.5010283320535356,0.16892054085971955,0.0991920996643777,0.1600352889175891,0.8237484062898375,0.8949361014958299
0.4989675881794118,0.17458104998514412,0.10331455848759827,0.1764511796996837,0.8443688907776732,0.895101160952164
0.49738577341311263,0.1986532538201142,0.1203157488827899,0.4450882435384824,0.9608329791753931,0.8953389502159045
0.48556432312691333,0.17786188033046207,0.10356706870485083,0.11237376740645089,0.8765320866978072,0.09722950566113317
0.5576001786291536,0.17989968936178083,0.10368580720555845,0.13459226842005223,0.8793200169995998,0.8854548719438129
0.5560181604846375,0.1775449521798939,0.10361007671676692,0.14516258343880484,0.8729961750955226,0.8857311521957608
0.5400105829076018,0.19635008763887601,0.11911811596797994,0.49098134823376927,0.9833404164895683,0.8887733798005164
0.5398186273489736,0.17805732948823882,0.10411878684073028,0.11143110681473445,0.8724181895452148,0.09795378070879471
0.557621474518808,0.17919377955467647,0.10514913317530158,0.12708271146814776,0.883841903952316,0.885462844760703
0.5560400508644672,0.17782181285977364,0.10139977123482682,0.13244149013835826,0.8815469613258529,0.885739125012651
0.5553975768835131,0.19663590583897655,0.11721493563273658,0.5079459827168171,0.9833914152145553,0.8861621272420861
0.5393614603362562,0.17968825970186156,0.10281904226817049,0.137030423368929,0.873778155546006,0.09793408120706264
0.5576435945595786,0.17639229275650575,0.10214357455963766,0.14257103121684156,0.872690182745373,0.885470706844025
0.541636393388691,0.1799892109261436,0.10301692648912392,0.1289507193688817,0.876634084147895,0.8885128901553532
0.5549539664370289,0.1986822397118947,0.12019675805778818,0.48804345093910073,0.9790055248618046,0.8860954656342012
0.5393828879524167,0.1769615869707809,0.10162457226052066,0.1323728723573866,0.8736081597959355,0.09793532695970168
0.5576661207310063,0.17629297334567387,0.10175781940813836,0.12955021163701186,0.8823629409264413,0.8854786242941308
0.5570240275366549,0.179895854255818,0.1035182550207997,0.1425822292574862,0.879558011049653,0.8859016375969229
0.5544984793283918,0.19946445471819768,0.12037960463616229,0.5104969519687843,0.9804504887378016,0.8860306422035439
0.5394050946635978,0.18169174766368745,0.10708477038290032,0.1404055207611079,0.8678283042924022,0.09793659485905432
0.5432631146913081,0.17993464335785217,0.10305017132155556,0.12079445571506497,0.8817679558010241,0.8882525555371851
0.5565810075127828,0.1762654750101456,0.09988128805974436,0.10917343092518417,0.8839269018274081,0.885834975989038
0.5545215464858795,0.19544404072628646,0.11730464798614001,0.48630207620012533,0.9868763280917392,0.8860385485802929
0.5394277619482204,0.17713721515666775,0.10279951590920167,0.12939165214660686,0.879558011049653,0.09793789044179892
0.5586513602254839,0.17825767399339376,0.10427814955278616,0.11401181838032892,0.8888567785804753,0.8856411700984731
0.5561261258454566,0.1750508102372048,0.1014989745230816,0.1295266639841669,0.8749171270717397,0.885770241145235
0.5545454177695532,0.1997244838421175,0.12055032194145218,0.5127365998070841,0.9785805354865715,0.8860465213971828
0.5250248923283718,0.17955184793284573,0.10255439835109173,0.12733288046127356,0.8690862728431057,0.09903717579056134
0.5582089428269157,0.17939370568463545,0.10512328100201251,0.12772707531758465,0.8847428814278828,0.8855745749307291
0.5561498485065846,0.17757479270134818,0.10184990449525469,0.12818123131351788,0.8848278793029749,0.8857782139621247
0.5545696979998889,0.19956143373103175,0.11981891349424567,0.5125751812424719,0.9815044623884432,0.8860544942140727
0.5404132642699326,0.1779320028739873,0.10277208338901805,0.12426044784141299,0.8730471738206234,0.09798301437072428
0.5577546860000533,0.17908763740987999,0.1036412077798928,0.12992848303836368,0.8873778155544869,0.8855099065270668
0.556174365907212,0.17850086798549736,0.10249107380675951,0.14265251483174535,0.879932001699899,0.8857861867790148
0.540168475430717,0.19837425656605007,0.12090731655016734,0.49429910530434906,0.9828304292392431,0.8888284808239109
0.5404433254478933,0.17802919465027572,0.10368870672156946,0.10916215346581148,0.8737441563961283,0.09798324691121688
0.5587090921051199,0.17556233649173233,0.1010586022287672,0.1289187136215072,0.8790480237994416,0.8856643244875242
0.5566710555654826,0.17862321591138802,0.10365361372435217,0.1352668908048481,0.8799830004248861,0.8858666900828889
0.554606345816107,0.19537967173566956,0.1188801210377505,0.4902876256448949,0.9843943901402099,0.8860694432457412
0.5395094586655094,0.1774699217734932,0.1031193081781358,0.1458780667591446,0.8700042498936682,0.09794269627864644
0.5433707130326653,0.17778110173493758,0.10319503645355638,0.12297660439430969,0.8782660433488445,0.8882914894596641
0.5571589655425262,0.17607856499739377,0.10171032931994572,0.12184619792965712,0.8806969825753868,0.8859446465147011
0.5555708835982176,0.19835102422717787,0.11983923224003282,0.5074860688631055,0.98053548661278,0.886220926766649
0.5404476132865086,0.17720521006564954,0.10250927656986991,0.12516701262126395,0.8744581385465153,0.09798586022341968
0.5586965389757244,0.17708329124252392,0.10333697993583613,0.10042915100942995,0.8856098597534583,0.8856835810549847
0.5571535722650736,0.17676806162373418,0.10238368104580184,0.10081202869700434,0.8774500637483698,0.8859500724595288
0.5555603492323034,0.1962693090433515,0.11827431254135404,0.5141316294733542,0.9772545686357716,0.8862254668429334
0.5404416880967933,0.17887365101265215,0.10224910808895465,0.1150254793148563,0.8771440713982201,0.09798625886426418
0.5585999499666436,0.17626740597258844,0.1022124325314718,0.11282550113118084,0.8789630259243495,0.885704908340165
0.5571493770417706,0.17954076277808143,0.1056486157555627,0.1136640437705202,0.8815469613258529,0.8859556091379247
0.5555627043520674,0.1993208000520931,0.119352157817602,0.5188058981271357,0.9733106672332497,0.8862320001234404
0.5404377381789103,0.1803837280083492,0.10366522285525123,0.10236792099679093,0.8841818954525706,0.09798671287189265
0.5582785792158766,0.1777207859775224,0.10319793596956736,0.11979703591040891,0.8738971525710895,0.8856169858872406
0.5562041814668639,0.1781781827061645,0.10311455828396815,0.1266083036965805,0.8783680407989323,0.8858182441469261
0.554625363869719,0.19736867390331794,0.11749303684550011,0.5200462995300359,0.9774075648108465,0.8860944690320899
0.5395254748566232,0.17754175178843778,0.10378527609833332,0.1205660077440408,0.8785720356991078,0.09794547569120109
0.5578159948332098,0.17701658364183737,0.10337735182289029,0.11440899143893912,0.8757841053973152,0.8855503242793558
0.5562372992629969,0.17901453081420926,0.10302881229139807,0.12691966481961214,0.8801359965999609,0.8858267152648717
0.5546587294743888,0.19868437092229455,0.11960465918137056,0.5063260392129176,0.9841393965150473,0.8861031062503874
0.5395581029805849,0.17969827925142595,0.10503594138232189,0.13009025898725168,0.8770420739481324,0.0979470148877951
0.5578493131915545,0.17798955628235236,0.10322141983588562,0.1154044654847598,0.8871738206544251,0.8855588507640852
0.5562708366440372,0.17845482883466168,0.10249634162974136,0.12598653447525288,0.883076923076942,0.8858353524831689
0.5546924721109852,0.1994516674557986,0.12006746620414882,0.4859607742166465,0.9838504037398934,0.8861115773683329
0.5395911291000752,0.1786438843612389,0.10392961002129394,0.12555779247227217,0.8827199320016916,0.09794854854771073
0.5578829948146855,0.1785539408458238,0.1040227486730066,0.11703151696481329,0.870106247343756,0.8855674879823826
0.5563047704561592,0.17832162103295834,0.10314200408437776,0.12251617431886641,0.8824479388015334,0.8858438789678984
0.5547266324551527,0.20089652798291774,0.12323372440795313,0.5028973341793546,0.9843943901402099,0.8861201592198463
0.5396245441412963,0.17842840325604611,0.10401219089333288,0.12322407315068429,0.8744581385465153,0.09795010435433994
0.557917119489443,0.17937239358063695,0.1034752492222546,0.12713584259716404,0.8813599660007867,0.88557612520068
0.5563390766068648,0.17776853259977743,0.10237048935463722,0.11377229149675205,0.8800679982999782,0.8858525161861956
0.554761162009008,0.19620089218331743,0.11652864896675191,0.5060709462586575,0.9826264343390676,0.8861287964381436
0.5396583559264863,0.17681367167180478,0.10176916072114636,0.13007080139889737,0.8771440713982201,0.09795167677100435
0.5579515955391825,0.17816986884009126,0.10202458373463594,0.12933427211564397,0.8722821929451356,0.8855847624189773
0.5563737685504044,0.17805924972311254,0.10347708632018526,0.12355937902020098,0.8824479388015334,0.885860998377498
0.554796063588558,0.19853027654350142,0.11857088212174804,0.5054025185346434,0.9845473863152847,0.8861375443900088
0.5396925547560705,0.17864921238723852,0.10468106275628344,0.1330305785531235,0.8825159371015161,0.09795321596759834
0.5579864407986097,0.17683818416725944,0.1023496393998099,0.1343154147343263,0.8761580960475612,0.8855933553438476
0.5564088547347987,0.1785498929764066,0.10340796274383102,0.14528552362971225,0.8810539736505234,0.8858696798892226
0.5548313406355878,0.1963643678213119,0.11846085544929946,0.496996165306429,0.9826264343390676,0.8861460708747385
0.5397271390656004,0.17920911997852773,0.10395018551811713,0.12100813180268566,0.8741181470462607,0.09795478838426275
0.5580216981335964,0.17735738063371254,0.10204304324878238,0.11685691489135708,0.8789630259243495,0.8856019261220042
0.5564443076257639,0.17711717963339538,0.10283407991074978,0.139066521007425,0.8772970675731813,0.8858782063739521
0.5548670000336666,0.19839215909099445,0.12012815241024813,0.5059098850783208,0.9807054823629642,0.8861546637996087
0.5397620760016717,0.1780520014622392,0.10285703256802783,0.11784702817303927,0.8792690182744991,0.09795636080092714
0.5580573018373323,0.18007084772719822,0.10479583489615771,0.11383590589786119,0.8795240118996617,0.8856105633403014
0.5564801240944051,0.17585326816644997,0.10311825461353943,0.13901855209572733,0.8763790905226188,0.885887020765958
0.5549030480405861,0.195818096758311,0.11925928477040945,0.49207037754114635,0.9739056523586669,0.886163456044901
0.5397973962274603,0.17906951854562486,0.10504043452545347,0.1216765198173354,0.8821589460263795,0.0979579553643051
0.5580933107330575,0.17986516446847453,0.10461958416336586,0.12145422679772933,0.8815469613258529,0.8856192005585989
0.5565163394972434,0.1787681453702905,0.10404385316549902,0.1294107126413211,0.8860688482786827,0.8858957022776826
0.5549394433549248,0.19727723746786602,0.11845715911972818,0.5000692729854774,0.9786315342116723,0.8861720932631985
0.5398331006816366,0.17940521279045207,0.10363091560473922,0.13058829383039194,0.8781980450488618,0.09795954992768309
0.5581296669362001,0.17776256091963016,0.10238500906840231,0.12776738032203272,0.8804079898002328,0.8856278377768962
0.5565528740474388,0.18050329391797967,0.10506813707689919,0.12080200049422274,0.8793200169995998,0.885904228762412
0.5549762063145041,0.19949599913521493,0.11931785056708996,0.514810103666457,0.9774755631108292,0.8861806861880687
0.5398691899899801,0.17978097093011136,0.10559188705681283,0.1182258157961229,0.872690182745373,0.09796113341770427
0.5581663829623444,0.17898852539871785,0.10226099389122884,0.13344903583083134,0.87847003824902,0.8856365857287615
0.5565898294341012,0.17893481603595654,0.10444016831004296,0.12003235360140319,0.8764300892477195,0.8859130431544181
0.555013357257145,0.19991332302938403,0.11962947107028926,0.499289539914205,0.9799915002124635,0.8861893676997932
0.5399056153417168,0.17766536914334174,0.10197154029860234,0.1320015500947327,0.8680832979174511,0.09796277227450942
0.5582034722657401,0.17940861700572164,0.10439398853748277,0.11457974170408858,0.8677263068423144,0.8856452229470589
0.5566271189868197,0.17664592824922604,0.1031514994459711,0.12564594726032596,0.8754271143220649,0.8859216582260019
0.5550508232795792,0.1988173695363999,0.11908170601501719,0.5105206187497215,0.9818614534636936,0.8861981156516585
0.5399424221058351,0.1773053805302988,0.10278025072801092,0.11818749625987435,0.8735061623458478,0.0979643557645306
0.5582409069992185,0.17940479083939975,0.10467894677360673,0.12742584008237,0.871568210794635,0.8856539708989242
0.5566647445829327,0.17875599461032626,0.10503805736499863,0.11780676287795533,0.8754271143220649,0.8859304726180078
0.5550886438058917,0.1993022574488575,0.11814766345268965,0.489748094516387,0.9793795155120506,0.8862068636035236
0.5399795523977642,0.18088843152891212,0.1061156458902105,0.13026104896176505,0.8812069698257119,0.09796598354797895
0.5582786849725498,0.18077845606608098,0.10512539255794726,0.12701345833735245,0.879830004249925,0.8856626081172214
0.5567027102900042,0.17809186153325784,0.10165095785622089,0.13040412180021455,0.8844368890777332,0.8859392205698733
0.5551268482477023,0.2006183799947428,0.12150652034749745,0.5129503553134325,0.9774755631108292,0.886215611555389
0.5400170694211979,0.17775616013671788,0.10291982590331986,0.12152594190909216,0.8777560560985194,0.0979676113314273
0.5583168393520297,0.17999133856068708,0.10348817530889914,0.11835094000204993,0.8736931576710276,0.8856713560690869
0.5567410692992603,0.1776655836947243,0.1031575640825132,0.10984034969336642,0.8786740331490819,0.8859478577881706
0.5551653856040111,0.19797867387864454,0.11832391418548144,0.505303125996581,0.9835444113896301,0.8862242487736864
0.5400549597218842,0.1776581280341812,0.1020813124333858,0.10725292724525781,0.8716192095197357,0.09796925018823244
0.5583553363455844,0.18064801776514056,0.10474200571341882,0.11350067944707254,0.8777560560985194,0.88568021475452
0.5567797540265547,0.17803920704812737,0.10544861333856162,0.11972170724692321,0.8745091372715024,0.8859566057400358
0.5552042830962098,0.19827578642110738,0.12131074768247879,0.4918360922936158,0.9763875903101962,0.8862330631656924
0.5400931588445719,0.17919442320882406,0.10323804225210145,0.13225870793592043,0.8765320866978072,0.09797088350835918
0.5583941900332445,0.1794331295011763,0.10281904226817049,0.11159312101980634,0.8756821079472275,0.8856889073396013
0.5568187960737339,0.17652849712585184,0.10162219288669483,0.13149585134434272,0.8782660433488445,0.8859653536919011
0.5552435109997922,0.1945610116011866,0.11848354250205742,0.49139273724468713,0.979073523161901,0.8862418554109848
0.5401317224836042,0.1808556141070252,0.10627870493183769,0.123849019121131,0.8728941776455486,0.09797251682848594
0.5584333641198205,0.1798052688741835,0.10346495704710101,0.106065577552646,0.8839269018274081,0.8856975999246827
0.5568581754158655,0.18002586345399335,0.10513251075908575,0.1238226918128068,0.885252868678208,0.8859741016437663
0.5552830937201412,0.20082086286201034,0.12358095805055488,0.5052127077747799,0.978376540586396,0.88625060336285
0.5401706568967728,0.17733116960647954,0.10430559535319578,0.11549599556875267,0.8671483212918929,0.09797414461193428
0.5584728952133919,0.1781899007875073,0.10413804316843703,0.12716880136927422,0.876634084147895,0.8857063921699752
0.5568979249063535,0.17783459654631634,0.10301455818215308,0.12701441136208802,0.8760390990224778,0.8859828495956318
0.5553230140483332,0.1978618738939206,0.11849383467721103,0.5120578079390694,0.9771015724605832,0.8862592405811475
0.5402098966901572,0.17888622014781236,0.10416865408937775,0.10672650020686603,0.879558011049653,0.09797582776216658
0.5585127560925658,0.18166639484198455,0.10615099342509288,0.1327250149972341,0.8808499787504616,0.8857152065619811
0.5569379672614754,0.18100822271749423,0.10623437111069212,0.12450104687781749,0.8882957926051631,0.885991597547497
0.5553632488305382,0.20148159172380917,0.12121892598651163,0.49474619303349265,0.9816064598384173,0.8862682100001485
0.5402495044416713,0.1790601426502081,0.10502724283428883,0.12327374956503367,0.8690182745430093,0.09797748876568532
0.5585529758560712,0.17841710354989926,0.10485599431995882,0.1325950065395367,0.8813939651507781,0.8857239545138464
0.5569783334572986,0.17805796956653008,0.10429108449291472,0.12288340651702934,0.8844368890777332,0.8860003897927894
0.5554038312330514,0.19869247023698525,0.1188621838791602,0.5107423955475956,0.9828304292392431,0.8862769579520138
0.5402893603146128,0.17903542275508366,0.10322986163288259,0.13337696333519267,0.8718232044197975,0.09797914976920405
0.5585934584468135,0.17789939106384198,0.10293777634213616,0.11951744227856786,0.8755801104972534,0.8857327578324957
0.5570190513409945,0.178142370504563,0.10299292248062047,0.13406337940109314,0.888499787505225,0.8860092706249363
0.5554447381020449,0.20077205242248358,0.12148885764691125,0.4774915610652386,0.9799915002124635,0.8862858609308742
0.540329627637333,0.17894654484486847,0.10542565846791255,0.11153844122559464,0.8787760305991696,0.09798082184607956
0.5586343368428568,0.18109432933901837,0.10589689843420377,0.13273625274724277,0.8791160220994243,0.8857415611511449
0.5570601112129858,0.1787415052402924,0.10375889271600408,0.1331180185726255,0.883841903952316,0.8860181736037966
0.5554859794499847,0.19980398406898772,0.12045558966261893,0.5128651390183139,0.983765405864915,0.8862945645893124
0.5403701718673193,0.17911705061649733,0.10430796366016662,0.1389625618925039,0.8737441563961283,0.09798251053299026
0.5586755400182688,0.17979929719403626,0.1038953027707819,0.1252966636946855,0.8813089672757997,0.8857503091030102
0.5571015052510333,0.17678063075889439,0.10235201877363576,0.11844632189434956,0.8881427964300883,0.8860269215556618
0.5555275236750248,0.2017371402996904,0.12211814115614195,0.5111047832033522,0.9812664683381627,0.8863033125411778
0.5404110596500495,0.17734524060131746,0.10109687141337062,0.11800785109719159,0.873778155546006,0.09798417707318738
0.5587170420032175,0.1792455758342768,0.10446232415376075,0.1273881558959452,0.8781980450488618,0.8857591124216595
0.5571431965341698,0.17736228849658808,0.10209080779497914,0.1272418665990126,0.8755291117721526,0.8860356695075271
0.5555693995630042,0.1976730364945823,0.11935638535621351,0.5066905711743295,0.980875478112921,0.8863122819601787
0.540452290359744,0.17915946921275272,0.10316705944410653,0.1338103910431241,0.8666383340415678,0.09798589344349005
0.5587588828475663,0.17831714048491976,0.10422697641524822,0.12092085062063951,0.8875818104546624,0.8857680264738766
0.5571851662890195,0.1792460049370419,0.10346258874013017,0.11901972511033954,0.8813089672757997,0.8860445835597442
0.555611585211655,0.19764703107909085,0.12021311486948391,0.5026171051976898,0.9800934976625513,0.8863210963521847
0.540493785461122,0.17980739650872696,0.10498870804516533,0.14048640873555185,0.8821589460263795,0.09798758766707916
0.5588010081085302,0.17914432546100212,0.1034166723587191,0.12526295044465952,0.8832299192520168,0.8857768851593097
0.5572275127629074,0.19639527573589427,0.11961733073035,0.127338360353504,0.8962175945600848,0.8860534533185344
0.5556540962654548,0.20936683062087347,0.1334079490209308,0.5032860888527995,0.9832554186144762,0.8863300436244723
0.5405356425757284,0.20529014695303605,0.13642829295487993,0.1510012100634488,0.9063323416913818,0.09798928189066827
0.5444175789432082,0.21213847332173352,0.15822029168068652,0.1242321747742533,0.9099192520186534,0.8885517022709075
0.5577427755458269,0.2278424544907017,0.21321862567633423,0.5054530685550005,0.9951891202719025,0.8861344438501073
0.5576952157059876,0.22569743413353016,0.2158268266497128,0.4808043147559562,0.9914492137695561,0.09827432116783821
0.5600329050187125,0.22939686674167148,0.21942791265347455,0.5791883541012643,0.9963450913727456,0.0983045846519494
0.5003125737041687,0.22617038941326242,0.2177118020084748,0.5737289916120718,0.9905312367189936,0.09925529877264029
0.4992145813256208,0.22854367813802584,0.2155062442073314,0.5718123397404526,0.989154271143093,0.0992154236148341
0.49926721998889834,0.2311987336176163,0.2192189394438073,0.5731877132715486,0.9853633659157595,0.09921670812422193
0.48507925387424145,0.2332742679336975,0.21622920421742792,0.554408440272967,0.9925541861452984,0.10030996956688977
0.49992073490397493,0.23342964425700125,0.21256928017235252,0.5759309949733107,0.9911432214194065,0.09924225435833989
0.49980740974488747,0.2313038101572129,0.2063270139673006,0.5051299931695925,0.9857713557159968,0.09921812551389124
0.5457574149314852,0.2311134798378378,0.2075275508248636,0.4947936457234585,0.9919932001698726,0.09809677096504334
0.5624882714715009,0.23270433721698752,0.20750406917191636,0.4999394630745999,0.9922651933701445,0.09837225393530223
0.5609630487281487,0.2333179595348226,0.21111491614179154,0.4944508347841481,0.9892052698681937,0.09832342043185174
0.5611120605067068,0.23397058908193072,0.2111938073243722,0.5168202710902687,0.9879473013174902,0.09832637701811506
0.5468353864453621,0.2325229572661205,0.20941331857044385,0.5001192273653747,0.9939651508711904,0.099427334443753
0.547708707219352,0.2290848339384815,0.20528531303949532,0.510852231648387,0.9879473013174902,0.09810626083181365
0.5622711295543534,0.2322021850699486,0.20854972318032902,0.48951230031302506,0.9947811304716652,0.09834391721527279
0.5616900604636528,0.23380689889255374,0.21095132589112417,0.5075317743410559,0.9903952401190281,0.09833778257561028
0.5627776977620078,0.23316407255569926,0.210756865755109,0.5227341072503067,0.9855163620908343,0.09838327192530977
0.5634160356557865,0.23282667799116544,0.21034445940338936,0.5062021459972743,0.9884062898427146,0.09836126916536506
0.562118187882843,0.23404518680970998,0.21209117654258786,0.5211979107950582,0.9908372290692569,0.09834624262019902
0.5478400407374204,0.2307941987737745,0.20936028398789425,0.5072933593196705,0.9940331491712868,0.09944716682576658
0.5487123746577187,0.22974086948878736,0.20456050929135516,0.5180416914171824,0.9929111772204351,0.09812608214047043
0.5632738811649602,0.23120598009056142,0.20905342223234663,0.5048664421208024,0.9915852103696352,0.09836372745057279
0.5626919359834743,0.2328669618011646,0.2089600179761139,0.5105244308486643,0.9947301317465644,0.09835757066419672
0.563778678730559,0.23301892854541423,0.20982018264117752,0.5096498718161875,0.9963450913727456,0.09840303786718262
0.5644160576178177,0.2308244612462811,0.20789562999555067,0.5129717983699864,0.9926561835953862,0.09838099081381073
0.5631173941417758,0.2319346967096293,0.2073022185901296,0.5351625822475239,0.9870803229919147,0.09836597534200146
0.5488383205303475,0.23107724568518398,0.20692147672394706,0.5001910616048293,0.9901232469187562,0.09946688847421223
0.5497097373713276,0.23061260427152494,0.20890355266851307,0.49330359154916437,0.996107097322465,0.09814577056884571
0.5642703959478443,0.2299329108554382,0.20759298692513053,0.49674397113574,0.9898852528685893,0.09838341587894807
0.5636875274292485,0.2318311130900695,0.20848639863599683,0.4907748595410306,0.9944241393965285,0.09837723694585841
0.5647733872019782,0.232929621532434,0.2104529057289434,0.5009173458721741,0.9901742456437432,0.09842269861216592
0.5654098277334274,0.2335464442417252,0.2109143869424922,0.5082477341737635,0.9906842328941821,0.09840064602211565
0.5641103075657532,0.23097536238533078,0.2072338807604806,0.5109732260804591,0.9849553761155221,0.098385597330236
0.5498303403417237,0.23500345374088039,0.214489877524001,0.5037655000042289,0.9889672758180268,0.09948652153580358
0.5507008441709491,0.22848207864817183,0.2051974532776195,0.5094903593010471,0.9905312367189936,0.09816537041036667
0.565260671712779,0.23232516592241773,0.20780776359356185,0.48997840882751875,0.9909902252443317,0.09840300464711224
0.5646769130233666,0.23072023933635827,0.20715789130728196,0.4983313529611688,0.9868763280917392,0.09839680356730898
0.5657618494589873,0.23421207381468678,0.210209366304357,0.5123715119145762,0.9910412239693187,0.09844224862358131
0.5663974473788342,0.2346104277907834,0.2122595166874229,0.4943176892866956,0.9898852528685893,0.09842019049685265
0.5650970611328412,0.23358353123612458,0.2111413017374918,0.5087475162289194,0.9876413089672269,0.0984051085849026
0.5508162193824742,0.23317409389319182,0.20949827881630867,0.5040390975221081,0.9891032724181059,0.09950601064375661
0.5516858540044849,0.2318594571156306,0.208709353710276,0.5064756640964252,0.9899702507436814,0.09818484844496293
0.566244803265302,0.22824421983378063,0.20353622537995497,0.5197158779122899,0.9881002974924513,0.09842246053499489
0.5656601810006885,0.22930585762105643,0.20589007239803742,0.4944902661825883,0.9921461963450611,0.09841625945519165
0.5667442695055835,0.2319285158418841,0.20795525821031158,0.5146131849304394,0.9906842328941821,0.09846169343810716
0.5510390975040385,0.22822823396785358,0.2046961291726857,0.49631225093045983,0.9925541861452984,0.09945376654641432
0.564618356992614,0.2331730300759201,0.20875816739432712,0.4962860824595918,0.9934211644708739,0.09836208859376765
0.5633208834355923,0.235601733846936,0.21051702044672288,0.49250098588423463,0.9920441988949733,0.09830190489960584
0.5492848746418706,0.23289083243039982,0.2082328348541479,0.5074978625442099,0.9898852528685893,0.09805778167578048
0.564315569066073,0.23156575415222186,0.20545444778451966,0.5095908239919371,0.9938291542709976,0.09831617845651008
0.5637238933319679,0.23143808713997252,0.20592621674648007,0.5126127065914408,0.9938801529960983,0.09830975590957101
0.5638619730619738,0.23243024246201432,0.2059531313378495,0.5016381502472882,0.9938801529960983,0.09831243566191455
0.5654343473242811,0.229776892665915,0.2066235857610656,0.5099513055982221,0.9886952826178685,0.09833286600519488
0.5641264069854919,0.23488920870553678,0.21211096629270582,0.48503602254808875,0.9924351891201013,0.0983175958461794
0.5642635370956643,0.23424340546824965,0.2102381290605121,0.5005862094858762,0.9905312367189936,0.09832026452516615
0.5502266462662542,0.2298911341254022,0.2040338553686885,0.5027314284566118,0.988151296217552,0.0980761191546272
0.5652565913199465,0.23002093413597963,0.20492884963982033,0.5161232526241835,0.9973650658732822,0.09833447717860805
0.5646640761031358,0.23453327153776737,0.20900065104094614,0.5192986913342295,0.9921461963450611,0.09832807124170417
0.5648013016446254,0.23218108751733263,0.2074879713246277,0.4975953001902833,0.996056098597478,0.09833073992069091
0.5663727816685524,0.23243621056630517,0.20849167531246265,0.5046860424802042,0.9914492137695561,0.09835113704390085
0.5650640594187375,0.23319348933817302,0.20860486931881336,0.5112681078174357,0.9919252018698899,0.09833585027485019
0.5652003963538594,0.23353941232016262,0.2100956455157081,0.49148089203274115,0.9920441988949733,0.09833851341715855
0.5511626597839525,0.23417711803068722,0.20951965112669213,0.5130020569053453,0.9966170845727902,0.09809434589990601
0.5661917806865273,0.23269922195444226,0.20876080573256006,0.5194949350110594,0.9898852528685893,0.09835270946056525
0.5655984084651942,0.23202101788253593,0.20745103458936676,0.49727210567678326,0.992860178495448,0.09834625369355579
0.565734850218321,0.2332665923579873,0.20951199950314248,0.5201123362023481,0.9932851678706811,0.09834892237254256
0.5673054857533089,0.23347930575034537,0.20974999664674293,0.5041994439338924,0.9883042923926268,0.0983692973490389
0.565995928088352,0.23252615765757667,0.20812175240373196,0.4954096570870077,0.9879473013174902,0.09835399396995306
0.5661314743515402,0.2337416806360476,0.2094790180618599,0.5004348373903531,0.9927751806204697,0.09835664050222624
0.5520928835931174,0.23298781144323388,0.20727821015488415,0.506819944282203,0.9899702507436814,0.09811247298497369
0.567121200369507,0.2316311923238951,0.2070022182846844,0.48490692740576313,0.9908372290692569,0.09837080332556254
0.5665270108806273,0.23624093068956925,0.21173022442652328,0.485543945022862,0.9906842328941821,0.09836434755855311
0.5666626078319252,0.23176120330999864,0.20562621644103488,0.5041158954320613,0.994985125371727,0.09836700516418308
0.5682324423696241,0.23448616856965998,0.20740274768761383,0.5085152958683161,0.9893072673182814,0.09838736906732264
0.5669221090514323,0.23247052627201348,0.20638163111011576,0.48877898748825443,0.9892052698681937,0.09837206568823678
0.5670567598246823,0.23177612178279755,0.20678875857199852,0.49544384684940157,0.9893072673182814,0.09837469007379636
0.5530173909099085,0.23101096003554975,0.20643862320001474,0.48417758551739154,0.991687207819723,0.09813048933647345
0.5680448941734255,0.23145215455895407,0.20748137547904538,0.4946187656844543,0.9929111772204351,0.09838880860370552
0.5674499068161523,0.2352133958445474,0.21048192966287657,0.5160589631638866,0.9932851678706811,0.09838235283669607
0.5675847058990571,0.23245496593299514,0.20733018895946637,0.5028286766890189,0.9935231619209617,0.09838497722225568
0.569153700954049,0.2380585688800586,0.21363287797946848,0.4941956227017956,0.9963110922226406,0.09840534112539523
0.567842517202017,0.23346694401485496,0.2086518348380788,0.48803638267231086,0.9918912027198985,0.09839000452623901
0.5679763435112593,0.2354655366293027,0.2095916830725414,0.4849594628943197,0.9907862303441561,0.0983926289117986
0.5539361645253988,0.23037175782913194,0.20673440703370347,0.4982059507896943,0.9916362090947359,0.09814841710111888
0.5689628308093262,0.23200737777839125,0.20830829531167738,0.48801815607424026,0.9934211644708739,0.09840673636835096
0.5683669880119795,0.23666315529490106,0.21427879275839898,0.4951639752520125,0.9941351466212609,0.09840025845462794
0.568500990790938,0.2327363107367698,0.20837821791496286,0.4985498735911962,0.9890352741180095,0.09840286069347394
0.5708566900270924,0.23458058905725732,0.2126484369594533,0.5037601789494548,0.9952401189968896,0.09847684179019793
0.5725751549309686,0.33770446970246626,0.27567928976200373,0.4991253814034775,0.9939311517211991,0.09857523963864719
0.5726777282658935,0.43706006462502195,0.3701010341887466,0.5152704543231725,0.9896642583934181,0.09858036660284167
0.5586590973586762,0.5009802673875212,0.45867879812361023,0.4937862191590774,0.9851253718657063,0.0983333643062505
0.5736510091211504,0.5334085109458215,0.5139713289659391,0.5192087893341604,0.9872843178919766,0.09859470659988664
0.5730808852203646,0.5569723853418639,0.5507898259480299,0.37167408761879117,0.9917552061198194,0.09858490667912619
0.5633967644745157,0.5600155642724605,0.551249197819015,0.35945789888145474,0.9897152571185188,0.0269519861322453
0.5614374093354182,0.564344692672845,0.5633370277446497,0.372021425425596,0.986281342966322,0.026614100367123587
0.5565978087438177,0.5571138998579277,0.556915883535428,0.3617664821756381,0.9873353166169636,0.026280340534742392
0.5531979926448476,0.5554835060227613,0.5560798490410149,0.35472998287692525,0.9733956651083417,0.025946102333347803
0.5356346959171123,0.5543703955708871,0.5520069807950667,0.3442077956073264,0.9829834254143179,0.025850889182311775
0.5471330038718221,0.558671078033804,0.5620507271875487,0.3566670056522707,0.9799915002124635,0.025277001393235573
0.543009574956705,0.5561239776581924,0.5647229299967857,0.34694083229317974,0.9789715257118132,0.024944022232508176
0.5396181712066115,0.5553946281125461,0.5663602711946099,0.3706668596012299,0.9791755206118751,0.024609971170843365
0.5376620012832984,0.558636660416189,0.5714984349032316,0.32781219631022984,0.9753846153846553,0.024274027672502883
0.5328265370917631,0.559957474485639,0.57525875303016,0.33863418927793965,0.9733106672332497,0.023942077226621408
0.5294370795147714,0.5620318466483981,0.5777180295491225,0.3471134091890724,0.9733616659582367,0.023608095927104385
0.511874437352009,0.5483655672350574,0.5671185942331858,0.3421502152029128,0.9705057373565751,0.02351291156679602
0.5233796438958729,0.5524699530622365,0.5712906436336787,0.3386385573079784,0.9691967700806572,0.02293919873675713
0.5192633294637123,0.5497223901782096,0.5741273441756934,0.34864082987487954,0.9694517637058198,0.022612864697440303
0.5158777066612434,0.5552146373818809,0.5809117025661423,0.36243931763905435,0.966510837229066,0.022288064318039105
0.5139272407147222,0.5538612115022856,0.5824763566603011,0.34421970841652283,0.9634169145771239,0.02196138921933311
0.5090975211756219,0.5514379430329606,0.5771409594618002,0.349063575763898,0.9533361665957045,0.021638690563050938
0.5057137340962385,0.5513987158885204,0.5783471802560931,0.34344926733642334,0.9618359541010477,0.021313964375140243
0.48815689009002705,0.5542555033055395,0.5872224438298455,0.3386375248645146,0.9529451763704628,0.021237484021788405
0.4996677877822102,0.5483457391114548,0.5783261974990057,0.3285113987913344,0.9537441563960556,0.020659760421919623
0.4955571150618172,0.5511515884544036,0.5872791725285953,0.3377485513329106,0.9498512537186343,0.02033414947280129
0.49217716275695667,0.552332801090951,0.5895832917404031,0.3335000464798106,0.9515172120695752,0.020007434510010844
0.49023243113751436,0.5452890255644767,0.5288822560554178,0.33514016234061605,0.9537441563960556,0.019678851471929673
0.4854083432977161,0.5517233321302961,0.5242189046938825,0.3285175537427525,0.9622609434762808,0.01935424155426529
0.48203025612756,0.546412362965585,0.5142701340510439,0.34530806266471203,0.9590140246492638,0.019027608534315097
0.46447900627390215,0.5478034068542516,0.5039484192480586,0.31006346072587054,0.9603399915001773,0.018950990871339037
0.4759955237755835,0.4997566450943595,0.4403699348609341,0.44809305111147113,0.9610879728006694,0.018373433371822134
0.4336381112688046,0.5603828941186424,0.5077278741806598,0.384175389589563,0.980875478112921,0.09375972467730108
0.5474626749569995,0.5614450664964463,0.5121969026351819,0.37990663296082916,0.9828304292392431,0.026502042425736342
0.5455230981931609,0.558098386755972,0.5092653480789289,0.3676989420273864,0.9903952401190281,0.026164674893712467
0.5407040910541383,0.5034402956603872,0.44907146209135135,0.5382274700882266,0.9829834254143179,0.02583129709214058
0.5367915296816981,0.5529807283869251,0.500878210278833,0.39165810301141124,0.9865193370166025,0.09941122270962138
0.531681961088823,0.5472175027871119,0.4961602218541435,0.3817271087528693,0.9821164470887425,0.02669257724670494
0.5432031137365376,0.5569187653755119,0.5055458002458346,0.3993611636940304,0.9829834254143179,0.026117422665611786
0.5391026418417821,0.5025222124152374,0.44635771430842974,0.5520137670776573,0.9819634509136677,0.02578318224954584
0.5351897569415303,0.5469008785843357,0.49752843927198326,0.3959234446348421,0.9799915002124635,0.09943656962331712
0.5456936095524796,0.5593086889841345,0.5028795514045896,0.38121533446978906,0.9867743306416514,0.026403854971066124
0.5408792006385221,0.5547179151727484,0.5036453777708583,0.3656626061327064,0.9834934126646431,0.026070603405761655
0.5375107895781999,0.5048678937408532,0.45083928150967123,0.5525789504553016,0.9793455163620592,0.025735303269450758
0.5194224679130803,0.5549303031621763,0.5020349511644036,0.4215425761616667,0.9857203569910098,0.09911736904044538
0.5433887326556714,0.5555291160708318,0.502218992963118,0.39881611296392805,0.9789205269867125,0.026357009135159693
0.5392929756937881,0.5553812007718557,0.49833939627295765,0.38750636987835096,0.9863833404164097,0.026022897170032522
0.5359277482848017,0.5074645465461894,0.44643449614844666,0.536645607864392,0.9868253293666385,0.02568767343988348
0.5334474220055396,0.5550415659333026,0.5001464144917013,0.4013435345630505,0.9795835104122261,0.09951713936733206
0.5410799099085439,0.5572047981269951,0.5053464507732788,0.41224990992923516,0.982320441988918,0.026310590730825405
0.5377160579620894,0.5565596421197119,0.5062261462240532,0.4074248251110264,0.9816064598384173,0.025975422367460328
0.5201791453341338,0.5101330293664702,0.4481346417484179,0.5669797895618138,0.9853633659157595,0.02587905094330391
0.5311557296492708,0.5517336663552215,0.4956922842373854,0.39814145086976827,0.9793795155120506,0.09952705002166044
0.5395085681818039,0.5597561716509754,0.5051631969346404,0.40688815305672565,0.9853633659157595,0.026263287565283486
0.5361479421267785,0.5565985295577964,0.5007246465987991,0.39272012995127614,0.9771015724605832,0.025928183427387796
0.5342225336282747,0.5117527671496374,0.4527084290524067,0.554027309797408,0.980875478112921,0.02559117688679533
0.5288599543970527,0.5583228253813857,0.5021951106900198,0.41018720701686706,0.9812664683381627,0.09953651220503879
0.5379465846691001,0.5540344796229646,0.49720047523731425,0.41292286452074367,0.9841393965150473,0.026216210296220104
0.5204141366623634,0.5526774421284298,0.49477921115191925,0.3933723562547826,0.9811644708881886,0.026119957356981364
0.5319491643978909,0.5027227643200622,0.4416079396627982,0.5736934914406666,0.983765405864915,0.025545171518669366
0.5273016905155115,0.5568134921638147,0.5015945788700891,0.4280377177011281,0.9800934976625513,0.09956129991421657
0.5363931768336254,0.5524760320180749,0.49261389243556997,0.39391490529495377,0.9777135571611097,0.026169368889656392
0.534472223882545,0.5628291911030262,0.507608606684283,0.4092629318606773,0.9813514662132548,0.025832476404638875
0.5296716568901054,0.5051138500820069,0.4410950042135943,0.5677825143548358,0.9834934126646431,0.02549959358211556
0.5257524716455491,0.56238308514089,0.5078913316290671,0.4213857241739132,0.9838504037398934,0.09958597688982641
0.520673988318185,0.5510586519472023,0.4917446263889511,0.41050972647117945,0.9829834254143179,0.026361932349589185
0.5322134049556575,0.5453124653030186,0.4914415893384929,0.39663749841807827,0.9813514662132548,0.02578686746268605
0.5281313976128708,0.5048491383741632,0.44471284764920294,0.5728638436988605,0.9784275393114967,0.025453106522969168
0.5242118641222278,0.5569898534002586,0.49665640651161347,0.4208754588466648,0.976540586485271,0.09961054313186835
0.5347465745279738,0.5578900394842485,0.5035029030795383,0.4224933374636366,0.9839864003399725,0.02607443700188287
0.5299503889281292,0.5604550370210198,0.4992729186931,0.41263004767069433,0.9832894177645812,0.02574166934227019
0.5266001942983505,0.5175916757496399,0.4573927631710293,0.5738993050742174,0.9740756481087374,0.025406855326322437
0.5085054039543393,0.5676642137841468,0.5110226185710591,0.41712530651161694,0.9781215469612334,0.09925165563825587
0.5295607178268504,0.5601499449550549,0.5046939401487659,0.4215185519964537,0.979124521886888,0.026034045825650203
0.5113214757568176,0.5712096575012581,0.5132416336678872,0.4202910958462138,0.9730556736082008,0.025939546906127233
0.5057745297905063,0.5232560289206681,0.4577847201880727,0.5703135097967171,0.9717297067572872,0.025607908728907284
0.5018411377951977,0.570401335167557,0.513055613115498,0.4194016458022418,0.9784275393114967,0.0991581023834029
0.5109379397941525,0.5678946240897076,0.5118786973532553,0.42359844906342903,0.9776115597109083,0.02623174843046994
0.5075807430087718,0.5707872237083282,0.5111089001994114,0.43851197576839307,0.9744666383339791,0.0258973109086531
0.5042242740045215,0.5268150966505705,0.46436577602535845,0.5675151512071033,0.9781215469612334,0.025562884460193048
0.5002899455307417,0.5704680427682436,0.5114681391663214,0.4199366500632551,0.972205694857621,0.09918503832379823
0.5093909590232562,0.5702589445666811,0.5081698179683848,0.41244341365994974,0.9730556736082008,0.02618681496328139
0.5060362572192769,0.5716168581460279,0.5111951862545057,0.4185392775445096,0.9733616659582367,0.025852436130255552
0.5026822666132813,0.512941971825184,0.3787980704894033,0.5638086394630786,0.9561240968974971,0.02551807612193625
0.498747016679729,0.5628956841523303,0.42570477163389764,0.41961031850999997,0.9747216319591416,0.09921188014066082
0.5078521919163639,0.5342549876670502,0.38550076434340763,0.423493497214408,0.9593710157245141,0.02614209742655028
0.5045000091862808,0.48793304022992184,0.3453785388980254,0.4347442321850987,0.9496982575434458,0.025807787248336548
0.5011485241999312,0.41173899652673496,0.26333723712954643,0.18205571962361722,0.858954526136813,0.025473493680158003
0.5154134508225146,0.4955644362345961,0.35500935436986053,0.4275207017820015,0.9684657883552745,0.89006555195123
0.5061670300392431,0.4316407291328488,0.30386975604269095,0.05224009059770818,0.8496387590308814,0.026096457479198445
0.5210189015056903,0.4317006175754271,0.3035987774578079,0.052847961541639954,0.8568295792604204,0.5712194161570328
0.5159743144436995,0.4129669903043158,0.2634557075910259,0.2014460403152496,0.8515597110072122,0.5705059044121725
0.5103417884876928,0.48304344998050985,0.34290331946774444,0.41731857198614786,0.9655758606033942,0.8906491621475692
0.5041820504962335,0.4348208454833483,0.30399218423285684,0.05449296165421591,0.8422439439013942,0.026048758994819062
0.5190372642490271,0.4314965327245033,0.30203332876345995,0.05108168903144383,0.8540586485337371,0.5710968230239941
0.5139957059580365,0.41862771219319467,0.270815925797534,0.20094947471857671,0.8634594135145335,0.5703835438196265
0.5083627619815698,0.4930328908342183,0.3521565626206702,0.42620814846473465,0.9688057798554155,0.8906792373846149
0.5022071519421574,0.43873085490966335,0.3069547414767177,0.06483002386890158,0.853548661283412,0.026001293050932305
0.5170656438389352,0.43494105504712643,0.30526132452458893,0.04847881964074385,0.8473098172545406,0.5709748610722925
0.5120270642566149,0.4117148058583541,0.2639905410262259,0.2043061469658649,0.8594985125372432,0.570261792261704
0.5063937429353311,0.4939251921549001,0.34948727482104114,0.44960518369214264,0.9585550361240394,0.890709290474947
0.5002421078449677,0.42704729130846275,0.29603723810785637,0.06014971939179403,0.8474628134296154,0.025954064076880893
0.51510392137738,0.43523326687842656,0.30632756066993777,0.05378847782770091,0.8516107097321992,0.5708536078154256
0.5100682766991906,0.42029923910424943,0.27465843714670446,0.19596853064671427,0.858903527411826,0.5701407272519026
0.5044345526890353,0.48612318489083395,0.3449768231282395,0.436226304777231,0.9647938801529108,0.8907391885382839
0.49828694980651145,0.430816415569436,0.29941826855334996,0.05682147904912127,0.8508287292817158,0.02590705989197233
0.5131520755878718,0.434607492012699,0.3039235830120588,0.06379698476474815,0.8483127921801952,0.5707329635931823
0.5081193658138132,0.4096153007890592,0.2619712627418788,0.2121525187431177,0.8509987250319,0.5700201716165135
0.5024852375503381,0.48057979221342256,0.34210437000444927,0.41844552373613353,0.9581640458987977,0.890768975868053
0.49634155705141536,0.4331910881506168,0.30103358449634543,0.06122365914085548,0.8430939226518603,0.025860290462227754
0.5112099493998468,0.43279635651702864,0.30120878387791183,0.06006219995356399,0.8404079898002692,0.5706128287453512
0.5061801964321884,0.40757461319335814,0.2618016045346128,0.2115901547303165,0.8671483212918929,0.5699003025292455
0.5005456119757259,0.48888405711229077,0.3440394782163788,0.4287680920329635,0.9573480662983229,0.8907986524642544
0.49440593771480934,0.4324002410270231,0.30425762275012497,0.06748197403349099,0.8489247768804944,0.025813751358304448
0.5092775215368155,0.435601991308595,0.3027913839841448,0.06361825291743706,0.8479388015298355,0.5704932807854303
0.5042506471531665,0.41374611398278205,0.2643826286321584,0.2107807587641446,0.8514067148320237,0.5697809317430331
0.4986156991190276,0.4839213656309926,0.3422876172029745,0.43768729169708576,0.9597960050998608,0.8908282183268876
0.49247995349950413,0.43215086974303074,0.3014618208774626,0.07211824082593576,0.8558096047598838,0.025767433721516967
0.5073547350528766,0.4329507798746083,0.3031401979736411,0.06322378009557805,0.8524266893327876,0.5703743529334896
0.5023308018311496,0.41219756434834004,0.2644140268491641,0.2254398675740361,0.8541436464087155,0.569662136771374
0.49669541199694356,0.4912115283893138,0.3485045535902936,0.4474750939890866,0.9646918827029367,0.890857673455953
0.49056352931200387,0.4347430527278975,0.30256921686994187,0.08047074815658217,0.8485677858052441,0.02572134308854371
0.5054415098483016,0.42874812951422814,0.2973958251484718,0.07850533318598518,0.8430939226518603,0.5702560119694589
0.5004203988904616,0.41497314406706964,0.26492722369748317,0.2161102716330956,0.8435529111771984,0.5695439619076951
0.4947846257665365,0.48289446192462104,0.3466325065315471,0.4566114244554964,0.960305992350186,0.8908869071178825
0.48865656440186944,0.42805788195804884,0.2973844794087218,0.08188614872657829,0.8388440288991887,0.02567547170803493
0.5035377658233608,0.43217676788283094,0.300393738780699,0.06785738636063565,0.855758606034783,0.570138202526554
0.4985194865160949,0.4161079957257074,0.26514384808802594,0.22364115251346184,0.841274968125731,0.5694263628585694
0.4928832778498937,0.4859764388968927,0.3430340588660183,0.4486540650058968,0.9599320016998263,0.8909161407798121
0.4867591485684044,0.4332460740941042,0.2996552099189831,0.07503751442889384,0.8469528261792902,0.02562983397535445
0.5016434404001404,0.4319827061573279,0.29725650893756994,0.07188125534165413,0.8431449213769611,0.5700210021182729
0.49662803029019686,0.410663618511336,0.25967572986019416,0.22897916318630673,0.8513387165319273,0.5693092953305696
0.49099130754643916,0.4837154785484555,0.34350965695981006,0.4547412722491071,0.9596770080747774,0.8909451529746059
0.48487103400307374,0.4328506022582463,0.29840876110675096,0.07190579572859879,0.8420399490012187,0.02558440663645301
0.49975844471800634,0.43191503307541995,0.30029320968321477,0.0779927250062612,0.8490777730555692,0.5699043443044745
0.49474583496967917,0.41211592754728543,0.26257232355747856,0.2268858840636674,0.8437569060772603,0.5691927482503392
0.48910869013789693,0.4881790055107165,0.3431634813085467,0.4546004231350409,0.9569400764980855,0.8909741651693996
0.48299222352188265,0.4334089185934483,0.3028649984902596,0.08019012208127752,0.8418189545261612,0.025539198550016035
0.4978827174506013,0.42832632149616406,0.29914491502138313,0.08073934229459845,0.8434509137271107,0.5697883065986563
0.4928728955483086,0.4153858872892216,0.26717104138707176,0.22372045211334624,0.8430089247768819,0.5690845283344159
0.48723536554947033,0.4876668356020414,0.3442126966308996,0.4652615931785984,0.955325116872018,0.8910029558970576
0.48112263984110903,0.43528015708307954,0.2993480825589154,0.07596921523614952,0.8370250743730594,0.02549420528670082
0.4960162248058526,0.4289352630180035,0.29855150804270403,0.08912048007668039,0.8404589885252562,0.5696727782672506
0.4910091907495948,0.4103122602276555,0.26191242337254256,0.2435190247761414,0.8501997450063072,0.5689953545921739
0.4853711789008237,0.48676035601083045,0.34588276473234125,0.46408321780224826,0.9552061198469346,0.8910316912579314
0.4792621915969999,0.42603979377464146,0.29477364009711027,0.08112932795832684,0.8426689332766273,0.025449431275850077
0.4941589060831837,0.4341353895747123,0.3024963947506454,0.08154111406288467,0.8450828729281739,0.569568024312003
0.4891546098106301,0.409775475911619,0.2590810019417018,0.2261063495392146,0.8432469188269351,0.5689066016374901
0.48351617712539285,0.4864261564739682,0.3439814303485125,0.4468572957041579,0.9604759881002565,0.8910602494450968
0.4774109110171807,0.4273120119559473,0.29593301710754283,0.09024862310758586,0.8345431364215301,0.02540486987344973
0.4923106186049533,0.4259498431075136,0.29409817238857744,0.0875514836867779,0.8357501062473602,0.5694795703379526
0.4873090788894787,0.41022508621300324,0.2594408993864845,0.23312613119568826,0.8456268593284904,0.5688182805437211
0.48167019533037614,0.48602684059250656,0.34320081423721677,0.4566381091480962,0.9600849978750148,0.8910887744121917
0.47556860536167633,0.4228475195124649,0.2906527622847956,0.08375129755310506,0.8309902252442498,0.025360521079499775
0.49047136174538286,0.4280006503767576,0.29749239563192115,0.08853147108064308,0.833370165745805,0.5693914485646058
0.48547255042692505,0.4116159155502873,0.25904749261143556,0.23763095999333195,0.8382490437738852,0.5687302916506557
0.47983318720811763,0.48498535454383535,0.34146979875189776,0.4602288283867315,0.9571950701231344,0.8911171222055778
0.47373536755869017,0.42226938220537297,0.2887846731760727,0.09258385138500513,0.8353931151721099,0.02531638378666454
0.48864110171239794,0.42605672545457984,0.2923372086655953,0.08833157414232651,0.8374840628982838,0.5693039247525258
0.48364491240850427,0.4049777440487112,0.2540284547434466,0.22808371702837205,0.839813004674852,0.5686428453520733
0.4780051170892068,0.478998637920548,0.33487132811157794,0.4734244485868373,0.9546621334466181,0.8911454146321803
0.47191090536936686,0.41832506243713424,0.2889429856435887,0.09241663525325072,0.8392010199744391,0.02527245578027266
0.48681965734294064,0.43214873316884633,0.2996227552599987,0.08926986670400416,0.8336251593709676,0.569216655627652
0.48182622146722975,0.40906487279302167,0.25899181969065305,0.2510902503703196,0.8550786230342737,0.5685557423275514
0.4761859396046564,0.48007987855247475,0.3373927206743061,0.4645768846153495,0.9560560985975144,0.8911735409584305
0.47009536991936685,0.42802026394897774,0.2965330210384897,0.08037266602753124,0.8378240543985385,0.02522873263098143
0.48500707713489266,0.4295267186021663,0.29694595306582205,0.09544912025293917,0.8389970250743772,0.5691298958771905
0.4800163070782859,0.4106558374478627,0.2606936799891385,0.2542188717402236,0.8325201869953389,0.5684691486774419
0.47437552709552344,0.4753540893439874,0.33297579939988425,0.4699157291848379,0.9516702082447637,0.8912015011843291
0.46828857722962525,0.4252876302653189,0.2927438084598315,0.09115951620811158,0.8307352316192009,0.025185213231455165
0.4832032813014169,0.4248344977454047,0.292300268831615,0.112353118537177,0.8326731831704137,0.5690435901343577
0.4782151457749566,0.4133174939583225,0.2615472490299569,0.23814209892658855,0.8454908627284112,0.5683828983013929
0.4725738676720046,0.48013860305380285,0.3382836268491995,0.47743521347773954,0.9595240118995889,0.8912294724835844
0.4664905260485832,0.42272134542025236,0.29029365634148274,0.08923710647871386,0.8464938376540658,0.02514190865505065
0.48140816502450523,0.42363026553343963,0.29180132033777634,0.10725908219667613,0.8289672758180586,0.5689575944455149
0.4764226202236541,0.41323756641661535,0.2611712563939308,0.24109584025748831,0.8446748831278228,0.5682970576395452
0.4707808665285613,0.47973917989664994,0.3361727902600343,0.47993201915722694,0.9490862728430329,0.8912573109025582
0.4647011137484647,0.4241028954102417,0.29318075113578024,0.09620248630652373,0.8290692732680327,0.02509880007706135
0.4796216738613759,0.42692792922264566,0.29161029026280105,0.09394981379683598,0.8316532086697634,0.5688720084708734
0.4746387729773587,0.40823598034552,0.2602831224662159,0.23185864800654832,0.8395070123247024,0.568211615618542
0.46899655119947514,0.4755333291448136,0.3333385996807345,0.5006785734665127,0.9557671058222468,0.8912850607346778
0.46292029902784515,0.4276118904233167,0.29218470076352887,0.10073808986125832,0.8384190395239557,0.025055894141501327
0.47784378027774643,0.43241132618178746,0.2949250922212094,0.12108635924974243,0.8430939226518603,0.5687869872374283
0.4728634450881719,0.40749255622917935,0.2559400790890579,0.25321628971824905,0.8289672758180586,0.5681265722383833
0.46722076023372994,0.4821958039542463,0.3377206935624591,0.48439602672869064,0.9575860603483761,0.8913126776865158
0.4611480537266641,0.4225443298020918,0.2898451038706237,0.09434448516551486,0.8319082022948123,0.02501319084837059
0.47607436850447726,0.42585936678949854,0.28960895422779753,0.10720614961447972,0.836617084572822,0.5687021653244054
0.47109661778271894,0.4063504580975965,0.25770341864447227,0.26550407443885615,0.8374840628982838,0.5680419717924962
0.4654534219796158,0.48031710086443113,0.3376229333920968,0.49575330192296185,0.944785380365488,0.8913400288777908
0.45938425049886833,0.42626049563014257,0.29161398371499003,0.10663508925096521,0.8303782405439506,0.024970681338983707
0.47431346920474526,0.42762755625009813,0.2921701890178994,0.1023631955824762,0.8291202719931334,0.5686177863456542
0.46933824037289096,0.40516051143185194,0.2527469129339972,0.24895734130242042,0.8289672758180586,0.5679577367673833
0.46369454300781277,0.47435926822101754,0.33291907070113436,0.49811791512973236,0.9536421589459678,0.8913674354358498
0.45762890186004057,0.42390969189026884,0.2894807210295079,0.1187850030598051,0.8283552911176457,0.024928381116040184
0.4725609015283818,0.4241315666266612,0.2892034099901916,0.11644127697849238,0.8324691882702382,0.568533828154461
0.4675882290042832,0.40187286192842575,0.2503933315204349,0.25322514490641845,0.8375350616233845,0.5678739889699692
0.46194405792440163,0.4753152913023122,0.3313431992427438,0.4810833921660653,0.9517212069698644,0.8913948419939086
0.45588184291737965,0.4272821714344931,0.2938699384244614,0.1143266739273916,0.8249213769654489,0.024886260281476686
0.4708167155377172,0.42330630188545254,0.291480209563737,0.10140068030876581,0.8240543986399871,0.5684502686041124
0.4658465742902087,0.4087695696338849,0.25656990044744177,0.2586965393328995,0.8367190820229098,0.5677904183462639
0.4602018866296542,0.4792422431361347,0.3367826912794112,0.48637105136537273,0.9475563110921712,0.8914219717180479
0.454143158151068,0.4238957281711222,0.29034194169387595,0.11360825211411663,0.822881427964262,0.024844345411349503
0.46908081861744,0.42272506431088297,0.2880859867630675,0.11090591076662626,0.8370590735231644,0.5683670855478946
0.4641131773575653,0.4049325595275493,0.2523978333399808,0.2716356767510053,0.8247683807903741,0.567707445683825
0.45846801660798686,0.47785706365192415,0.33305152546193384,0.4822740774452521,0.9541861453462843,0.8914490460754031
0.45241264918912094,0.42410087505138955,0.28957412550707773,0.10683784526348894,0.8197195070122234,0.024802621002959137
0.4673530859246138,0.4195704259370594,0.2858725123978656,0.10269917651118066,0.8321631959200886,0.5682843011325215
0.46238796655464265,0.4053938950619891,0.25412159560853026,0.2536876398687893,0.8401189970250016,0.5676247277085926
0.45674229548218115,0.47484617470439916,0.33361116082588305,0.4956056227982897,0.9474203144920921,0.8914760761393312
0.4506902991355006,0.42352880954842337,0.2909092286813749,0.10515150770300119,0.8253293667657999,0.024761082626962867
0.4656336125776659,0.4275090523698112,0.294861238681208,0.10533933299466547,0.8262813429663538,0.568201848917852
0.4606708805550839,0.4120153297677993,0.25996887247826767,0.26454183713069357,0.831109222269447,0.5675424526676318
0.4550247257553539,0.47708358803860307,0.33478834661938783,0.506105255149143,0.9492902677432085,0.8915029179561936
0.4489761230089089,0.4227641841796319,0.28764719702901864,0.11706697742685468,0.8202974925625313,0.024719746893395882
0.4639221814312373,0.4263529923070099,0.29410424145186154,0.1151737143706244,0.8343901402464553,0.5681198174907405
0.4589619337518118,0.40595508459778895,0.25327172090524924,0.27545806041914744,0.8300892477687967,0.5674605541208019
0.4533152310824504,0.47904179850700135,0.33616804036586667,0.49997401022126975,0.9458903527411167,0.8915297154796291
0.44727004665451586,0.4232691040395055,0.2874912590659123,0.11482637656381944,0.8134296642583649,0.024678590548208923
0.4622187593190348,0.4147540424072966,0.2799233874828646,0.1221037131551207,0.8295792605183578,0.5680382068511871
0.4572609646938077,0.4106237584403173,0.25713533927015503,0.27607534248234433,0.8220994475137786,0.5673790099213892
0.45161381302791925,0.47719100676412574,0.3362899417737344,0.5053551452634055,0.950208244793771,0.8915564022694966
0.44557195430318286,0.42147427266097964,0.28856461872449,0.13063761286046527,0.8258393540160114,0.02463763130877284
0.46052341538965136,0.42180623013589436,0.28681711141184424,0.13054203242134566,0.8359541011474221,0.5679570169991919
0.45556802688518916,0.40464524840741195,0.25176801419496797,0.28491814133015336,0.8277943051423335,0.5672978422161075
0.4499203157727556,0.4720308421903422,0.3296253754485894,0.5183879570711598,0.9412664683383127,0.8915830336925803
0.44388183156199146,0.4214665952973412,0.2850936143051407,0.11645720043345165,0.814925626859349,0.024596858101730873
0.45883600508810884,0.4213437288722761,0.2857579994437356,0.11459244870056473,0.8229834254142361,0.5678760929077596
0.45388304773557575,0.4041762390851901,0.2674858194853407,0.28687485995003703,0.8583425414364001,0.5672170288582432
0.4482347862503957,0.42973079272552095,0.2923350977736719,0.5077907985223511,0.9526561835954226,0.8916094436485279
0.44219957455160364,0.41312928948556266,0.2886289990467896,0.14665446424384232,0.8464938376540658,0.024556266497740276
0.457156488990321,0.4694876824084566,0.3445772122742754,0.12749898473083632,0.8504037399063691,0.5677955896038853
0.45220589082511653,0.44870602094472056,0.3598766767226013,0.6719463310473579,0.9536421589459678,0.5671366141412233
0.4485085721301574,0.4502162034281807,0.36489452822373386,0.6780305997976332,0.9614959626010204,0.10030052399354662
0.43924149938395995,0.4642877614634893,0.36455771955854577,0.5440584725149851,0.9573480662983229,0.09968009488587577
0.42935832987301703,0.3773688519809655,0.2926000079592821,0.5171342530313237,0.9606459838504406,0.024008572734154365
0.44271126288411944,0.24110366625760063,0.21834505409190985,0.6756267934486062,0.9467063323415914,0.024179762400808217
0.45181713586448646,0.24216914093876746,0.2231780736208806,0.6924991036603814,0.9624139396514693,0.10043764537069574
0.43753000253072294,0.35302821397166473,0.2914182037458471,0.7174333280771374,0.9468763280916619,0.09969404731543303
0.4074464326280811,0.4439831013609745,0.3688820267501821,0.7152302525630709,0.9541861453462843,0.09995144749405141
0.40816255048755945,0.4907402841568572,0.4332069483736083,0.7334584390082237,0.9484062898426373,0.09996869978393258
0.4081188654721073,0.5259923993742395,0.4826479903011853,0.7242631004269273,0.9524351891202514,0.09997510572083645
0.4084577589772489,0.5515654938298777,0.5141908511017961,0.5630042865861333,0.9505652358690213,0.0999691759382746
0.3987904397753246,0.5556423992008104,0.5167432441387612,0.533152216276892,0.9525881852953262,0.0237313722862571
0.42546782627632496,0.5450023491588459,0.5080112520698892,0.5096340277799565,0.9556311092221677,0.023646714258914736
0.45404848809369547,0.5455266590999162,0.5107548139601912,0.5121781670213177,0.9562260943475849,0.023584313678723285
0.4500414866377147,0.5424095314594726,0.5099563846390813,0.5306200295540913,0.9422864428387356,0.023253118435774996
0.4326186347722163,0.541342460158434,0.5074384205880333,0.5015625039088907,0.9498002549935336,0.02316333676624521
0.4442634373089236,0.5388520549856575,0.5066237783243427,0.5266370612179807,0.9422014449637572,0.02259022854148712
0.4402863462181328,0.5393222264612013,0.5096909461218132,0.5122624302917007,0.942354441138832,0.022260911339850677
0.4370396620275292,0.5507389525079429,0.5251368560490344,0.5067744770604365,0.9295877603059353,0.02193065068821559
0.43522785528248953,0.5495404863643836,0.5221716471867146,0.4936382620688571,0.9359116022098988,0.021598840873965377
0.4305366873108607,0.5386534161639936,0.5128310776943243,0.5079708010693096,0.9317127071822142,0.02127031541733952
0.42729119960995776,0.5446086831304577,0.5249480555026682,0.5081277324757911,0.926034849128655,0.020940109025152715
0.40987215529758947,0.5351458050073361,0.5135941484136969,0.5174786126358293,0.9324776880577019,0.020851916382322498
0.42152081200797387,0.5372253800411216,0.5173478706950432,0.5076467726591658,0.9299447513811856,0.020278911139782578
0.41754763704299336,0.5381075616882605,0.5220083225405674,0.47390505101918645,0.928975775605636,0.019949690276350216
0.4143048383150223,0.5413299982989651,0.5196898385509644,0.48339141952915265,0.9263408414789183,0.019619533714268972
0.4124968976334622,0.5427286051238661,0.5271385845147163,0.49099957483183987,0.9269528261792175,0.019287821345558516
0.4078096160631355,0.5337882132550631,0.520022165139876,0.48559592458032275,0.9193370165745591,0.01895939665647946
0.4045679130744251,0.5423344027170215,0.5331180505407331,0.49162773726076936,0.9196770080747001,0.018629291031839464
0.3871526340750968,0.5352012129018757,0.5253616460078733,0.4820579393770641,0.9201019974500468,0.018539751868823406
0.39880518813791666,0.5344648189191695,0.5283028397948346,0.485089749317565,0.9186910327240412,0.017964760066075086
0.3948358147811657,0.5376731845350362,0.5319250302910887,0.48676361813776037,0.9115512112196029,0.017633560393784088
0.39159686803664373,0.5360113589223284,0.5300895282009361,0.4641186385549254,0.9138971525711668,0.017301420593501482
0.3897927014290312,0.5367711926435766,0.5359827148119716,0.46062707359816923,0.8984785380365565,0.016967726093925353
0.38510921865092707,0.540179681061503,0.5404673165448552,0.47020878429107094,0.9063323416913818,0.0166373203813163
0.3818712681467842,0.535124278351955,0.5354011869954537,0.46732242975085914,0.9034934126647158,0.016305225981796543
0.3644597979521449,0.5313455636441824,0.5353674109539819,0.4632509095330546,0.9062813429663947,0.016215145331633384
0.3761161201440104,0.5305533326641715,0.5360982881921481,0.4778049076564699,0.9022184445387893,0.015640249867089156
0.37215053275100995,0.5410907377488747,0.54802410821401,0.4520807845712602,0.8999915002124226,0.015309150962344954
0.36891528905450466,0.5330308289954322,0.5445780356482877,0.4717279851385323,0.903357416064523,0.014977106392930754
0.36711488807282056,0.5333360462163703,0.544467486620283,0.45532920909231667,0.8761580960475612,0.014672335501294022
0.3624352094060619,0.534578852978987,0.5499391610713016,0.47682118758238956,0.8850488737781461,0.01442037455553162
0.3592010154540515,0.532241691131186,0.5447235515113626,0.4761291724961667,0.8842838929025447,0.014166692810123827
0.34179326238745755,0.5281507326446973,0.54180677120654,0.4552251705586676,0.8874798130045747,0.014127648154077
0.3534533933840125,0.5361958194734631,0.5505659434713014,0.468490163017661,0.8785720356991078,0.013658420196715648
0.349491499965231,0.5353886771723658,0.5572194252344744,0.4586729757963086,0.8700382490437732,0.013405722872726615
0.3462600297168934,0.5265760685311445,0.5474343997782734,0.4660630472719727,0.877399065023269,0.013152072132717834
0.34446326889242274,0.531557415255154,0.5568707529007222,0.46017557812962306,0.8761580960475612,0.012896728276455629
0.3397873458391274,0.5296197838401973,0.5585480675788204,0.45144352869797744,0.8647343816403463,0.012644834878169663
0.3365567954861137,0.531163427399692,0.5597033587063855,0.4559734538136615,0.8652443688906715,0.012391214036224216
0.31915276517957913,0.52707938819529,0.5547097723915344,0.43536481012550654,0.8681342966425518,0.012353101756819234
0.33081658921168344,0.5369436204380074,0.5693244176388492,0.45287818830950766,0.8646833829153593,0.011883077625104575
0.3268583841351078,0.5300648170454207,0.5586326404847601,0.43930060373719937,0.8690862728431057,0.011630436775235176
0.32363055154086684,0.5310151902736421,0.5636936239465848,0.4716526167656825,0.8597705057372877,0.011376852475367145
0.32183746216256637,0.5319669580858498,0.5756781647010972,0.45713110090201026,0.8549086272842032,0.01111497423126228
0.3171652299545933,0.5248395253994688,0.5669689924872433,0.4561708490620471,0.8514067148320237,0.01083915906029963
0.31393840298741793,0.5236849707722016,0.5650921866808452,0.4476846800122163,0.8507947301317245,0.01056180580007865
0.29653798405225595,0.5254086050623613,0.5681356160743324,0.4368969959349922,0.8365150871227343,0.010579007152518565
0.3082054735856281,0.5242408376457863,0.5713446277523877,0.4336336804024401,0.8439099022523351,0.010006248845835092
0.30425093275876236,0.5263405447509665,0.5762726097507757,0.4321837723951383,0.8351041223968423,0.009729877792361515
0.30102674657952555,0.534500631120771,0.5834877122716857,0.44401847327263977,0.834084147896192,0.009452554430203871
0.29923727076282436,0.5336100462111495,0.5856397064946104,0.4322097820285504,0.8387930301742017,0.009173780458306535
0.29456862426928065,0.5284536076797094,0.5802639374090552,0.41581311057862624,0.8277943051423335,0.008898025083470564
0.2913454506006796,0.5233319085929581,0.5742153478066843,0.4396212568514042,0.818223544411353,0.008620731619376255
0.27394861518971947,0.5243821376104676,0.5813316233124097,0.43970174773220827,0.8337781555460424,0.008786338099535832
0.285619765531016,0.5224371506589462,0.5841455039994063,0.42572742690429344,0.8336251593709676,0.008065305330742838
0.2816687368895301,0.5259559435184904,0.5813837481994779,0.42276403619794456,0.8094177645558602,0.007788989644053219
0.27844817271991174,0.5283392517928182,0.589699648653914,0.42115215369493475,0.8114917127070385,0.007494415099350092
0.2766622463224495,0.5272164507701662,0.5921503151596834,0.402962167657938,0.8058138546535929,0.007188195812645032
0.27199724686968896,0.5249172108792284,0.5931974388464405,0.4112484000600882,0.8034339141520377,0.0068952246900053195
0.26877762230743674,0.5212378245219286,0.5927756588685327,0.41596801680754436,0.7940161495962457,0.00665153332709481
0.2513843926358379,0.5244718737262128,0.5939362178190797,0.4188002474846404,0.7967700807479332,0.006664804745209419
0.2630590417082632,0.5240278953986202,0.5969247777454576,0.41487616813532413,0.7989290267742035,0.006170356110419751
0.2591116425857458,0.5295161912809966,0.6049113728623982,0.4087086288487656,0.7833404164895228,0.005920548932553297
0.2558946090619916,0.5284122529007257,0.6058390851836635,0.3939782020211511,0.7967020824479505,0.005676869750335259
0.25411226086960825,0.5228883593681304,0.603818631599315,0.4085261246118759,0.7884402889927742,0.0055231283719777745
0.2494507329265847,0.5166313866716891,0.6002067199979885,0.4123584356210148,0.7870123246918865,0.005370190919323351
0.24623465528045552,0.5204493213721891,0.6037438196594888,0.4111842297278834,0.7740926476838013,0.005229613547519596
0.2288449631382914,0.5185312963777398,0.6033667719095066,0.4036670882874571,0.772426689332633,0.0052686570962307425
0.24052312815077181,0.5195869678486529,0.6069146949552007,0.38823031129321994,0.771661708457259,0.004954542506133342
0.23657924778431516,0.5165923848062006,0.6035745631790594,0.3957194179226706,0.758691032724073,0.004807843782695247
0.23336577807272052,0.5199527064387478,0.6087731519160023,0.3996921015335082,0.7688907777304621,0.004667277041314015
0.2315869633422083,0.5210156297463906,0.6083240810736548,0.39394258272165383,0.7455333616658208,0.004539026530290559
0.22692893569476125,0.5215394211882864,0.6131959983845933,0.3807639184199709,0.7531321716957109,0.004386093949913124
0.22371636585355859,0.5137531727232675,0.6059191649464715,0.3747814247695973,0.7360475988100461,0.004245519346448568
0.2063301117419476,0.5163891510090942,0.6073386883041094,0.38922804877278816,0.746077348066251,0.004286121470128115
0.2180117632828642,0.5131574529303767,0.6105978328353322,0.35082297855412414,0.7510412239693096,0.003970461814557597
0.21407134754257395,0.5132589107033212,0.6126529920769728,0.37727906434572844,0.7441053973650469,0.003823768295597197
0.21086134308292515,0.5169120842454598,0.6161484139625286,0.37833410243753174,0.7375775605609078,0.0036832059835586782
0.209085968260303,0.521622971072502,0.6191979079925579,0.36826440337057864,0.7305227369315617,0.003554956579870902
0.2044313999198999,0.5137052204892708,0.6172116067227513,0.35588901979301335,0.7261198470037016,0.003402031307908949
0.20122228875996173,0.5169865872130451,0.6177432805708478,0.3639712651923559,0.7146621334467227,0.003261461244520679
0.1838395302505842,0.5170834571622598,0.6208707295275244,0.3748820880073076,0.7269018274542987,0.0033036079907390733
0.19552462295094974,0.5076871722124205,0.6150938976166288,0.3451599070276721,0.7129961750955545,0.002986417554325699
0.1915876136393666,0.5138848893928621,0.6253434653784729,0.3699608271095194,0.7095112622184843,0.0028397280217737414
0.1883810522165037,0.5123529746422795,0.621567985660189,0.33975915555972613,0.7035274118146617,0.0026991699176108054
0.18660910541196918,0.5144929816488124,0.6242079617876547,0.3516243929381344,0.6894347641308514,0.002570929372608462
0.18195800169773246,0.5135458982084566,0.6253058602051698,0.3406789435577853,0.6922226944325303,0.002418006647518571
0.1787522684935503,0.509345804585385,0.6253296096760079,0.3250547780748878,0.6719932001699362,0.002277444114012918
0.1613729129710948,0.5062709793258645,0.6238223482918994,0.3467984345139179,0.667352316192023,0.002321120533738491
0.17306138925922943,0.5100657853873273,0.6275752737596855,0.3372181533581198,0.6700892477688285,0.0020024083966348255
0.16912784801559777,0.5025931824367237,0.6239001925499967,0.35007314663393463,0.6645643858903441,0.0018557267261661934
0.16592466486138058,0.5134100246058253,0.6355864372947346,0.34768617705523863,0.6564045898851418,0.001715173715747381
0.16415607035565838,0.509561392966269,0.631032824867418,0.3407538751276309,0.6541436464087838,0.001586936492752075
0.15950837588613442,0.510888822370014,0.6352753480005756,0.3394506138015376,0.6429919252018408,0.0014340205224098266
0.15630600593190014,0.5144362864459775,0.6397323689174185,0.3392083072624814,0.6510837229068329,0.001294754900451593
0.13893002085585104,0.5042230506210029,0.6326523705623959,0.3153770898492263,0.6386740331490728,0.0013414246699850422
0.15062188511220853,0.5067635356623196,0.6402724757090279,0.3243512869824725,0.6398980025498986,0.0010226769874060798
0.14669165736908285,0.5113305479080901,0.6416809322116618,0.30553472689110595,0.6216064598384037,0.0008774720597991593
0.14349182025588725,0.5021772495506847,0.637392636566208,0.3144204118520222,0.6257543561411012,0.0007383980069134207
0.14172668286698098,0.5092056667740258,0.6469676573818556,0.3128884245893566,0.5976370590734632,0.0006116411809875691
0.13708227311212307,0.511664211066496,0.6490935338269711,0.30827292579427756,0.6328941776455395,0.0004602036145105546
0.13388320633303907,0.5078663118892683,0.6452942825041388,0.3156476297460784,0.6128346791329022,0.0003211266825520502
0.11651065834887442,0.5063550655885365,0.6449201342701676,0.30822714089759917,0.6019549511262312,0.0003693035359448229
0.1282057438033153,0.5046082955076266,0.6451780583928881,0.30265631422369177,0.6204844878877793,4.905829259337514e-05
0.12427886554299628,0.5049645580783262,0.6503941991618671,0.2915197039651032,0.5864853378665202,0.0
0.12108235538455725,0.4986037782713016,0.6425082460243319,0.2968760206547463,0.587250318742008,5.601501826406688e-05
0.11932052961882,0.5400729059901279,0.6156565807924461,0.28950171379658585,0.6626434339140133,0.00012383046992656306
0.11467936359009423,0.5526527150815926,0.5805841236580276,0.28856774955558273,0.7016064598384446,0.0001675813026097723
0.11148366037384694,0.5392470977187502,0.5143078720266072,0.2866167490841136,0.7306757331066365,0.0002235585607271804
0.09411440899415213,0.5422128057209697,0.48399759326890857,0.2817265806183282,0.7390905227368876,0.00031295011589720784
0.10581279074017269,0.47756208410778933,0.3927712719672091,0.6403777043516341,0.8923926901827599,0.00034118274637281055
0.30044996845633554,0.5317184360677466,0.4428703490933169,0.6059117236218736,0.934398640033919,0.09454650882405062
0.4121886209981507,0.531319120186285,0.4476796280049333,0.5956913672279494,0.9365745856352987,0.02287446167828267
0.41042980961049436,0.532117644673517,0.4453124498533132,0.5943069002524999,0.9312027199318891,0.022542249901180915
0.40579153749736685,0.48883397724375066,0.40564578264068174,0.7484045273916584,0.9248278793030522,0.02221333355506032
0.40181780308584214,0.5340387735113004,0.447365107985723,0.6188653152484713,0.935758606034824,0.10083048377623094
0.3970089254336351,0.5348287695810766,0.45146276598687984,0.5880849591372774,0.9282107947300346,0.02309475503829274
0.4087099617347354,0.5337937558324453,0.4488004790797263,0.5979629413948957,0.9299447513811856,0.0225105391293371
0.40478891511015025,0.48186373920364034,0.39754664203509366,0.750438361596407,0.9284147896302102,0.022180908551703456
0.40081480335380926,0.5359347283201996,0.4486273934674656,0.6036448351598782,0.9326306842327767,0.10083373934312764
0.4116176231968067,0.5322086502182757,0.4460024328488692,0.6142023637634266,0.9327156821079825,0.022808003820162806
0.40698194994441605,0.5327797681193023,0.4476182733607918,0.6115496988302853,0.9358266043348067,0.0224791516995116
0.4037918249233545,0.4835800251089483,0.3999248914684596,0.7568923245254127,0.9268508287292434,0.022148614213956728
0.3856421575041096,0.533900119680337,0.44588739510447484,0.6035227288656142,0.9278028049297973,0.10061539489391289
0.40990593110048046,0.5301555007631057,0.44218907349927794,0.5844383291141473,0.9264768380788837,0.022776513408119144
0.4059875587430182,0.5357932138041358,0.44806933623703993,0.5906818324140155,0.9278368040797886,0.022446952592633285
0.4027995350882825,0.4817989446861147,0.40260960867733503,0.7545730594123166,0.9300467488312734,0.02211643946846335
0.4002578774478147,0.5323871748478267,0.44688819293618576,0.6056187876437324,0.9349766255843406,0.10087405743520549
0.40818612890659844,0.5340000827453165,0.44598726240402986,0.5871260177063262,0.9176370590733995,0.022745351874772193
0.40499864623792314,0.5266665555767286,0.440595003704519,0.60037488816354,0.9323246918826271,0.022414878614686707
0.38763755752123075,0.4833678516709029,0.40068452924941,0.7598020281716498,0.9222269443262121,0.022338419300712772
0.39855306078681574,0.5231372032133075,0.43832229222721203,0.5999282769467644,0.931151721206902,0.10086034861949762
0.40719982527470666,0.5341292426776028,0.4470910926558269,0.5982811722378971,0.9258818529535802,0.022713369805686983
0.40401439985492926,0.5365419623706197,0.44807909720315336,0.5963272332734928,0.925320866978268,0.022382930873007557
0.4022637745969928,0.48633173598637086,0.39913491279783064,0.7664136372756885,0.9269018274542304,0.02205093613369892
0.39684011462910807,0.5345095886409919,0.4437472645501144,0.6010788160589593,0.9328176795579566,0.10084640726329712
0.4062189368225373,0.5359374996088908,0.4490128741609608,0.6122409197292282,0.9288227794304476,0.02268150843619081
0.38886050359959334,0.5290465561839091,0.4420708794878365,0.5959528533898115,0.9267488312791556,0.022605645976147927
0.4005694434911353,0.479649229229522,0.3960575745606115,0.7734382237652047,0.9235869103272307,0.02201991966132593
0.3958606823649786,0.5291108143229784,0.44224646620932806,0.6022997598735051,0.9306927326815639,0.100849707123621
0.4052427886472949,0.5312043530759105,0.44218446083411234,0.620143877350164,0.9339906502336817,0.022649786590990192
0.4034946924757219,0.5363612207101157,0.44626246188741137,0.6075483847680123,0.9315087122821524,0.022317854969815278
0.3988668627389762,0.48749185107030213,0.4030226768269839,0.7647041491559954,0.9220909477262467,0.021989216564950145
0.3948864956944269,0.5336160178912968,0.4496533794611654,0.6038495766406013,0.9294857628559612,0.10085298483723128
0.3900969283346871,0.5262135303325057,0.4409705994831247,0.6164938323217306,0.9263408414789183,0.02287323253567881
0.40180824775138024,0.5323874787956187,0.44362734410929233,0.6113275249387715,0.9265958351040808,0.02228704999855701
0.39789780839597855,0.4783924676873996,0.39634201486792126,0.7632756444958833,0.9220569485762553,0.02195769071816475
0.3939170095638289,0.5360401266868701,0.4477788312931881,0.6198721858817566,0.9250148746281184,0.10084217724100278
0.404739015795025,0.5375762073101303,0.4481593097682215,0.6086963824809117,0.92239694007651,0.02258513590469871
0.40011369230370475,0.5345902599608251,0.4478620761765273,0.616879966177152,0.9314577135571653,0.02225656836931705
0.39693398963409265,0.49622622891366663,0.40905161169486803,0.7638033422339228,0.9216319592010223,0.021926297751660852
0.37877784915550183,0.5434793740492021,0.4554872056753311,0.6011692342807606,0.9237569060773012,0.10060866229298365
0.40011896762179067,0.5393287345198049,0.4522807172402167,0.6169563272841017,0.9283127921801224,0.0225586827626595
0.3820493667651945,0.5452865761028594,0.45579275047513323,0.611503516839967,0.9256778580535183,0.02248488880566528
0.37667184737007675,0.49539136478601775,0.410930918610497,0.7677057005611372,0.9229069273267214,0.02215768550784033
0.3726771991070583,0.546994119039329,0.45793300276489873,0.6231964155786665,0.9146961325966458,0.10046301443110509
0.382058131114833,0.546534067237328,0.455278761461333,0.6226132438591356,0.918181045473716,0.02278716044067417
0.3788695670998168,0.5489974031773415,0.46023592675636626,0.6227797055129742,0.9235529111771257,0.022457204306350852
0.3756814361239602,0.4959225046127653,0.4142458400909394,0.7660362394803444,0.9194560135996426,0.022127269211405433
0.37168582791575355,0.5423255524724919,0.4544065936853322,0.6193919408336832,0.9255758606034306,0.10044213008019631
0.38106941103682157,0.546549300385488,0.4564242805559297,0.6179745547954876,0.9234169145771602,0.02275678622299509
0.37788227473689595,0.5437705202753024,0.4536072458152569,0.6089281660385111,0.920662983425359,0.022426869952756223
0.37469559556862686,0.49600882578567196,0.35934975940878555,0.787083433384385,0.9037484062897647,0.022096965863209823
0.37069906715220524,0.526262537444133,0.38831002351175475,0.6158815139290323,0.9239609009774767,0.10042462310310896
0.3800852397473231,0.49115792630224375,0.3446055766236503,0.6187597280496266,0.9017254568635735,0.022726536026912072
0.37689956339011355,0.46005847097311103,0.312336845230077,0.6140110043383673,0.9034934126647158,0.02239665962075766
0.373714287531548,0.3954956760923499,0.2359842464647042,0.3824568080255166,0.7808414789628841,0.022066789858617316
0.38796122456852355,0.46541195707012784,0.31468620574514083,0.6163448030786831,0.9225329366765891,0.8900391862887095
0.37897255814231157,0.41711166709320674,0.27239034484187385,0.22482258551083945,0.7731916702082344,0.022695496300489826
0.39403303089230723,0.4115558054046137,0.2645773526019969,0.22353064135348277,0.7830684232893645,0.5625419129876565
0.3891751012299203,0.39416836469186545,0.2358929537644062,0.37260416034212307,0.7806204844878266,0.5619219711076844
0.38350271689785664,0.4550146719175019,0.30591014103290143,0.6240427015439836,0.9188950276242167,0.8903360629842896
0.37759922607441654,0.415435656058257,0.26977845041630627,0.21611968275236082,0.7658988525286077,0.022662756813800082
0.3926617344839296,0.4172469059813314,0.2754740110492365,0.23644531780337208,0.7859583510411312,0.5623595126545868
0.3878056477410876,0.3998856762958162,0.2397610586323306,0.3857040809750174,0.7831704207393386,0.5617397922417507
0.38213266704150994,0.4578239362032894,0.30636661006781896,0.6058615309857927,0.9153421164470501,0.8900805452763256
0.3762317290840409,0.4143628276284538,0.2684042967374424,0.23082068494126018,0.7808414789628841,0.022630156851405913
0.3912963110127099,0.4134926930414443,0.2681011279914096,0.2306235279490585,0.7808924776879849,0.5621778320897088
0.3864419827092287,0.40164160772076024,0.24110777093752683,0.3802720782376128,0.7685847853803125,0.561558299923938
0.3807684481951199,0.45708616551587866,0.3054803231982042,0.6321494476209069,0.9097662558435786,0.8898263010043929
0.37487004933648027,0.41045474558872524,0.26555862717345835,0.2489733441761075,0.7799745006374224,0.022597691983964593
0.38993664314505905,0.40994331945817625,0.2656596832745779,0.23927357754406886,0.7804844878877475,0.5619969155864494
0.385084107698793,0.393019549314081,0.23325229813204323,0.38056827038360086,0.7768805779854802,0.5613776491812416
0.3794100224990471,0.4578153005101424,0.30975054334938007,0.6246084805620877,0.9162090947725119,0.8895730533345714
0.37351414083696755,0.4119887879738515,0.26799057298730317,0.24174397649650392,0.7789545261367721,0.02256535556746206
0.3885826995920225,0.4138274218050501,0.27045734774320485,0.2393898862711903,0.7818444538886524,0.5618280690420925
0.38373200080750935,0.3962503981269092,0.2374657884777837,0.3937430828769768,0.7743306417338545,0.5612022915030913
0.3780573198660293,0.4610088549289014,0.3120328852039114,0.6254774802836061,0.9161070973225378,0.889320802266861
0.3721639369400256,0.41262394946256487,0.26789505761780985,0.23550043348727212,0.7591500212494111,0.02253314981656967
0.38723446783801574,0.4113745273656534,0.26621298596275683,0.24035263980108468,0.7740416489587005,0.5616801068486444
0.38238550559059536,0.39609970975131387,0.23829323730608487,0.3977355020417166,0.7660348491286868,0.5610544178964977
0.37671031463912286,0.45843500535967235,0.3067966935070363,0.621678326593397,0.9108372290692159,0.8890696585348298
0.3708194507870157,0.414790596599096,0.2690227712493908,0.2442702465240707,0.7536251593710404,0.022501085804644202
0.3858919291096665,0.40832485825573517,0.2632765504807729,0.24794832636347985,0.7745516362090257,0.5615326097361817
0.38104474720387715,0.395523381827548,0.23688187907406896,0.3858075635775706,0.7629409264767446,0.5609072419113819
0.37536895112398394,0.46318509251223183,0.31323922773360946,0.625605423854376,0.9095282617934117,0.8888196221384776
0.36948052781049334,0.41264163207234217,0.2672056062739683,0.23216055830095073,0.7689247768805672,0.022466773901290066
0.3845550912292124,0.41255702015878304,0.26661853020036275,0.24226551928312512,0.7706587335316044,0.5613858434652672
0.3797096364738288,0.39492883670347667,0.2349441325239065,0.40414578467033513,0.7685847853803125,0.5607605753006785
0.37403327312515255,0.45821611825128183,0.310391973838663,0.6243991327951419,0.9076413089672997,0.8885705380508098
0.3681472975467375,0.41248104036251465,0.26847395417888203,0.24299347134375737,0.7784105397364556,0.022426246522768863
0.3832238352986197,0.4067114068280763,0.2622261463568555,0.24712030670559715,0.7816404589884769,0.5612394979819108
0.3783801108225373,0.4003045950219288,0.2412436542100065,0.40068459737702966,0.760475988100211,0.5606145952380962
0.3727031451614451,0.4573081457400341,0.30820250945806626,0.6432836356082923,0.9147471313217466,0.8883224948586803
0.3668196739511189,0.40938340650310245,0.2649749811608927,0.2416239747985316,0.7752146196344256,0.022385879707921136
0.38189814536051925,0.41218381518057595,0.26730850943318796,0.25590834634046655,0.7671058223544378,0.5610939497802434
0.3770561574215292,0.39147536937613003,0.23210215751879693,0.414361137684397,0.7725286867827208,0.5604691245499263
0.3713786598481752,0.46302598478280016,0.3122875025503567,0.6463780672158022,0.9103782405439915,0.888075547928873
0.36549756597277216,0.4144738722723412,0.2694035131155733,0.247192260073144,0.7635019124521705,0.022345681208096633
0.380577950388981,0.4155698293411817,0.26939427826774676,0.23861781710716734,0.7796685082872727,0.5609488998796315
0.3757377021159787,0.39594145307569956,0.23796341846651722,0.4052714657206733,0.776370590735155,0.5603243182631638
0.37005964759919596,0.45708200679491384,0.307141023206885,0.6316573691823648,0.9039014024649532,0.8878296197478907
0.3641809892561767,0.4076776640103179,0.26304488645561697,0.26346575307597675,0.7648788780279574,0.022305638842602896
0.37926330732990454,0.4071889409918975,0.2612578003067466,0.24361226236278588,0.7677688057797241,0.560804470087
0.37442477994951684,0.39975672555112796,0.23991330314324796,0.39859326401322615,0.7667488312791875,0.5601799992041002
0.36874614971593234,0.4578413148652748,0.3091990863912787,0.6406593628704025,0.9089162770929988,0.887584610655522
0.36286991939594637,0.4112316182656031,0.2668385850946196,0.23850956938093537,0.7635019124521705,0.022265760362789672
0.3779541492249239,0.41021251171405854,0.2640968735824742,0.24994550882526712,0.7623969400765418,0.5606605607421377
0.37311729580371455,0.39216518782954424,0.23407737201326054,0.4082601115825186,0.7721206969825971,0.5600362670329465
0.36743813052897245,0.4594850287654403,0.310491710549329,0.6397984241497738,0.9096472588184952,0.8873407199721892
0.3615642719118979,0.40894391587526113,0.26201954831560914,0.2620360174255809,0.7671908202294162,0.0222260435539856
0.3766504197539158,0.4106393205672639,0.2654084939971386,0.25746729626128007,0.7694347641308923,0.5605172936519693
0.3718152496785727,0.3912031930681023,0.2326145617589606,0.4039166616401231,0.7722906927325539,0.5598931106763461
0.3661354573731397,0.46019562294439664,0.311492776198931,0.6433636499767283,0.9095622609434031,0.8870978258909678
0.3602640217728661,0.4121558877422826,0.26795653576805323,0.25296195124190435,0.7736506587335725,0.022186485094183656
0.37535206572565505,0.4150866417484307,0.26972831800581293,0.24299001662909037,0.7721206969825971,0.5603744916427861
0.370518600898448,0.3921534661723451,0.2324668037510618,0.40020189034838904,0.7635019124521705,0.5597506297945098
0.36483832674308303,0.46082886062237993,0.31013260438467904,0.6438348809991767,0.9089672758179859,0.8868558730450735
0.3589692290536477,0.41354736073371423,0.26789321078104683,0.2565378588877718,0.7753506162346184,0.022147086090719505
0.37405913563802384,0.4157037809210112,0.27037581667303157,0.23728596503900223,0.7707097322567051,0.5602323761817241
0.3692273698011612,0.3933631283222164,0.2332501865761085,0.4177370292638556,0.771712707182246,0.5596086139936589
0.36354642481056665,0.45941202765753264,0.31063313831616557,0.6679723767368728,0.9057713557160696,0.8866149168012903
0.3576797376223495,0.4138756958661205,0.26697024813261205,0.26095095905460286,0.7507012324691686,0.022107835470236356
0.3727715403174967,0.40852968330892875,0.2621472538462522,0.26397153124509454,0.7635019124521705,0.5600908033151447
0.36794138899079565,0.39242724088817266,0.23169291850097942,0.41515611915144124,0.7710667233318418,0.5594672072274315
0.3622599308613119,0.4535666217264957,0.30483493630825736,0.6598881061599671,0.9078453038673615,0.8863748464260507
0.35639551556423443,0.41321646886399943,0.2667467633986524,0.2605997297301268,0.7569230769230444,0.022068752057440764
0.3714892406528776,0.413085706948057,0.26724914217486806,0.25313913442402014,0.762260943476349,0.5599497176762642
0.36666072886750234,0.39247711514497113,0.2327021625564293,0.4128879202804343,0.7697917552061426,0.5593263541290436
0.36097872411994736,0.4566450746923092,0.3076009218601683,0.6548149966542876,0.90726731831694,0.8861361048536261
0.35511669617025987,0.40754711843368624,0.26162825221114655,0.2599398395193706,0.7555631109221395,0.0220298159202905
0.3702122507241956,0.41321359029961713,0.2677098321082841,0.2600646857597495,0.761172970675716,0.559809307512148
0.36538538160904377,0.39714994413260796,0.23666710240563765,0.4117760580887637,0.7412664683382673,0.5591860546984954
0.35970280270913424,0.45425164495651027,0.3052829602261215,0.6532390114163231,0.9135571610709121,0.8858980830493927
0.35384305572438457,0.4129416285429719,0.265123795168096,0.26174534488118706,0.7524011899702145,0.021991042561485062
0.36894045163341715,0.40943584107306585,0.26320847604227304,0.2609922567931504,0.742745431364142,0.5596694067224443
0.36411528463750553,0.3927644244771803,0.23385757984614147,0.41774850527004803,0.7663408414788364,0.559046342155857
0.3584320492952857,0.4566319673907645,0.3058415398121034,0.6418911076319531,0.9038674033148482,0.8856609471137028
0.35257469810594433,0.411319226746805,0.2651367241321228,0.25028220452252326,0.7495112622184479,0.021952413156317924
0.36767390095222163,0.41257470992027306,0.2664277635165365,0.25839308037330144,0.7712707182320173,0.5595299931604393
0.3628502890174534,0.3954027503127176,0.23390454536540695,0.4094966611771118,0.7607309817253736,0.5589071943544149
0.3571665993595845,0.45155769488712255,0.3002362175933158,0.6422416618972411,0.9038674033148482,0.885424863146908
0.3513115034782355,0.40515400873703294,0.2595142505014502,0.2640597257425126,0.7513472163195729,0.0219139421001529
0.36641255112139604,0.40745514919563436,0.2613913108455134,0.26181404208088677,0.761172970675716,0.5593911997064146
0.3615905662123713,0.39287706931679583,0.23382776573876102,0.4182243425787189,0.7559711007224905,0.5587685116339582
0.3559063002119216,0.45352581047768115,0.30277185762517594,0.6410960467461808,0.9066383340415314,0.8851897757822245
0.3500534799763879,0.4130283788186436,0.26810957133776625,0.2655520036411898,0.7484572885678062,0.021875622748975917
0.3651563620910738,0.40964066612625943,0.2616578038127263,0.2524828974747504,0.7685847853803125,0.5592529045534456
0.3603359666610464,0.396690207005968,0.2345232843751899,0.4067862588287319,0.7615809604759534,0.5586304268747683
0.3546511452816161,0.45090325953254473,0.30085073349122926,0.6496510321238034,0.9042583935400899,0.8849556850196524
0.34880064887689066,0.4125878154338896,0.26678106400905144,0.2859090487991154,0.7628049298766655,0.021837450673444263
0.3639052512584118,0.40974328962838236,0.2641538663363845,0.27954645711664683,0.7566510837228861,0.5591152405818136
0.3590865172719804,0.39295038688799266,0.23421431106370758,0.4206222322325117,0.7569230769230444,0.5584928957834179
0.3534010976476991,0.45204929468199717,0.3018093179112134,0.6710282505519503,0.9053973650659373,0.8847223693920554
0.3475528077401946,0.4098913157789061,0.26406178124926816,0.2671069032068767,0.7529111772205397,0.021799432517572014
0.3626592217523039,0.41020323773054845,0.2628403993062941,0.2771658410361888,0.7545431364216029,0.558978097057951
0.3578420897604522,0.39739068329930965,0.23650905222258523,0.4297082509347485,0.7484572885678062,0.5583558629931231
0.3521560934807004,0.4554554498536384,0.3052130387295215,0.6652055076729013,0.9030854228643648,0.8844901611001378
0.3463101292813411,0.4081117193364684,0.2596490802093335,0.28561464357450683,0.762260943476349,0.02176156385201645
0.3614183455373521,0.4122965619320981,0.26707631751904837,0.2711959352541997,0.7575860603484443,0.5588415625687119
0.3566027404465819,0.3930021795917366,0.23135571364238217,0.4177786843866791,0.7449213769655216,0.5582193727973112
0.3509161471735389,0.45545001455194756,0.3029615700803945,0.6725945069957378,0.8908797280067802,0.8842588386767632
0.3450724379692831,0.4077791199953342,0.2606440754676288,0.2584593950111618,0.7497322566935054,0.021723840247434848
0.36018240953575953,0.41359787685673216,0.26666655171893267,0.27417425668140827,0.7472503187419761,0.5587052827666789
0.3553683970528825,0.39389224242632725,0.23317472611857903,0.420011780179921,0.7571270718231062,0.5580834805627658
0.34968128469604887,0.4516400647387342,0.30192884326531183,0.6834674073680804,0.900858478537998,0.8840284021219322
0.3438397300493454,0.40911527985242013,0.26357523383047265,0.26326728567476376,0.7450913727155921,0.021686268347841292
0.3589515198170914,0.4104290602123794,0.26437735107034416,0.2693163322191814,0.7494262643433558,0.5585698223930484
0.35413906552425356,0.3957747824100335,0.23535600987995692,0.4178919354927737,0.7492222694431803,0.5579480534092057
0.348451335523416,0.4548194480386768,0.30423915216912345,0.6603922562451612,0.9063323416913818,0.8837989621692123
0.34261201772422156,0.4054082825201163,0.2593641175464676,0.26692114280213985,0.75073523161916,0.021648833757871952
0.35772556780866704,0.4106137460424657,0.26368051193677616,0.2615874207406059,0.7448193795154339,0.5584347717336193
0.35291466857697307,0.3900819833015374,0.230436972113783,0.4439882941560087,0.7501912452187298,0.5578132242169125
0.3472263594175482,0.45470595035731565,0.30550275017986955,0.6805000457253327,0.897611559710981,0.8835704080850358
0.3413892903556661,0.4109665936703266,0.2654715551503217,0.2705672963129022,0.7326816829579457,0.021611550872890656
0.3565046276653132,0.40997155799597423,0.26306836943658685,0.2917666962091099,0.7523161920951225,0.5583002968887433
0.3516952553347026,0.39173315822603055,0.23275730648154264,0.43427570139940186,0.7501402464937428,0.5576788601056044
0.346006359820231,0.452524588571799,0.3023824083574764,0.6726499015585015,0.8979175520612444,0.8833427398694026
0.340171476604858,0.4075723729193388,0.26133722048499647,0.2728777062378289,0.739549511262112,0.021574416370890363
0.355288521039979,0.40673879431205695,0.26057969492399213,0.2884925003108252,0.7620909477261648,0.5581662760514958
0.3504807788640072,0.38871683397681467,0.22847046502083643,0.43454461321233007,0.7524011899702145,0.5575449832219952
0.3447912563188451,0.4505869571568423,0.3024597191931625,0.6633425428613942,0.8985295367615436,0.8831160682558806
0.3389585470601779,0.4103495617734374,0.26275279961551085,0.2917979077692048,0.7479133021673761,0.021546701973512602
0.35407736620491814,0.407128412471028,0.25784906509643635,0.26357141969354947,0.7526731831703728,0.5580327978087312
0.3492710820943259,0.3942442390003708,0.23437710892755664,0.42953845369433497,0.7531321716957109,0.5574117153730096
0.3435810044830734,0.45187612489736845,0.3019721157750625,0.6627444007116396,0.9052273693156394,0.8828902382174748
0.33775051235987164,0.4077338281984811,0.25953905353688494,0.2651070602177019,0.7397535061622875,0.021529097550885477
0.3528710530230046,0.40542831804338864,0.25826173483930503,0.2715912816820667,0.7541351466212518,0.5578998178670219
0.34806629894239105,0.3939743029663624,0.23324728484672647,0.4483315455515844,0.7411134721631925,0.5572789568984363
0.34237565938147707,0.4547932280718028,0.30776503889313384,0.6786171071037392,0.9000934976625103,0.8826652719008988
0.3365472780112895,0.40910131970912983,0.26067072467581526,0.2995355553078576,0.7407564810879421,0.021511559568399105
0.35166960151917115,0.41077785997082317,0.26441534601828054,0.2863382673144641,0.75073523161916,0.5577673362263685
0.3468663461795791,0.3892300712786179,0.22898814815083696,0.43203521966445835,0.7502932426689313,0.5571465638446371
0.34117509335511587,0.4525216027317254,0.3015779166131953,0.6764678774872408,0.9048533786655071,0.8824412578930066
0.33534887342605124,0.40628215030118187,0.2593295528809082,0.26988060228145416,0.7495112622184479,0.021494092455396196
0.35047293190657713,0.4077981954011698,0.2596802156992014,0.2804127168920496,0.7516532086697225,0.557635386106841
0.3456711471479461,0.3970951673767185,0.2485049276499927,0.427044109995415,0.7820484487887143,0.5570148573389591
0.3399793048395403,0.4121052714952862,0.2690333254876709,0.6777325016021736,0.8951296217594518,0.882218129753658
0.334155234148906,0.4169879424626115,0.2737085613234577,0.27505354112819935,0.7797195070122598,0.02147669399720539
0.3492809712819547,0.4529259248121129,0.324094723513884,0.2902418169225982,0.7766765830853046,0.5575040118018667
0.3444807634867364,0.43608986327319804,0.34581666462077404,0.853530819648527,0.8928516787079843,0.556883571620839
0.34070282253725903,0.43362749281440605,0.34446270131217926,0.8473541869176151,0.8998385040373478,0.09987825260565962
0.33147050431251524,0.4544934550921965,0.3509086618370616,0.7054282343187623,0.9100212494687412,0.09894855571615899
0.3218153621467277,0.38047341585003347,0.2883514246163243,0.6822756896454298,0.9051083722906696,0.021020898021632126
0.33529972723611134,0.25676885653660647,0.22876413508521942,0.8338599920096819,0.8962175945600848,0.021212653126519144
0.3443433924515986,0.25878023820138146,0.23528767205030796,0.840447060726776,0.90226944326389,0.09997533272465067
0.3300478793094732,0.3614351077364404,0.29073429335496886,0.8893965157495083,0.8866128346789992,0.09894289723083853
0.29992793943654705,0.4384337477309851,0.35518640191621265,0.8821948652059683,0.8923926901827599,0.09919189273165217
0.3009272423783558,0.4811034763796271,0.4031163422609947,0.8847334451363713,0.897611559710981,0.09920201377975961
0.30086993227385506,0.5038134005146158,0.43949776929830425,0.8874688246747002,0.8880917977049876,0.09920212451332751
0.30085545456073826,0.5193445247863882,0.4570344493931977,0.7453509170103281,0.89213769655737,0.09920880174747279
0.2917300212891405,0.5191321367969602,0.4608086232225911,0.7051166746489108,0.9015724606884987,0.020934356416299527
0.3180936727963477,0.5161168674253752,0.45429353469461253,0.6814110579539505,0.9027794305142152,0.02073649103313496
0.3471401389429114,0.5224376834615463,0.4635942657223599,0.6481708655811425,0.8944156396089511,0.02082829801962191
0.3432555552168113,0.5145859002767319,0.45556425311986815,0.6736193659709095,0.8953336166595136,0.020529671733668778
0.32596271866563864,0.5123513655069104,0.4570147858052268,0.6835866545881373,0.8807479813004875,0.020330144239649805
0.3377368503498541,0.5137085281564182,0.4584402631308566,0.6822951075244204,0.8898597535060162,0.019951633650467128
0.33388920229837327,0.5195643684363592,0.46440613905892864,0.6695881110481894,0.8903187420313543,0.019654874332469045
0.33077170833231007,0.517798315549944,0.46624930162611494,0.6692919189022013,0.8866128346789992,0.01936457742549447
0.32908915845728925,0.5157419639153897,0.4635885862123719,0.6836491571270547,0.8779600509986949,0.01908675465494553
0.3245264513646222,0.5157810766324258,0.4669791164462008,0.6646585508933276,0.8749171270717397,0.018784075520406705
0.32140942548134976,0.5097635540064628,0.4627699842279609,0.66983593718884,0.8800679982999782,0.01849379190146029
0.30411901601454217,0.509302751274623,0.4606082246121808,0.6714105723084289,0.8804929876752112,0.018296131375396363
0.31589554756173,0.5131902792919046,0.4676344070646906,0.6652701148081104,0.8697492562685056,0.01791949329084712
0.31205029906033266,0.5134662996455361,0.4692486628029767,0.6521611404402268,0.869443263918356,0.017623060636874386
0.3089352675351553,0.5093541184514583,0.46939642745098853,0.653195807628304,0.8561665958351341,0.017332800271977235
0.30725507152833975,0.5067729222853055,0.46400706826748866,0.6482217332764115,0.8664003399915146,0.01705501736551274
0.30269475397329026,0.5139484144813744,0.47291940580550385,0.6437740462535466,0.8557246068847917,0.016819555721369672
0.29958025655060183,0.509758118704772,0.47089076274845254,0.6564255290389218,0.8556736081598046,0.01660337168406493
0.2822921455705485,0.5088659246597814,0.4714811351954895,0.6515828926818303,0.8556226094347039,0.016443565428192735
0.2940711085825547,0.5096911965527028,0.4746987126193178,0.6473282328773124,0.8603824904377007,0.016199121077020404
0.29022819861777505,0.5114608807212674,0.47572431127309245,0.6452571115797789,0.8435529111771984,0.015987272258899534
0.28711554348885304,0.515531910960175,0.4830882297932396,0.6524040029103788,0.8471568210793521,0.01578159351518288
0.2854376716257354,0.5156510584946096,0.48167448333391394,0.6445385309290479,0.8490777730555692,0.015585415711593331
0.2808798922308462,0.5113949133228506,0.47952091761757876,0.6490218769607738,0.8399490012749311,0.015363823446831619
0.27776762977832936,0.5106344359474548,0.48233187665485444,0.6337859499295893,0.8388950276242895,0.015154563579528598
0.26048189988787396,0.5068842833924821,0.479972235031492,0.64802398064375,0.8396600084996635,0.01494715517748111
0.2722632421121425,0.5031497930884347,0.4766590156333492,0.6530850979215046,0.8356991075222595,0.014742275930124806
0.2684227216849795,0.5114315747903413,0.4875670192138752,0.638160333466532,0.8334891627708885,0.014526841559074844
0.2653123769326138,0.5004898386856096,0.4771550674885592,0.6337675644940628,0.8146876328090684,0.014317571725750707
0.263636903680911,0.513896189099009,0.4906421108795285,0.6160835154636404,0.8346791330216092,0.014120699622690337
0.2590814168278728,0.508026599651304,0.4897826035856521,0.6385903858785242,0.826077348066292,0.013899092962564794
0.2559715370294029,0.5065131005610555,0.48941123313228685,0.6053991551515137,0.823629409264754,0.013689809841212507
0.23868816507471813,0.5114966821952998,0.49449056543970804,0.6191891848211593,0.8187845303866652,0.013405566738395852
0.25047190528462115,0.5073398653740137,0.4893207283920652,0.6300755069585302,0.8168295792604567,0.013223183015361475
0.24663370149180652,0.509785938867374,0.49440189779741694,0.6312338291060664,0.8123416914576183,0.012979690972873215
0.24352570372407722,0.5083667619286725,0.4963164305125233,0.6157179907681289,0.8175095622608524,0.012742369004789183
0.24185246638121427,0.5028139933558443,0.4889222994782154,0.6082519552791554,0.7987250318741417,0.012517547749187063
0.23729939096806296,0.5080830803027563,0.49796842201300157,0.6123857794890575,0.8145346366339936,0.012267940999078537
0.23419186065734454,0.5097754973667572,0.498277665355746,0.5981284103146345,0.7865703357415441,0.012030613494316104
0.21691075277156147,0.506924145251429,0.4976547010207225,0.5994929431893614,0.7981640458988295,0.011744731534694311
0.2286968283891868,0.5053300821170386,0.49984218664764457,0.6061309987298165,0.792588185295358,0.011562341167645856
0.22486092433468308,0.5015512601335748,0.49757936893871113,0.6013436775167607,0.775571610709676,0.011318843588479198
0.22175527323870003,0.506120936392345,0.5053986996091231,0.6023291050934925,0.7952741181469491,0.011081516083716766
0.2200842971487318,0.5050099535750143,0.5021309893321272,0.5997447005570471,0.7907182320442416,0.010843725712640449
0.21553352366411938,0.503881066444811,0.5054573982080637,0.6012833192834985,0.7943561410963866,0.010574691865376917
0.21242828120190937,0.5006257033486,0.5027651643912696,0.6005752616142246,0.770964725881754,0.010318082324433445
0.19514951623319732,0.5068530572266824,0.5103584966022763,0.606206724486942,0.7769315767105809,0.010083843178880163
0.2069378690610857,0.5042549115013094,0.5084526779287999,0.585828395109919,0.761172970675716,0.009811290218828293
0.20310429134050656,0.5034949705043699,0.5097175951086625,0.6027596340178527,0.7603229919251362,0.00954850617413788
0.20000092746725207,0.5104688380387015,0.5202510609019212,0.6029344346381289,0.7667488312791875,0.009291889989180336
0.19833220199193313,0.5067095044724845,0.5191283505954876,0.5863879397578771,0.7587420314491737,0.009047964978441531
0.1937837804981899,0.5030017705137673,0.5155752925290715,0.5832084109833402,0.7656948576285458,0.008778923379828246
0.19068081712358032,0.49811110750744253,0.5102157474529523,0.6081532378002807,0.7569910752230271,0.00852230276552798
0.17340421828933428,0.4998339014713541,0.5170977376382455,0.5869454592282715,0.7500892477687557,0.00841638500048162
0.18519491059250903,0.5051264299447362,0.5233029232389214,0.5930422364282033,0.7536251593710404,0.00801549294255196
0.18136359318615636,0.5016603863305167,0.516774253466482,0.5888892325954951,0.7353336166595454,0.007745165727215183
0.17826250245560038,0.5013140378216183,0.5249430532842064,0.6022093416517038,0.7263238419038771,0.007479658744089744
0.1765960501229804,0.4997421449967565,0.5247772164619733,0.5813374248803072,0.7300807479812192,0.00722684293518304
0.1720498454518129,0.5051125806529936,0.5274492754020953,0.5751952598773371,0.7273438164045274,0.006948940436465197
0.16894914426876673,0.503666010866527,0.52923041931384,0.5838312523574953,0.707420314492083,0.006683416843304572
0.15167484924039742,0.5022237088646445,0.5302399245470679,0.5602615608154666,0.7199830004249179,0.006632520373483807
0.16346775711458994,0.49287144091886065,0.521057657562024,0.5816189642709837,0.7310837229068738,0.006158844248699307
0.15963870221268994,0.4995772801385602,0.5295718539244196,0.5558559260090656,0.7091032724181332,0.005956149774637967
0.15653981266023242,0.5010503899310464,0.5345373215740767,0.5822678152785512,0.7011984700382072,0.005797653496874209
0.15487567696195992,0.49930671296590146,0.5340974760620605,0.5622166910607909,0.7144241393964421,0.0056516767562989215
0.15033170507073734,0.49502285490723175,0.5328090750158798,0.5663073511920376,0.6927326816828554,0.005485083640049223
0.1472331596968015,0.4925160365536912,0.5317163226859416,0.5599405900263501,0.696642583935386,0.005337253219547038
0.1299611565845047,0.49505428668477314,0.536300391098229,0.5684144094639805,0.681512962175816,0.0053784317114475835
0.14175623434783802,0.4878734664627046,0.530579513206233,0.5514841632901464,0.6931916702081935,0.005047716498516209
0.13792942599302416,0.5002691296783958,0.5449145875624397,0.5408489631706368,0.681886952826062,0.0048937192148832695
0.13483280488992166,0.4971389930724577,0.5418460806755137,0.5458242685128132,0.6898427539310887,0.004745894995460887
0.133170879443544,0.5040706476222754,0.5513170066529948,0.5299427863512722,0.6772290692731531,0.004610477807921975
0.12862910153395957,0.4935139507924259,0.5398663885315155,0.5504417924854557,0.6639524011899312,0.0044501843243509595
0.12553286966547672,0.49533904285553015,0.5453948005347681,0.5596162439412942,0.6677093072672733,0.0043023483671703775
0.10826295352658599,0.4952058314779705,0.5456277799663098,0.5332833365967815,0.6489077773055669,0.004343519661389009
0.12006030599706596,0.4947295810465881,0.5489487882170043,0.5433871857167643,0.6619634509137313,0.004012798911779238
0.11623565658025825,0.49531591421649285,0.5544361554684185,0.5303843544788212,0.6308542286442389,0.0038587984168728324
0.1131412100596405,0.4915215372577952,0.554702401866102,0.5383965128507247,0.642838929026766,0.0037109691037063254
0.11148149361360105,0.49116282522547833,0.5510119930622328,0.5292204730203265,0.6449638759030449,0.003575546379489013
0.10694189466695514,0.4919278796970349,0.5540917106732777,0.5181180128147678,0.6452698682531945,0.003415247359239602
0.1038478473934239,0.4951345378414822,0.5631843715467262,0.5323467912471191,0.6180535486612371,0.003267410294723344
0.08658018218207175,0.4963254499884482,0.5613567911113853,0.5387698602909416,0.6169995750105954,0.0033085754985957396
0.09837971392838041,0.487518813027374,0.556062961020279,0.5173868045862886,0.6163365915851955,0.0029778524235810422
0.0945572218851316,0.4917554519026041,0.5616560167369802,0.5288393425447675,0.609298767530845,0.0028238437343906094
0.09146498123595492,0.49546713718261637,0.5728350011157602,0.5367059660976541,0.6192265193369622,0.0026760085523450045
0.08980749256362719,0.49112585087055477,0.5646263606200218,0.5252645467610919,0.5954951126220749,0.00254058228465352
0.08527003065271765,0.49135847820706846,0.5694480344092425,0.5101213410948198,0.6080747981300192,0.0023802782813935512
0.08217816234212538,0.489865772721644,0.567826651616334,0.5162327313406991,0.5728856778579257,0.002232434572863218
0.06491265794611767,0.4860300409839627,0.5653577469335183,0.5049299771031837,0.6024989375265477,0.002273597562064256
0.07671433142150663,0.49092965078293915,0.5757055883677968,0.48515272836885015,0.5914662133445745,0.0019428702791739775
0.07289404994304283,0.4926704527595581,0.5788215941963996,0.5036911640748432,0.5730216744581185,0.0017888558318380132
0.06980394945849921,0.4832013866169785,0.5687307472690211,0.4988463834120962,0.5698257543560885,0.0016808551683791684
0.06814856027516036,0.48788913586534244,0.5752119180997837,0.49751187081654424,0.5587250318741326,0.0017466327901913244
0.06361326356004948,0.491675209685536,0.5867595172850331,0.5033966794315066,0.5595920101997081,0.0017881316343038483
0.060523519769611234,0.4921219414225379,0.5852369393735991,0.5116039299086839,0.5470463238418688,0.0018405943197092028
0.04326024627621017,0.49209008054223147,0.5893755004708503,0.48293563544929574,0.5478963025923349,0.0019335163932250625
0.055064044271753154,0.48471615513624033,0.5841032950144216,0.4853613613672443,0.5432724181894173,0.0019501304148207546
0.0512458356866663,0.4853728343406938,0.5856482943740933,0.47414882680471027,0.5336166595834584,0.0019958478756701347
0.048157914477950925,0.48704969642946094,0.5932123348332757,0.47013000091291834,0.5142371440713305,0.002047729542044641
0.046504690177520125,0.48694706935148163,0.5986842748888146,0.48409634015867176,0.5208669783255573,0.002112154664058283
0.04197153519148955,0.48573453221308427,0.5908962191506436,0.48167025685644704,0.520220994475153,0.0021528111579196775
0.03888387180377739,0.48845949568481745,0.6005721475502166,0.48789970304146335,0.501793455163579,0.002205785986076638
0.021622709376279303,0.4879626661999936,0.6031889275495942,0.47003144227149973,0.5060773480662419,0.002301059486907171
0.033428594032339554,0.4814199754274302,0.5941434778795922,0.46242090440697314,0.4750361240968459,0.0023172974573062244
0.02961253781457751,0.4829075763778785,0.5984173866135409,0.46836102816597114,0.4966765830853319,0.002364030344973387
0.026526680738330644,0.48791129902315833,0.6126367680675371,0.47981757677021286,0.48350191245219776,0.0024169310923734125
0.024875671383139064,0.5220689518796651,0.5527002749936398,0.4542928741109522,0.540076498087501,0.0024817207492926303
0.02034455987886563,0.5243197925545593,0.5076665195365183,0.4710936677581845,0.6008329791754932,0.00252222985677513
0.01725902507887156,0.5237159734469778,0.4701204432390524,0.4584544154569177,0.587301317466995,0.002575105135454535
0.0,0.5189973270116007,0.436722279531316,0.4453894390643329,0.6072588185294308,0.0026709646383264755
0.011807975384142022,0.47105435448301003,0.3777294616103416,0.7881020182800469,0.8328601784954799,0.0026865407541901013
0.20638813304443238,0.5156521312515222,0.41619123826465154,0.7446417871882267,0.8753081172970951,0.09503855343308086
0.318317081265727,0.5146252346968634,0.4136160320127815,0.7355080775398397,0.87847003824902,0.020972590502629212
0.3166678400494738,0.5199116824264789,0.41985591663063665,0.7358394124729575,0.8767360815978691,0.02070537932989356
0.31213859962480583,0.4786458886287374,0.3876097527677872,0.8978445638099104,0.8692392690181805,0.020413297397804203
0.30810302634519937,0.5232154250715234,0.42139312492438563,0.7368976670232437,0.8817679558010241,0.09932602430246759
0.3034887178181669,0.5115095838851029,0.4130037582596918,0.7476824920262606,0.8725371865702982,0.02098459734339823
0.3152983349338623,0.5133761344270257,0.41232895013571724,0.7396484140854358,0.8712282192943803,0.02069401806582549
0.31148596267785233,0.47229864522602255,0.38284771162006936,0.9038002933489557,0.8694942626433431,0.020408095134783564
0.3074500054827487,0.5167924182118508,0.4154533667741228,0.7429343639554611,0.8652443688906715,0.09931526099966627
0.3184465274339323,0.512263989456373,0.4137004654763482,0.7430929234458659,0.8812579685508126,0.020974736519175405
0.3139188605308929,0.5120171659700481,0.41188963140599916,0.7350357743645639,0.8780280492986776,0.0206826623384358
0.31083675593921356,0.4732572429239077,0.38341116947573695,0.8925735428341137,0.8738971525710895,0.020402916125812173
0.2926255678605747,0.5141886226334044,0.4140045605181448,0.7413663205902941,0.8700382490437732,0.09909412606454003
0.31708171753915115,0.5059913473572938,0.4079513449703822,0.7524069533161231,0.87593710157239,0.020963391865142515
0.3132710198680999,0.5172035522986338,0.41802594575461494,0.7495921153404541,0.8656523586909088,0.02067748000745738
0.31019050631986467,0.4740156820611694,0.3840462675105866,0.8946907667032378,0.8639184020398716,0.020397741546183512
0.3075873292715623,0.5204614703442252,0.4165246162047885,0.7358035946266401,0.8661283467912426,0.0993281171669012
0.3157070979306913,0.5166836049023418,0.41575601427128495,0.7599685295348522,0.8852018699532209,0.020952060499137778
0.31262665196660144,0.5108943649473962,0.4118371258191188,0.7440941950588289,0.871976200594986,0.020672318715856865
0.2953727570250577,0.4749203558449107,0.38177144669071594,0.8874461903372266,0.867624309392113,0.0204097926803797
0.30622637167311995,0.5156388111865231,0.41621565174679015,0.7473559222168216,0.8731491712705974,0.09930035626142489
0.31506400129950096,0.5167758977553957,0.4149793512405966,0.7466509221685744,0.874152146196252,0.020946891456187507
0.3119851416855117,0.5133533311909186,0.4113912112438184,0.7412827720884629,0.8787760305991696,0.020667162960934737
0.31034109381027797,0.4757524397442276,0.38616805143272165,0.8815269139943225,0.8763790905226188,0.020399975042248355
0.30485555742756354,0.5134502011401332,0.41089608900442876,0.7474804904916523,0.8713132171694724,0.09927245140231032
0.3144243893194081,0.5149159518201986,0.4113737964407843,0.7732600081396255,0.8810879728006284,0.020941747881957854
0.29717220713534953,0.5107257633192872,0.41024410516221416,0.7414728211045105,0.8693582660432639,0.020679235134508832
0.30898667059753615,0.4677458112507813,0.38046008856051505,0.900336524946991,0.870514237144107,0.020388666930292877
0.3042163540812446,0.5198740644174077,0.41651881717276645,0.7461780233528388,0.8770930726731194,0.09926197600678556
0.3137876715678036,0.5095770641568351,0.4101934455267484,0.746868092680226,0.8823629409264413,0.020936616488420674
0.3121452657370134,0.5169781660712807,0.41427525579153973,0.7319675906466501,0.8686272843178813,0.020669427462398603
0.3076223722771956,0.4678447122864172,0.37985850096261714,0.8957635945901075,0.8599235019124762,0.02037736989169419
0.3035804989661739,0.5137124615984314,0.41327090992611454,0.7439953187424981,0.8648363790904341,0.09925155597804478
0.29897948167502353,0.5029831224227685,0.40529261273705586,0.7492390593852347,0.879932001699899,0.020948701950022915
0.31079544200089426,0.5112187559102201,0.4109697035105436,0.751655652149466,0.8590565235869008,0.020658143711828062
0.3069896742178475,0.4656571714210836,0.37900770328362876,0.8868692926972057,0.8657543561409966,0.020372254000856516
0.30294750866797093,0.5144686837047403,0.41306391547012195,0.7483787163050659,0.8681342966425518,0.09924118024273111
0.3139572333072902,0.5157208592110609,0.4157058814181174,0.7330788174884966,0.8717722056948105,0.020938918639297623
0.3094358617423225,0.5198851406325311,0.41749455079126463,0.7477667552966436,0.8711602209943976,0.020646871034614322
0.30636038102275887,0.4821956966785551,0.3884641117607158,0.910080289554329,0.8642583935401262,0.020367148076039957
0.28814316575240717,0.5269193328639188,0.424254371750799,0.7524256961359257,0.8728941776455486,0.09902041072837901
0.30967087215681577,0.5265969694116597,0.4232197978776162,0.7647835678839721,0.8683382915426137,0.02090317938025307
0.29170507272669166,0.5313592055362553,0.4270980665451761,0.7461650383908145,0.8610284742881049,0.020634504309749575
0.28643114011580284,0.4799287646499707,0.39018022019234455,0.8875079781075923,0.8553166170845543,0.020336490380427008
0.2823751586142418,0.5246137100693505,0.4219668749552069,0.7440978880296798,0.862898427539335,0.09888734219981558
0.2919418218685039,0.5306086332830199,0.4294187860394899,0.7673807191262574,0.8597705057372877,0.02089102194183167
0.2888564600964405,0.5182364205334398,0.4176176452061018,0.7594107718082737,0.8628134296642429,0.020611510484372025
0.2857713843054399,0.4830238364082897,0.3901568691282864,0.9210828807094571,0.8590565235869008,0.020332000134248056
0.2817145242099772,0.5225139850848886,0.4206022210646783,0.7539742819127382,0.8684402889927014,0.09887596986239071
0.29128299565304205,0.5250996689507926,0.421465426901497,0.7520247506877364,0.8716702082447227,0.020886536124995442
0.2881985396962725,0.5260854252778503,0.42386953293489404,0.7503717292836347,0.8687802804929561,0.020607032418885545
0.2851143393702782,0.4756307354724845,0.343050420104456,0.900391045903747,0.8431449213769611,0.020327525390768614
0.281056643233895,0.505133892756992,0.3716687272412893,0.7697967162500288,0.8708882277942394,0.09886465289174981
0.29062691347907554,0.4727974950696986,0.3277129587161598,0.7400151697712307,0.8359541011474221,0.020882061381515996
0.28754335363802364,0.4359764728675283,0.28725194297453244,0.7603095932621469,0.8305312367190254,0.020602559890077463
0.28446010574786884,0.3898009567489802,0.22949369315426923,0.5233599268267608,0.6971525711857112,0.020323058398638922
0.2986770520070352,0.4369385749046614,0.290634820035452,0.762078963102734,0.8627624309391422,0.8712712860635023
0.289856026804153,0.40002101530791934,0.2510833123026198,0.36814011306129535,0.6974415639608651,0.02087735409754393
0.3050492091605297,0.4033346666509806,0.2521933466333321,0.36982164578874066,0.6861538461537293,0.5510410471105085
0.3003080830505369,0.39148634725520304,0.229276275934234,0.50732183093365,0.705958351041204,0.5504182593778411
0.29459009412553305,0.44619866621272364,0.29580953313940955,0.7620884139313633,0.8665023374414886,0.8716404164121468
0.28885343476722447,0.4015534735886712,0.25332317071416227,0.36858084729220053,0.703884402889912,0.02087216622988711
0.3040479365789026,0.4069577904840669,0.25722373024107104,0.35991046650282854,0.6946536336591862,0.5509156081247745
0.2993080892485662,0.39114170085393957,0.22924566944003527,0.5182557645984429,0.700552486187803,0.5502929754191022
0.29358943261722814,0.44341817863111854,0.2943641376881437,0.7605441961845893,0.8722821929451356,0.8714569308901119
0.2878545601712319,0.4040613593353399,0.25560788751577745,0.36859029812083,0.6847768805779424,0.0208669994016082
0.3030504465192405,0.4025436067639326,0.2527603702296819,0.3664444040909065,0.6874628134296472,0.5507907006601663
0.29831172840734865,0.38870404492648736,0.22641240183644273,0.5097029235264758,0.6842668933276173,0.5501681897614187
0.2925925893002992,0.4420118926546511,0.2936155822557942,0.7461891419747555,0.8586995325116504,0.8712739990359163
0.28685933418047105,0.40496165269502105,0.2570556557007561,0.36657067986838876,0.678912027199317,0.020861853612707194
0.3020565972425704,0.4048146939376254,0.255492581953492,0.34988214459315126,0.7038334041648113,0.5506661364696188
0.2973190205518166,0.39293269712650264,0.23177207528808016,0.525945244678578,0.7044623884403336,0.5500437473777958
0.29159930197329054,0.4457362632851557,0.29590056244855845,0.7514252187102424,0.8648873778155348,0.8710917315831281
0.28586776743318687,0.4016568462327048,0.25203318710771594,0.3613650205057173,0.6875138121546343,0.02085671668249161
0.30106634932480736,0.40612048225858527,0.2577044744224396,0.37973258681846866,0.7050403739906415,0.5505420262866997
0.29632996067573636,0.39143817510603934,0.22966018513431863,0.5198976673806279,0.6999235019123944,0.5499198143685854
0.29060965824527996,0.4421883790460681,0.29373906622392754,0.7756258126273157,0.8663493412664138,0.8709102392653156
0.28487986994184444,0.4061862351056196,0.25771133365917104,0.35529361758937394,0.6844708882277928,0.02085160522099666
0.30007976440519535,0.4035800937653907,0.2570585574301381,0.3561648807446396,0.7050403739906415,0.5504183479646954
0.2953445359506359,0.38747924975243453,0.2249638412646458,0.5203920092529173,0.6902507437313261,0.5497962910735762
0.28962364872958,0.4451685692666087,0.29590135262200573,0.7597184796698184,0.8642583935401262,0.8707294113489104
0.2838955594164898,0.40450425954223534,0.2540279257477774,0.3744875754760846,0.7042923926900357,0.020846503725522814
0.29909676520001227,0.408979084422715,0.2602707209484985,0.3816152871838785,0.6893837654057506,0.5502951679437468
0.29436271477466924,0.3911642931145205,0.22855753682263596,0.533736221893067,0.6953166170844725,0.5496731996394819
0.2886412443274624,0.44030157842949036,0.29246412247343145,0.7736132626416647,0.8594645133871381,0.8705491371003448
0.28291481176462474,0.4039611870827624,0.2536965265613152,0.35781528133071805,0.689740756481001,0.020841424376762552
0.2981173958266865,0.40045944033056075,0.2521714475406504,0.38933538318364835,0.6921206969825562,0.5501723422702155
0.29338446554598985,0.38739921493503615,0.22614696331917467,0.5270957837907728,0.6979005524862032,0.5495505732863728
0.28766243502645983,0.44411322677448206,0.2955749667208603,0.7792230839110088,0.8700382490437732,0.8703696379867546
0.28193773211714435,0.40282867761005064,0.2552941643101274,0.3671355852804854,0.6976625584360363,0.02083635831603044
0.2971415764983787,0.40486051853707855,0.2568625147338574,0.3761565600445096,0.6947046323841732,0.5500500370444534
0.2924097788779121,0.3917697106299018,0.22995227042506505,0.5313575515714446,0.6813939651508463,0.5494283234273947
0.2866872239554681,0.4395642189655627,0.290465161828186,0.7689403441062588,0.8623544411389048,0.870190692541004
0.28096411991183645,0.4033575789507071,0.253510508222297,0.3855540987072339,0.6927326816828554,0.020831307757997842
0.2961692718585671,0.39928036248026977,0.2502450467302379,0.3639765862471305,0.6986825329365729,0.5499280861661087
0.2914386313037163,0.39324782125752933,0.23348000531386107,0.5321490386144578,0.6778920526986667,0.5493065497227586
0.2857155250698571,0.4395261790054392,0.2894237284969347,0.7705475806136821,0.85647258818517,0.8700124114966608
0.2799940765249205,0.40342706141594115,0.2551258241652924,0.38610792520677784,0.6693752656183278,0.020826276024671783
0.29520048159436385,0.4004580546862152,0.25218806995686627,0.359574803249036,0.6861538461537293,0.5498065560753219
0.2904709887184418,0.39214046078270703,0.23055174868039924,0.5157845317493639,0.7009434764130447,0.5491851525122534
0.28474730050998964,0.4433696900186656,0.2944097840382927,0.7595062728286652,0.8616404589885178,0.8698347394869412
0.27902756941588125,0.40097726009230933,0.2508532301737182,0.38228522386372354,0.6979515512111902,0.020821257579373878
0.2942352676579021,0.40656807041318915,0.2573696422975552,0.3710054613479574,0.6972885677856766,0.5496854467720933
0.2895069471791847,0.3917233550157769,0.23026942435576625,0.5499442738640472,0.6949086272842351,0.5490642093093767
0.28378266948679,0.4429820940064749,0.2930263961756136,0.7603284155006773,0.8648363790904341,0.8696576654384884
0.27806451817210043,0.3997045055325471,0.2526827960028467,0.3634137457219613,0.6790990225243831,0.020816264602796595
0.2932735609005874,0.4028156793721254,0.2528508727565327,0.3918104281316701,0.6993625159370822,0.5495647693297796
0.28854631676197684,0.38701034770590403,0.22558600878610896,0.5268796854319489,0.6808329791755341,0.5489436093805605
0.2828215065315409,0.44364218636583896,0.29484936615915985,0.7740665053222264,0.8577985550360836,0.8694814440385085
0.2771050222924605,0.4021785011004162,0.2531587902900476,0.3902797909873801,0.6794050148746464,0.02081127384089066
0.2923152790324637,0.40541893857211553,0.2562263609210403,0.3713361212218875,0.6877688057797968,0.5494444905283103
0.28758917005719997,0.38903749889729533,0.22775119912694022,0.544712803414783,0.6923926901827144,0.548823552046227
0.2818637744103851,0.4374850658828294,0.2903506488740559,0.787906727627953,0.8576285592860131,0.8693057098662275
0.2761489356575333,0.4017370938135575,0.25336406938351463,0.3781539807624812,0.6949086272842351,0.02080631186971239
0.2913605256199783,0.4107338465426243,0.2616427641781131,0.3769102834823699,0.6757331066722827,0.5493246768078263
0.2866355208319935,0.38884322440833796,0.22673958012440648,0.5395375614249263,0.6743731406714915,0.5487038490593109
0.28090956980619897,0.44763414726856965,0.29921747596290155,0.7778316677968613,0.8619974500636545,0.8691305736552131
0.2751963299190301,0.4010638977285052,0.25312132234574647,0.3622835775134925,0.6754611134721245,0.020801358757219557
0.2904091123036121,0.40342365183688705,0.2545991713493112,0.37461456602211896,0.6862728431789265,0.5492052506548301
0.2856852492496542,0.3879381322494007,0.22623377172982512,0.5525542115215369,0.6800169995749457,0.5485845557865962
0.27995868151852443,0.44359487063427716,0.297741474017437,0.7839809407759855,0.8570335741605959,0.8689560132587518
0.2742471146518666,0.40031162873141957,0.2517049530417848,0.38134240443455103,0.6801189970250334,0.020796424469433264
0.28946121680463843,0.40355771426826414,0.255281499401261,0.38746034672548846,0.6800679982999327,0.5490861567025374
0.28473838910225524,0.3875797420441576,0.22529656183359548,0.5276445274917259,0.6830429239269051,0.5484656057879418
0.27901134734343236,0.4415363860013948,0.2931820703048967,0.768043190445673,0.8668083297917519,0.8687822722906933
0.2733013489921694,0.4019151714610617,0.25401605322572923,0.3938587959636384,0.6859328516786718,0.02079150789901784
0.2885167155316788,0.4033607757663069,0.2544756884878634,0.38336297571172784,0.6821929451763253,0.5489676053447275
0.2837950045321578,0.38850188388629364,0.22777811150493865,0.5491841572185847,0.6732341691457577,0.5483471540903432
0.2780673682831587,0.44569555394824784,0.2959852593032742,0.7751924246287483,0.8486697832554455,0.8686088635233384
0.2723589835033886,0.4046642183254844,0.25533136664990846,0.382222840452898,0.6770250743730912,0.02078660018728784
0.287575549661494,0.40198252271589585,0.2537070799142469,0.36120249007891325,0.677841053973566,0.5488494083343352
0.2828549243887677,0.3902775343712209,0.22814988257845503,0.5472659963911337,0.6891457713556974,0.5482290456668051
0.2771267509083839,0.4429191231757009,0.295539873723643,0.7763802905430919,0.8586995325116504,0.8684362963310998
0.2714199768841006,0.4049201960041307,0.256887052164772,0.38278035992329285,0.6742881427963994,0.02078171683694279
0.28663778802979056,0.40312205874638557,0.25371605070691305,0.39346885000927423,0.6743391415213864,0.5487316431848576
0.28191824817096833,0.3975400933062508,0.24838619136265608,0.5566232300494101,0.7284997875052568,0.5481114466176794
0.2761895596743593,0.4121589808580475,0.2662272343172372,0.7864266405040199,0.8594985125372432,0.868264205293203
0.27048433977255115,0.35679520881016635,0.2164381796404662,0.3821358769457639,0.7217679558010559,0.02077683791594046
0.2857033818257939,0.3282413698762493,0.21471045986456735,0.39084827024223556,0.7298767530811574,0.5486142102360838
0.2809849057914975,0.26901468064259143,0.23911303229746533,0.9277724790043689,0.858954526136813,0.547994146549187
0.2764871286029362,0.2687071230236555,0.23968533257028105,0.955035181106666,0.857543561410921,0.09721691525446124
0.26846768360275064,0.2588859530313411,0.19539368056904172,0.9829564630107077,0.8394050148746146,0.09783616504963381
0.23739881882417846,0.24702612116596234,0.17113754697492606,0.9822630978061093,0.8336251593709676,0.09809010480425484
0.23746437482030647,0.22962236560850047,0.14837826085436032,0.9766577636948959,0.8399150021249397,0.09809102389286854
0.23759286730111429,0.21856457329717097,0.13053007977830167,0.9957596355665179,0.838028049298714,0.09809507674145425
0.23777009702519925,0.20428690468830174,0.11513181266187211,0.5830687531501935,0.6826009349765627,0.09809659379133467
0.2354844424988891,0.20367072742108633,0.11238535125555901,0.5716407952880234,0.6714492137696197,0.8595563943462884
0.2617674986600793,0.2016316400211133,0.1116172672508697,0.5347987253452997,0.6884317892051968,0.8618715010506869
0.29396690884766485,0.20038499636460563,0.10969614975703604,0.5477382598570457,0.6916277093072267,0.8647192915835406
0.2925349253176992,0.1983092492850701,0.10885471463738097,0.5636943162041566,0.6839779005524633,0.8650222475519992
0.29110285292709603,0.1995045257647425,0.11011487528296288,0.5550013804960392,0.665227369315744,0.8653250595668195
0.2752446910690489,0.1987883818566912,0.10952226733121506,0.541651965929207,0.6708542286442025,0.8693469027534918
0.2887110856590889,0.19823614447732762,0.10929718963414614,0.5445991949244127,0.6885847853803853,0.8659087362032994
0.28679998966801135,0.1973394734601549,0.10898901313622406,0.5482272409651965,0.6742881427963994,0.8661444326026064
0.2853675831113516,0.19719347303226792,0.10874019482180083,0.5370170095457738,0.6759711007223359,0.8664084767952998
0.2848739400587865,0.19721968942328555,0.10840431577243304,0.5326435790335671,0.6745431364214483,0.8667314312461238
0.28249673091651495,0.19578974915689357,0.10792857380952622,0.5599524234168185,0.6822439439013124,0.8669359561460628
0.2810638077791814,0.19607620564735714,0.1080103800017149,0.5548153024163904,0.6640033999150319,0.867199889605188
0.26520498572414963,0.19498600749520956,0.10629346811641283,0.5432284276795394,0.6687122821929279,0.8711939386663137
0.27867093851412195,0.19522408264891147,0.10672540746721432,0.5436189692743634,0.662031449213714,0.8677556170891263
0.27675920047365477,0.19360423580212485,0.10673437161976745,0.5457299587733413,0.6654313642159195,0.8679911916815085
0.27532629548391574,0.19394248857218882,0.10663939587012417,0.5371878392296512,0.6560475988098915,0.8682549590402823
0.27483212927999645,0.19304198066112507,0.10592354742105314,0.5580352950328311,0.6560475988098915,0.8685778027575383
0.2724544282753265,0.19278578843109626,0.10661405277216526,0.5402676180818495,0.6531236719081335,0.8687822722906933
0.27102086121126634,0.19318222574817556,0.10625179034046825,0.5499990727863509,0.6427879303016653,0.8690460396494668
0.25516156638009946,0.19318073104021055,0.10663596514507295,0.5370284458426025,0.6623374415638636,0.8730398672434566
0.26862697693245385,0.1892928883475678,0.10385862721329905,0.5436094787363703,0.644249893752658,0.8696013684925605
0.2667147342011158,0.1901878518933212,0.10478344001855333,0.5592851075549965,0.647173820654416,0.8698367880579477
0.2652812941702196,0.18840026877566862,0.10389926470487329,0.5672541018482447,0.6358351041224068,0.8701005554167213
0.2647865700842038,0.18763680556019924,0.10352405405282175,0.5512638160293757,0.6357841053973061,0.8704230780066303
0.2624082498710818,0.18720178475282734,0.10312668755705237,0.5463311585441231,0.6386230344240857,0.8706275364664287
0.260974241006954,0.1868305035853503,0.10259027709501431,0.5626503173155422,0.6380620484487736,0.8708910823580662
0.24511444899426627,0.1865672758579025,0.10258262768483561,0.54663819134648,0.6332341691456804,0.874884799218488
0.2585792537924214,0.1871890010662846,0.1030950363517413,0.5689445294732232,0.6224224394389921,0.8714460790004561
0.2566665166955686,0.18517420267074275,0.10124014291825087,0.5662218966407349,0.6412579685508035,0.8716813878322756
0.25523258042181984,0.18431973391051473,0.10143854949476044,0.565675058989253,0.634526136846489,0.8719449337239131
0.254737254023389,0.1846976304122866,0.10129396324750573,0.5364866512803472,0.623374415639546,0.8722675006072496
0.2523585276796112,0.1832985944846206,0.10051296200965587,0.5565706945608537,0.613684657883482,0.8724715382794896
0.2509239108710557,0.1824283561977762,0.10061321886250701,0.5746107777487943,0.6104547386315744,0.8727350177309865
0.23506360884837552,0.18110221410232652,0.09867389417882097,0.5542842293824117,0.6241393965150337,0.8767286238578405
0.24852790613965325,0.18042762879707228,0.09923458532073759,0.5737616724186343,0.6182745431364083,0.8732898371996678
0.2466146487074532,0.18471574927654172,0.10264252371748761,0.5452633340371158,0.6046748831279274,0.8735249910044921
0.24518010980839922,0.17934788108518232,0.09851926808070677,0.5608708215871383,0.6073098172544178,0.8737883707957779
0.24468435662860033,0.18107344633778494,0.0996709956809606,0.5757588151710578,0.5994050148746055,0.8741106608451945
0.24230508147652285,0.1788384824651983,0.09743615498147692,0.5593191781892983,0.5899872503186998,0.8743147428108619
0.24086992900103077,0.18066996458364573,0.10037152760270629,0.5728418844205752,0.5904462388439242,0.8745780672353636
0.22500909068563368,0.17519489043021808,0.09534800544506972,0.5710943150208174,0.6090437739055687,0.8785714518950817
0.238472900182078,0.17996320729858034,0.098827980214411,0.5575523100386424,0.6038249043773476,0.875132510209914
0.23655910332826569,0.1748941519693904,0.0943097374556866,0.5802209564024143,0.6078708032299573,0.8753675311344568
0.23512406098990013,0.17828943653764992,0.09804248583342956,0.5478815709516791,0.5614109647258374,0.8756308112655314
0.2346277611920291,0.17369291453713992,0.09453929501566113,0.5656264150183674,0.5908542286442753,0.8759530016547368
0.23224793191252946,0.1745313992193691,0.09645487908199288,0.55669113306183,0.5880662983424827,0.8761567957131277
0.23081231198002516,0.17377049274120826,0.09496594440977074,0.5848217627328174,0.5747556311091557,0.8764200094040615
0.21495097460577073,0.17194369499461282,0.09314191864825713,0.5794829975820572,0.5804164895877193,0.8804131725966438
0.22841422309122272,0.1751514169563319,0.09612953567858876,0.5836917136524409,0.572103697407556,0.876974230911476
0.22649995252260702,0.17269500029840523,0.09473691805883644,0.5643861724529233,0.5932851678707038,0.8772089860754557
0.22506439860980043,0.1707496986715229,0.09419259258209955,0.5689087910456336,0.5934891627708794,0.8774721997663896
0.22456755845164889,0.17222929864333084,0.09481344314781726,0.5738035657976419,0.5866553336167044,0.8777942129818864
0.22218726766003982,0.1719027693183942,0.09624115597815791,0.5782412063514175,0.5770165745856275,0.8779978520132821
0.22075112207306358,0.16915350790258896,0.09318466769576614,0.5571077239994302,0.5464173395664602,0.8782609106772208
0.20488920460155358,0.1700107479515081,0.09264296727703616,0.5641621322213017,0.5586060348490491,0.8822541181632304
0.218352005967815,0.16851600422794957,0.09196222289203745,0.5666465485792249,0.5621759456013251,0.8788147778372181
0.21643717282375974,0.19378305901568332,0.11623339855547438,0.5724046049043368,0.5568550786230162,0.8790495551479115
0.21500111140407752,0.21369075436230342,0.13728159174309915,0.5588518386845209,0.599235019124535,0.8793123701980009
0.21450377813196875,0.2309378516519509,0.16348181098192352,0.5633426103673127,0.6026009349765218,0.8796344277069249
0.212122931335601,0.24956864086955674,0.19454169430982599,0.5766836859677076,0.6159286017849581,0.8798379117113253
0.21068627573863186,0.2653968830475765,0.2371066823131338,0.8457828079658731,0.8145856353590943,0.8801007932015555
0.20311499591834492,0.26734176272340654,0.23931567083932842,0.9129153793056317,0.8579005524860577,0.09715572388483143
0.30496406815489596,0.26789954446808045,0.2407349440860431,0.9399238223503124,0.8525796855078625,0.09777204477713264
0.2740722456795579,0.266286944094239,0.2398584203959127,0.9915180798521162,0.8566085847853628,0.09796758918471371
0.24395877385974485,0.2676825704428509,0.23944971037376442,0.9592500918378315,0.8595665108372259,0.09821546627649141
0.24512006411042186,0.268147850146873,0.23939614900891662,0.9738581344056347,0.850352741181382,0.098250646331018
0.24412649205390746,0.26966858677042566,0.23915313857999942,0.9747724425114632,0.8469528261792902,0.0982209697348168
0.2441163534932942,0.27035297171007716,0.23743913949093437,1.0,0.8461878453038025,0.0982234280200245
0.22990674887490847,0.27155144321742114,0.23593780772773693,0.9428290388384186,0.8576965575859958,0.09956454440775647
0.2738037729775198,0.2683126059414499,0.23266152949159707,0.9169940074995899,0.8626604334891681,0.0980155368196209
0.30567807588714,0.2670184337899261,0.232917995002828,0.9170671521480562,0.8598385040373842,0.09778166752418445
0.3059057703177963,0.2660418370189745,0.23062879391156527,0.9288596816810024,0.864326391840109,0.09778634048075047
0.30707212718921806,0.2697770746770045,0.2328298674230611,0.8968042181827827,0.8626604334891681,0.09782233996367962
0.30635488855931436,0.2703960250208392,0.23357393635239201,0.9103026619926629,0.858954526136813,0.09779550922017383
0.3065817798024546,0.2658180420477084,0.2293184937727028,0.9269912766866284,0.8555886102847126,0.09780014895666948
0.2923828103004227,0.26649667164652346,0.2288095180442193,0.9170090176391774,0.8536336591583904,0.09914767681798373
0.30750847703331896,0.2684530637919547,0.23163988391842982,0.9009233499280089,0.8626604334891681,0.09782455463503793
0.3072564638869091,0.2691839116214224,0.2333831703325771,0.9041873802291127,0.8526306842328495,0.09781395743258847
0.30748312171443315,0.26897354577877486,0.23224912313987744,0.9215627683732548,0.8543476413088911,0.0978186137791193
0.30864845668853214,0.27004498856423254,0.23559268564106992,0.9066512271364902,0.853888652783553,0.09785460772537005
0.30793019741286276,0.26831686836224955,0.2334475506548767,0.9146218098042977,0.854959626009304,0.09782772715175869
0.308156121514354,0.2690197959051367,0.23335915747058972,0.9226091498237086,0.8508967275816985,0.09783236135157594
0.293956126360325,0.27065264277777673,0.23567923066057125,0.929919087802844,0.8622184445388257,0.09917988921289018
0.3090808541116328,0.2681808856959988,0.23290559348511064,0.9049294291139607,0.851814704632261,0.09785674488323082
0.3088278078038762,0.27039133707313084,0.2343127286052571,0.9141320742182311,0.8616404589885178,0.09784611446071097
0.3090534856612783,0.26871948475914587,0.23199925347422884,0.9254947101766404,0.8516787080321819,0.09785077634392021
0.2948524901993066,0.26966219313922607,0.23479109783954183,0.9321402707868891,0.8563195920100952,0.09919841493880237
0.3104458567463868,0.269845704300493,0.23382670996079363,0.9154551902263182,0.8651933701656844,0.09788964382625835
0.3106582418034596,0.27006885919346774,0.23349055866679277,0.9017849239984612,0.85647258818517,0.09789418390254287
0.3108618255899245,0.2699477985758723,0.23488054458842517,0.9180889137928372,0.85647258818517,0.09789976487436577
0.3108691049656822,0.26834926562101236,0.2330525613195622,0.9274289135871425,0.8601274968125381,0.09792238774229081
0.311308720438185,0.26883884148117837,0.23323541232467832,0.906967988733024,0.8613344666382545,0.09790706221649138
0.3115217428513035,0.26932799360236387,0.23360375267314348,0.9087309256566449,0.8696472588185316,0.0979116022927759
0.3117235735175301,0.27079033112751866,0.23422829514169047,0.8974513616876991,0.8710242243943185,0.09791713897117164
0.31188474856508464,0.26942923324806944,0.2323319762565495,0.8938400729985181,0.8595665108372259,0.09792666759469072
0.312170136077071,0.26689566570091133,0.23159238940349516,0.9083817612190968,0.8623034424139178,0.09792442523994047
0.31238412813495575,0.2691602537556415,0.23341404021792495,0.9192062161673737,0.8634594135145335,0.09792903175636572
0.3125846061795876,0.2692009630925494,0.23337208798397624,0.8993889403941402,0.8656523586909088,0.0979345352146911
0.31236749836740296,0.26771134357117704,0.22957100177658435,0.913511535987187,0.8479388015298355,0.09792360581153788
0.3120878379860357,0.26827999591923274,0.23286733536736223,0.909156014398139,0.8471568210793521,0.09791214488725869
0.3123114222993508,0.26887401002863226,0.23437790131437494,0.9013779427269462,0.8590565235869008,0.09791675140368394
0.31253484891632466,0.2687717029897986,0.23225677476342713,0.9131977128835882,0.8683382915426137,0.09792135792010921
0.31275812722364416,0.27206105460085955,0.2342512500123395,0.9130069093896247,0.8647343816403463,0.09792596443653447
0.3129813229281182,0.27070059858762974,0.23371114100735912,0.9071031196986761,0.8571865703356707,0.09793054880624616
0.31320436218780934,0.26963299269606306,0.23198553278739503,0.9137177864237418,0.8648873778155348,0.09793513317595783
0.3134272065173005,0.2672017321877386,0.23267683273869644,0.9076337956390146,0.858954526136813,0.0979397396923831
0.3136499541639157,0.26802209800571275,0.23037628590768372,0.9124393434501412,0.8617424564386056,0.09794432406209479
0.31387252627948437,0.2706878113252306,0.23561115622207138,0.9186319393453759,0.8598725031873755,0.09794890843180645
0.3140949782454596,0.2688190205092885,0.2330871253211103,0.9041064525453049,0.8494687632808109,0.09795350387487493
0.3143173019267129,0.27175413706021484,0.23506471476265778,0.897619570553553,0.8594135146621511,0.09795807717122981
0.3145395724167397,0.26996165144347134,0.23250453508651203,0.8967454880334442,0.8684402889927014,0.09796266154094149
0.31476163420942616,0.2697165425802786,0.23287656955117747,0.9065231247282641,0.8711602209943976,0.09796724037397478
0.3149835411217765,0.2673807681647514,0.23206337040537933,0.9158827806577436,0.8739481512961902,0.09797180813365126
0.31520531286583564,0.2682823398930869,0.23146917103988196,0.8909393436685424,0.8578495537610706,0.09797638143000616
0.3154269456869261,0.27019312020251934,0.2341066571249718,0.910271926944936,0.8617424564386056,0.09798094365300426
0.31564847494157044,0.2682829799713782,0.23160426413891433,0.9120080997572291,0.8652443688906715,0.09798551694935916
0.3158698280393897,0.2696745548747165,0.23349398939184396,0.912351307790179,0.8628134296642429,0.09799007917235723
0.31609103971112473,0.27021528514826343,0.23354385664049146,0.9105718914805028,0.853888652783553,0.09799465246871214
0.31631212247235796,0.2672428670515552,0.22996045104428392,0.9076811292008884,0.8587505312366375,0.09799921469171023
0.3165330691266304,0.2670917531490511,0.22878708995586847,0.9088695113369638,0.8600084997874546,0.09800376584135154
0.31675386809702744,0.2695424091023567,0.23229424270772828,0.9123499179624395,0.8644283892901967,0.09800832806434964
0.31697458415168933,0.2694965845029036,0.23344913321514224,0.9089650123573556,0.8615384615383164,0.09801287921399095
0.31719515377403473,0.26842109206010056,0.23166547712731178,0.9067309238300143,0.8541436464087155,0.09801743036363227
0.31741550687679965,0.27179186234497726,0.23542883421262445,0.915507487458691,0.8575945601360218,0.09802198151327357
0.31763578019272565,0.26813506109654567,0.23262194999136118,0.8920921859238484,0.8618444538885797,0.09802653266291488
0.3178559602675608,0.26833242691333975,0.2305456796171151,0.9190256179799554,0.8613344666382545,0.09803106720252099
0.31807597983004854,0.2699934086239429,0.23367129811597415,0.901853780035617,0.8707692307691559,0.09803561281548388
0.3182958266774958,0.2700247402775058,0.2328087585038267,0.9080575739714969,0.8560985975350377,0.09804016396512519
0.3185155602589198,0.27038750017923985,0.2362140629890858,0.9142942472607589,0.8651083722905923,0.09804469296805293
0.3187351621138368,0.2686165394299492,0.23221455913832934,0.9006731809348831,0.858903527411826,0.09804925519105101
0.31895465414451607,0.26989302003205473,0.23379372851951108,0.8983425589436866,0.8630684232894055,0.09805377312062194
0.31917397690193994,0.2719623734803907,0.2357552201137699,0.8950050266098406,0.864377390565096,0.09805829105019288
0.31939319202535277,0.2686218674559488,0.23265519482379285,0.9171639635774596,0.859719507012187,0.0980628311264774
0.31961221315723476,0.2682684870254879,0.23265493143264376,0.8824303814437826,0.8549086272842032,0.09806736012940512
0.31983115262494044,0.27127138214608526,0.23290480109829237,0.892937598283158,0.8605184870377798,0.09807187805897605
0.3200499522310096,0.27023446782979027,0.23397051046134307,0.9094278647040024,0.8583425414364001,0.09807639598854698
0.3202686288714789,0.2700937972158311,0.23280427421417912,0.9002075092233934,0.860739481512951,0.0980809249914747
0.32048717941745375,0.27424443674522836,0.2363731689501056,0.8989569819326764,0.8598385040373842,0.09808546506775923
0.32070557226708685,0.27137262179179084,0.23350058523742628,0.8993667825690346,0.862966425839204,0.09808997192397335
0.32092384872180135,0.26784007976448265,0.23230585183862734,0.9110243002644209,0.8642583935401262,0.0980944787801875
0.3211419371298865,0.27067843364188565,0.23336760369432866,0.9109497657882148,0.8619974500636545,0.09809899670975841
0.32135995920538374,0.27084105643813455,0.2350884620201251,0.9131521265337297,0.8588525286867252,0.09810349249261578
0.3215778260876556,0.2695434764954848,0.2321200991041292,0.9049087802446869,0.866910327241726,0.0981080104221867
0.3217954974139494,0.2698459170639473,0.2334507157754078,0.9089785929598395,0.8645983850403809,0.09811248405833048
0.32201318188160455,0.2690131895104828,0.2335633829994603,0.8966411318248833,0.867573310667126,0.0981170130612582
0.32223062354695653,0.2697095088707878,0.234075787239624,0.9013639253214583,0.854959626009304,0.09812151991747234
0.3224479503818376,0.2692742824516744,0.2321913386631602,0.9151605467455255,0.8500467488312324,0.09812600462697289
0.32266516551514357,0.2684002036950826,0.2321090167555283,0.9068091512770713,0.8648873778155348,0.09813050040983025
0.32288226800820574,0.2699512081549264,0.23176152193514848,0.8978837172428027,0.8670123246918138,0.0981349961926876
0.32309917995152215,0.27125795480539494,0.23432064583332685,0.9030841349694281,0.8759881002973771,0.09813950304890173
0.32331600616309775,0.27180806097435867,0.23440560607919164,0.8939815574624079,0.8637144071398097,0.09814396561168869
0.32353265872096326,0.2708538454884618,0.2348866114383383,0.8984568027838806,0.8583935401613871,0.09814846693122443
0.3237492267986464,0.2692131120645854,0.2329847502722114,0.9027466847942562,0.8683382915426137,0.09815293503068982
0.3239656665916075,0.27062216396595945,0.23378106361064463,0.9114231014069545,0.857543561410921,0.09815743081354716
0.3241819145832645,0.27174284092992435,0.2344813321412412,0.9248095251010238,0.8707182320440552,0.09816190444969095
0.3243980696467199,0.2677375599621946,0.23116863952539657,0.8850833640518356,0.8683382915426137,0.09816637808583469
0.3246141183277236,0.2723965342943042,0.2351517865644573,0.8823910691734342,0.8690862728431057,0.09817087386869204
0.32483001212839113,0.26884928655765145,0.2321657454542782,0.8961646591663885,0.8644283892901967,0.09817532535812223
0.32504578859547184,0.2706997475338123,0.2346011219931742,0.8872074179315657,0.8696472588185316,0.09817979899426599
0.3252614367778306,0.27219618442536475,0.23640535800456988,0.9008286430948973,0.8619464513386674,0.09818427263040976
0.325476937902093,0.2724950044392469,0.23522751262650685,0.8952137390269628,0.8577475563109829,0.09818873519319674
0.3256923482883809,0.2739980504073455,0.23615865345945236,0.902709755085747,0.8681342966425518,0.09819320882934049
0.3259075599897949,0.27120594933819664,0.23321219184950917,0.9066021860719644,0.8715172120696479,0.09819766031877068
0.3261226612411918,0.2710041065492203,0.23154410471511322,0.8808348591987358,0.8708882277942394,0.09820213395491444
0.32633762920163356,0.2712089316024138,0.23296073962359498,0.8851856156641054,0.8649893752656226,0.09820659098102302
0.32655254522240673,0.26714162740584957,0.22971110816093349,0.9014168579036548,0.8650403739906096,0.0982110480071316
0.3267672437849325,0.27121127736419626,0.2340755238484749,0.9026172322676544,0.8691372715682064,0.09821548842320499
0.3269818641250657,0.2714256928641891,0.23425758246677275,0.9088372276240417,0.8664003399915146,0.09821995098599197
0.3271963480453488,0.2697694008892225,0.2347457148805419,0.9068124471542822,0.8617084572885005,0.09822439140206536
0.3274106961715595,0.2711560750813981,0.23166943684803218,0.9062455959833502,0.8689842753930179,0.09822884289149554
0.3276249354122016,0.27112666187478074,0.2341892446371238,0.8979139757781618,0.8696472588185316,0.09823327223421215
0.3278390272818581,0.26933779681261755,0.23427948377282543,0.9081516454547849,0.87479813004677,0.09823772372364233
0.32805299994058945,0.26011383953323064,0.18662791024532693,0.905399985077221,0.839150021249452,0.09824216413971572
0.32826679863272235,0.24922889875531234,0.16572378537614268,0.8924788757103659,0.860790480237938,0.09824660455578911
0.32848050908999804,0.23730107734473643,0.14608668260264274,0.878535329639542,0.8479388015298355,0.0982510338985057
0.3286941106617034,0.22361188741959734,0.12994643597910702,0.8897013645368457,0.8495877603058943,0.09825547431457911
0.3289075545370683,0.20542250727677835,0.114620988768603,0.5011692620773152,0.7126221844453084,0.0982599036572957
0.3281369926415154,0.20382866226962681,0.11316979207194411,0.5245567273480018,0.701300467488295,0.8693115787453269
0.3266891681385924,0.2027060668587164,0.11287822471001185,0.5054021611503678,0.7161920951974707,0.869610946946185
0.3252413217333996,0.2015939129484227,0.11228270617539804,0.49930105562976146,0.7197960050998518,0.869910536614179
0.3237933642524111,0.19927326798122064,0.10988849169700349,0.5142873695989161,0.7052443688907033,0.8702098494482534
0.3223453798629192,0.201406566681193,0.1116982766294981,0.5082843064979967,0.7082022949425664,0.8704906697764857
0.3208972862749695,0.19906588619071852,0.10927370576782791,0.5075260561926416,0.6937016574585186,0.8707513365953575
0.3194491807972155,0.20048495942958514,0.11084708054372963,0.4937934462633231,0.6996175095621311,0.8710118373138777
0.31800104590784306,0.19658496597697817,0.10814520528285618,0.5050381454106876,0.7005864853377943,0.8712724487659655
0.3165527821079692,0.197317519489937,0.10937423707868316,0.5113999429058764,0.6979515512111902,0.8715330048512694
0.3151045239401067,0.19784951215843022,0.10967793371369963,0.5018029043984753,0.6823969400763872,0.8717937270369254
0.3136561869240744,0.1965090880926164,0.1084446876594872,0.5022807668847096,0.6881767955801479,0.8720541170218773
0.3122077707469817,0.19604018604608586,0.10856314727544875,0.5096813613418303,0.6899447513811765,0.8723146731071812
0.3107592563225654,0.19569127901195085,0.10693120670286649,0.5198489042816503,0.6875138121546343,0.8725752291924853
0.3093107559781787,0.1924243051100883,0.10621668627639594,0.5224406153410697,0.6942626434339445,0.8728357852777892
0.30786217428250495,0.1949329364228113,0.10847740128287867,0.5165093864796049,0.6743731406714915,0.8730961198959575
0.30641352531557553,0.1909225348287517,0.10432248337393168,0.5096920034513792,0.673931151721149,0.8733565652476935
0.30496491952740534,0.19207561262733583,0.10549030218136121,0.5206709278255706,0.6897917552061017,0.8736170105994293
0.3035160859556312,0.19024987512215574,0.10233751012672565,0.5406635204408119,0.6734891627709203,0.8738774559511654
0.3020673005688508,0.19211035385995281,0.10604756259822662,0.5128743515907592,0.6723331916701909,0.8741377905693336
0.30061839409380786,0.1922667975763847,0.10512301539749241,0.5291844169178253,0.6773310667232408,0.874398169480929
0.2991694726000653,0.1910866541208938,0.10460480769856473,0.5105610428822616,0.663102422439465,0.8746585705392379
0.2977204778901643,0.1900045534955087,0.10403990229826263,0.5074796756555033,0.6833149171269497,0.874918905157406
0.2962714206023507,0.1896462705659569,0.10355096864419117,0.5335426387436244,0.6645643858903441,0.8751792397755741
0.29482227382812054,0.18924685277258851,0.10354227009615813,0.5249903138933891,0.6666383340415223,0.8754395079536016
0.29337313237301377,0.1883182082356335,0.1038296099194789,0.5054570792007633,0.6782830429237947,0.8756999090119103
0.29192385762695094,0.1882809066898516,0.10394992876708106,0.5289591059865559,0.6622354441138896,0.8759601328965105
0.2904746000898144,0.1888640573475821,0.10416074128805,0.5272242832926386,0.6531236719081335,0.8762203567811107
0.28902526745918244,0.18765961416009092,0.10422301448115684,0.5409377930178787,0.6576795580109547,0.8764808021328467
0.2875759113618326,0.18554826585448003,0.10204357445782258,0.5167922362792929,0.669987250318627,0.8767409152838792
0.2861263925619091,0.18585049544741636,0.102629329812952,0.5487074463039061,0.6548916277092758,0.8770010948750522
0.28467688158422355,0.183497876960432,0.10095623381998131,0.5129284357445112,0.628083297917442,0.8772613076862956
0.2832273361886868,0.18364814338497504,0.10082272328121447,0.5327770819152955,0.6389800254993361,0.8775214762041118
0.2817776609439795,0.18247439534861187,0.10100953179368,0.5255927049450904,0.6464258393540376,0.8777816336485713
0.2659017322776962,0.1818473439021583,0.10028365677397547,0.5209446444715411,0.6535656608583622,0.8817718734749606
0.2793508753886145,0.18340452922974732,0.1011190272570884,0.5295817091045274,0.644249893752658,0.8783297205163234
0.2774222022003774,0.18190915973132304,0.1008464727520528,0.5284786226822986,0.6384700382490109,0.8785614858739693
0.275972364253096,0.18135712617577288,0.09940872449759464,0.5356155469625374,0.6265193370165889,0.8788215325848608
0.27546101916043453,0.17762040274941876,0.09702057244237122,0.5325814735882894,0.6408499787505662,0.8791406224341647
0.27306661517205333,0.1795117804621573,0.09996836207491488,0.544560716550708,0.6371100722482197,0.8793412716592266
0.27161622059423296,0.1787969131348321,0.09945806939068597,0.5552646535792809,0.6169485762854947,0.8796012740766911
0.2557397894273059,0.17947214209423393,0.09826940062842915,0.5333089491365535,0.6328431789204387,0.8835914474629398
0.2691886402993702,0.17676806162373418,0.09705884162697465,0.5334119949361031,0.6407989800254654,0.8801490730371665
0.2672595587902489,0.1786628542793114,0.09939131412130256,0.5463328263374105,0.634526136846489,0.8803807276612448
0.2658092765397835,0.17532724896603222,0.09692981095111339,0.540071136148836,0.6188695282617118,0.880640730078709
0.26529745773231905,0.17406675244192552,0.09650341830803988,0.5531629957808404,0.6188695282617118,0.880959753487872
0.26290272646145096,0.17373169469953315,0.09517095789871763,0.5361938344302981,0.6092647683808536,0.8811601812457982
0.2614519213725206,0.17424130787089973,0.09667387000880964,0.5657164758558928,0.6053888652783144,0.8814201836632627
0.24557509471318184,0.17353647082070803,0.09480763083556926,0.5353248744181436,0.6085337866552436,0.8854101355823752
0.2590235260003375,0.1739678621338587,0.094710012320951,0.5453613367474386,0.6113727156820232,0.8819676504230344
0.25709410219003104,0.17415883074359687,0.09681239604626424,0.5560835797928101,0.5943051423713541,0.8821991943135447
0.25564337250748626,0.17305221762275713,0.09661107667351759,0.5341333949516771,0.6030089247768728,0.8824590859974409
0.2551311807356589,0.17024434076924325,0.09256935055755036,0.5399350521584483,0.6108627284316981,0.8827778879394682
0.2527360668008507,0.17133262405030175,0.094844043001903,0.5354711240057124,0.5926731831704046,0.8829782714039673
0.25128487717064374,0.17201104624944696,0.0956664763315164,0.5630703232584455,0.6046238844029403,0.8832380523542959
0.23540760620812096,0.16784334988513813,0.09182844674875057,0.5568959142519172,0.6061538461538021,0.8872279378332677
0.24885565577000568,0.16759525696980002,0.09091235462523933,0.5583905747124336,0.5846153846152902,0.8837854526739267
0.24692582614193226,0.16753089155503947,0.09348307437409076,0.5547729325250148,0.5866553336167044,0.884016885830869
0.24547480891387563,0.165909122685451,0.0898326501173507,0.547737068576126,0.5901402464937746,0.8842766003410568
0.24496211620585262,0.1669287709792365,0.09199388737757455,0.543175773062891,0.6076158096046811,0.8845952472560891
0.24256667686589672,0.16338600021476596,0.08941708971195497,0.5463387827420088,0.595206119846921,0.8847955642804471
0.24111502009156727,0.16379948542711584,0.0907500702634624,0.5717989576847886,0.5516872078197821,0.8850552344972077
0.22523740995675468,0.16472641891679518,0.09091604210132662,0.5489553915726486,0.5917212069698508,0.8890449649491847
0.2386851378681647,0.1647178904993394,0.08999624036801807,0.5389306037963661,0.5829494262643493,0.8856023136894918
0.2367548961645327,0.16343886031163804,0.09084796766282671,0.5377995619818898,0.5788015299616518,0.8858338022132183
0.23530336986515232,0.1643397901737541,0.09146406833437679,0.5329014516433066,0.5726646833828681,0.8860933616964107
0.2347902941803004,0.16330841307105667,0.09025799362256987,0.5432033313614988,0.5680577985550599,0.8864119975380862
0.232394473115074,0.1609185073417159,0.0897268509835136,0.5515792275075342,0.5545771355715488,0.8866120377285246
0.23094252472766819,0.15825427979052206,0.08746666718607105,0.5635305547870693,0.5747896302591471,0.8868715972117174
0.21506444588428542,0.16123373696050564,0.08776246208661478,0.5540777406896731,0.5881852953675661,0.8908612169301264
0.22851175890413167,0.16076803530543124,0.08830018950439833,0.546253645865618,0.5637909052273926,0.8874185103036495
0.2265811339107806,0.15928991931401917,0.08776350237098515,0.5557622119100536,0.5773055673607814,0.8876496777000289
0.2251292837706984,0.1589305636275547,0.08807248896269348,0.5714594029133253,0.5613259668507453,0.8879091707430807
0.22461582604768626,0.15856014066560778,0.0877650959981057,0.566743439427356,0.5776455588609224,0.8882277512179722
0.2222196454723484,0.15797209108464272,0.08730650766045486,0.5750727961987974,0.5714407139820423,0.8884276806748427
0.22076729189295463,0.15525926764530468,0.08653843472262054,0.5736261443593424,0.5503272418189908,0.8886871183511108
0.20488879158732587,0.15531063482213997,0.08502469922833475,0.5545469862439218,0.5306587335315953,0.8926767491428764
0.21833575542241634,0.15341414363478437,0.08440569904077369,0.5453717406008036,0.5231619209519067,0.8892338764160478
0.21640470865393047,0.15465950713470958,0.08502496483285485,0.5677258490924246,0.5443263918402863,0.8894649773722864
0.21495250682597655,0.1546737855292173,0.08667432463521321,0.563466503582956,0.5532171695707575,0.8897244261219112
0.2144386332727306,0.1529966087650891,0.08505741285172624,0.5791143358467905,0.533548661283362,0.8900427408362396
0.2120420659658886,0.15059859299348852,0.08326004493054595,0.5381604009724505,0.5324266893327376,0.8902426592197532
0.21058933066122432,0.1506301427742903,0.08384580028567537,0.572518372232163,0.525592860178449,0.8905019972358101
0.19471039825510505,0.15209652995679046,0.08397956757547828,0.5689459193009627,0.5180960475987604,0.8944913954870833
0.20815702260501556,0.1499796408617256,0.08466374268552815,0.5511591024365388,0.5265618359539985,0.8910484231000434
0.20622565700206197,0.15006531838048465,0.08352786282163985,0.5545280448772996,0.5290947726306285,0.8912794022493573
0.20477309535110688,0.14793074667564254,0.0823484238164563,0.5701080138380781,0.5244368890777196,0.8915387956321982
0.2042587618501983,0.14784101771160998,0.08214895482186635,0.5674156395409486,0.510497237568984,0.8918570992731698
0.20186186757376,0.14782844142473706,0.08207770640935136,0.558089736570859,0.519473013174661,0.8920568072629045
0.20040875648872625,0.14719286871254048,0.08161068512818759,0.5801721933034367,0.5073013174670677,0.8923160345453934
0.18452943735110283,0.14756670661732607,0.08231940652263611,0.5677033338830433,0.5231619209519067,0.8963053220630988
0.19797569468155318,0.14768351196583457,0.08206346336696138,0.5605448871275227,0.49647258818527007,0.892862283235918
0.1960439676911503,0.14501182875409763,0.08150303782956483,0.5521980185265627,0.5093922651932417,0.893093051991453
0.194590929196496,0.14640467845023386,0.08162652179769814,0.5791458650817971,0.5036974075646867,0.8933522792739419
0.1940762493268382,0.14417611536055952,0.08163628276381157,0.5640605953775839,0.5031874203144753,0.8936704168145616
0.19167899866918336,0.14194861430022873,0.07838427635406622,0.5733657700596717,0.5099362515936718,0.8938699587039445
0.1902254623672297,0.14327966604648207,0.08064551150273414,0.5701310452691912,0.489179770505757,0.8941291859864334
0.17434577464569756,0.14106217023229015,0.07795313381682503,0.5652178056629285,0.48217594560139787,0.8981184735041386
0.18779170563233016,0.1406874741219744,0.07919906248687195,0.5774729095769733,0.48295792605176757,0.8946752796499629
0.18585951556536928,0.1399574809221805,0.07754416925701163,0.5572615580755207,0.47918402039942976,0.8949059155252163
0.18440620454390277,0.1389129017577444,0.07765499274302048,0.578218810270128,0.49125371865693523,0.8951649434872829
0.18389110915690088,0.13898706501897404,0.07748400983321055,0.5818383585070184,0.4641393965150655,0.8954831917614707
0.18149348271887744,0.13825642816503253,0.07776765332695998,0.5745488708503368,0.48659583510402626,0.8956826672107127
0.18003965699407498,0.1366920017282829,0.07654573973227152,0.5856467644790369,0.45847853803650196,0.8959416730260659
0.16415949149017495,0.13682947552664232,0.07635813440624573,0.5788722675639184,0.4695622609434622,0.8999307944434192
0.17760507579516815,0.13383894035360716,0.07445575088456266,0.5834818893731271,0.47564810879725883,0.8964874787823188
0.17567259786980616,0.13444445799296695,0.07552356959017711,0.5680573031536342,0.4794390140245923,0.8967180814375019
0.17421883472291677,0.1347255918212155,0.07642384053777476,0.5881940407601534,0.44991075223117605,0.896978249955318
0.1737033341439269,0.133552478499359,0.07389427620931177,0.5843512464789211,0.46065448363776795,0.8973089557558962
0.17130537604296325,0.1322135527173666,0.07503991703931348,0.5832087683676161,0.46085847853805717,0.8975209994650966
0.16985116546399404,0.13111440598463905,0.07352117932656593,0.5712824976967579,0.43105822354436896,0.897792473880197
0.15397070959857784,0.1317073544888387,0.07399031437703543,0.5668580009424622,0.46096047598803125,0.9017943296578604
0.16741590842362442,0.13252601104746525,0.07528241396615853,0.5802552652929001,0.4461028474287332,0.8983634715231504
0.16548302999961795,0.12990186169452897,0.07394176187076243,0.5967609389469719,0.47093922651924913,0.8986065870715079
0.16402888512745806,0.1301761727888129,0.0736064051769508,0.5712476725845399,0.4492477688057761,0.8988781057800354
0.1635130572659822,0.12938159247116315,0.07428688395742944,0.569093280750723,0.4470888227793921,0.8992086454802617
0.1611147487287039,0.12845657921635753,0.07262619169554707,0.5843885335717061,0.42220144496377543,0.8994205895292509
0.15966011449726247,0.12602914487435496,0.07111430436604693,0.5875739790414771,0.42362940926477677,0.8996920528709945
0.14377927659368472,0.12583732699872763,0.07103302938289843,0.578324040084697,0.45036974075640046,0.9036937979150903
0.15722409400635096,0.12628470238987713,0.07226417273466015,0.57376969371016,0.3962090947725301,0.9002628290468122
0.15529081821259538,0.12449456611077242,0.07071403835426657,0.5728785361635362,0.4192605184870217,0.9005405931285703
0.15383641645810142,0.12464034662349227,0.07078289632610071,0.5858106847335802,0.4377390565234691,0.9008597937114421
0.1533201058080249,0.12506939217486054,0.07115598214199154,0.5834098565868524,0.41992350191242167,0.9012968591040025
0.15092152505682455,0.1234768237484351,0.0700929221840288,0.5769885347550452,0.4228984275392804,0.9016886344672858
0.14946655102731388,0.12272998826511214,0.07047550336151293,0.5922545614841328,0.38262643433904486,0.9021398737565394
0.13358524597961452,0.12142515827366096,0.06840213914339088,0.5986607143388967,0.3925541861453894,0.9063213504547177
0.14702977334365297,0.11900328438832242,0.06720529197528621,0.5713707716129035,0.4158096047599429,0.903070146460593
0.14509615024247857,0.11992104580639837,0.06826176936789266,0.585097028043984,0.4014279643008649,0.9034931486900284
0.14364137458495296,0.1219665339892837,0.0718174701992835,0.5838820009246724,0.40203994900116413,0.9039443879792819
0.14312470254742804,0.11769141889945225,0.06767099851407551,0.5902327195073085,0.40470888227787327,0.9044546925536613
0.14072570690466257,0.11854823878524728,0.0683203440180572,0.6000619783753129,0.38439439014018717,0.9048463571833766
0.1392703949544205,0.11678239151057371,0.06824119387106942,0.600503784759046,0.3855163620908115,0.905297496812419
0.12338875042154118,0.11478059850466987,0.06503430702917493,0.5911635069991923,0.39636209094771857,0.9094787409701051
0.13683294142929592,0.11291415523843829,0.06440791196910026,0.5799503767961987,0.3769485762855993,0.9062276587829049
0.13489893660285146,0.11296019438927396,0.06451450791649765,0.6163588999028988,0.36849978750524315,0.9066503841784203
0.13344373166084056,0.11459005184598403,0.06654539754511479,0.5794816474636817,0.36447088822774276,0.907101512734106
0.13292670856122246,0.11401437472807849,0.06616122274051009,0.5762277033410308,0.35622609434756214,0.9076118283818422
0.13052740190622814,0.11315030479348198,0.06534670221222447,0.5912688559418531,0.3573990650234009,0.907952278736397
0.12907173639077607,0.11359981497088772,0.06614063839020287,0.6045744313708425,0.33373565660861004,0.9083477083074213
0.11318966100896466,0.11170778645228885,0.06457255357099301,0.5767725555243133,0.34872928176787354,0.9124729766465262
0.12663353349514095,0.11118880453721824,0.06394510715969298,0.5853757480698172,0.3639609009774176,0.909165807907177
0.12469920607955354,0.11108713578874757,0.06526675525167641,0.6115558537817036,0.3667658308542059,0.9095327789512474
0.12324366634570705,0.10983217826616667,0.06380816589587496,0.5783780051103571,0.3308457288567297,0.909927987055136
0.12272628905509908,0.10786002195790367,0.06238968282260754,0.5854492501025594,0.35126221844450356,0.9103822161507231
0.12032661663220212,0.10772318466197914,0.06425777901411764,0.5785953741688286,0.34107947301322383,0.9107179603286416
0.11887049961710616,0.10806697464564069,0.06197438802173194,0.5825019019792617,0.32593285167865815,0.9111130576989621
0.10298814388624411,0.10706203384912799,0.06205433498227997,0.60065158301181,0.3581810454738843,0.9152384367716349
0.11643167876457783,0.10427184675710416,0.0599215970870621,0.6062293191150514,0.29944751381208334,0.911931157298718
0.11449693364141966,0.10682906680625859,0.06331502683690204,0.5889984730558266,0.3245728856777532,0.9122980176092205
0.11304108039222838,0.10427141765433909,0.0611886191827464,0.5980310032447713,0.3151721206969569,0.912693114979541
0.1125233501621894,0.10384236852711443,0.06120683522608278,0.5909401021173948,0.33450063748398406,0.9131473440751284
0.1101233226096352,0.10348387104618012,0.06132134397480793,0.595301421273585,0.2993965150870963,0.9134827560523427
0.10866689833698517,0.10455957804036564,0.06294008178937058,0.5967544266112781,0.2737611559711013,0.9138779641562313
0.09278415086838532,0.10171632523972812,0.06008307356842374,0.5921923766201271,0.33859753506158086,0.9180030663949844
0.10622731246946726,0.10016552996748224,0.058242688781843355,0.5881142249385369,0.2936166595834493,0.9146958422888514
0.10429223411892119,0.10080559037943021,0.059864602783792104,0.5895374085438749,0.2668933276667076,0.9150625475723587
0.10283600696669781,0.09617176325728191,0.05736326336233097,0.602569823257989,0.2886527836803907,0.9154575785025386
0.10231795633774388,0.09955532795627042,0.059567767598878024,0.5958430569983841,0.28933276668078634,0.91591158613099
0.09991752202875315,0.09773896455857897,0.05911657192036979,0.5907274981826016,0.29188270293241203,0.9162471088417726
0.09846075639358665,0.09759466802625497,0.0599287241416846,0.6093280393338725,0.26731831704205433,0.9166420401117413
0.08257774390752459,0.0971922661807412,0.05871710272214975,0.5971111755373484,0.2570845728856739,0.9207672530840622
0.09602048060457502,0.09542705540850246,0.05700944272763092,0.6048355998577928,0.30014449638747465,0.9174598628775775
0.09408513191744383,0.09496071009928045,0.05733186448131397,0.5904718492972456,0.308100297492615,0.9178265017209439
0.09262851365326297,0.09453699793769638,0.05721920389737448,0.6160190274565236,0.2747641308967559,0.9182213776241287
0.09211010320130786,0.09503233450248344,0.05869098494434058,0.5861581416684771,0.283892902677394,0.9186753852525803
0.08970931188532161,0.09304567809661746,0.056456130964630896,0.5899623781572767,0.27092222694432166,0.9190107972297947
0.08825221490010504,0.09173146148218034,0.056287264037497675,0.6139149076775157,0.2549936251592726,0.9194056731329796
0.07236883163990626,0.09197849951988765,0.05576826395175169,0.6031248410384522,0.2599235019124535,0.9235306092713806
0.08581130238082668,0.08869148294303997,0.05432604026112994,0.6088247231453217,0.23843603909892863,0.9202231083313279
0.08387549061713662,0.08968470565820988,0.05488620019400639,0.5923801224930636,0.25186570335733904,0.9205897471746947
0.08241861734795952,0.08724597876177326,0.05397114835486552,0.606918316289611,0.27450913727147963,0.9209846230778794
0.08189978950132337,0.08826052073265436,0.05465136153082403,0.6083003609938573,0.2238504037399025,0.921438519972763
0.0794987491252428,0.08875180764009608,0.056075654702968464,0.5825005121515223,0.25495962600928124,0.9217738212164095
0.07804132047708556,0.08527126571620167,0.0541941012157737,0.6111769073211639,0.21028474288141297,0.9221685863860263
0.062157531086230566,0.08633460739904047,0.05418936460183202,0.5951925381975294,0.21225669358261712,0.9262935225244274
0.07559963824947413,0.08481216151614024,0.05325848716003562,0.5946379969294338,0.2307352316191782,0.9229859551442341
0.07366359494750574,0.08539999654572275,0.05333314416389179,0.5938176808881652,0.22677433064166053,0.9233523282270376
0.07220630240630976,0.08661232628445031,0.054749524534708466,0.5861517881702392,0.20946876328082453,0.9237472041302224
0.07168712255891085,0.08226666312418496,0.051786440508549414,0.5835117111054822,0.18641733956644657,0.924200990291538
0.06928572235982955,0.08300795603012576,0.053157690244660244,0.5902942690214901,0.2111857203569798,0.9245361365081894
0.06782795422649324,0.08226645572451519,0.053659018776336054,0.6030536818581853,0.18772630684225078,0.9249308352376657
0.05194383630159338,0.08170781756223933,0.052444232236270094,0.593750572063025,0.1879303017424263,0.9290557713760668
0.06538558520628435,0.07946838386918317,0.05056029937524947,0.607937536535097,0.1924351891201468,0.9257481597024462
0.06344915924037586,0.07744719363036998,0.049939192058495674,0.6088035977636799,0.1816064598384628,0.9261144663451089
0.061991528778448934,0.07869084965887585,0.0509328761158101,0.5802863974342669,0.17293667658304912,0.9265091207811579
0.061472102686961794,0.07706909151685648,0.05041386274983811,0.6051948107644303,0.1599660008499768,0.926955709260559
0.05907026851005215,0.07738900550749825,0.051241840573808456,0.60031464905837,0.17608159795997835,0.9272824840194763
0.05761214336972076,0.07715199774692444,0.051301203184049265,0.6078689981728531,0.14116447088815676,0.9276687669977909
0.04172779421943096,0.07526786114334649,0.04935000597831507,0.617696509828842,0.14208244793883296,0.9317851987981762
0.055169167030863164,0.07613192213830206,0.048818332130218633,0.6058499358515079,0.1524861878451702,0.9284689941996853
0.05323232617339091,0.074459002431189,0.049259235633573234,0.5977637989344946,0.1474543136421289,0.9287809306605018
0.05177442162020318,0.07469068216576322,0.049019925960969296,0.6107145314868849,0.16736081597957764,0.9290951925262445
0.05125465135019347,0.07230866119973062,0.04929723921365656,0.5885094522383116,0.11389715257109856,0.9294685861172539
0.04885251773796906,0.0725111440669981,0.04841173587737607,0.6171802880969952,0.1303867403314598,0.9297232733234583
0.047394031523077196,0.07108886507289083,0.04802756107277134,0.606089859828725,0.12202294942630942,0.930037590555985
0.03150931347598984,0.06769103270696372,0.04563572596820259,0.6121590390206846,0.14487037824051185,0.9340820787572959
0.04495031989373999,0.07075616739570634,0.04693705531439896,0.6067340648407058,0.10493837654053095,0.930694019146585
0.04301325657178623,0.06946433564218041,0.047494846940304536,0.5978526684911003,0.16030599235011778,0.9309799885857255
0.0415549674773219,0.06698875239408056,0.04550458373640662,0.6072256667668798,0.10378240543980155,0.9312943611850362
0.041034898084886695,0.13591681685561435,0.09799684612339354,0.608930985403354,0.0,0.9316674225753416
0.03863238462472829,0.1814453711594096,0.13450821574541663,0.620386819239044,0.17004674883128246,0.9319222205151142
0.03717358239137569,0.20156343592453357,0.1466676902769755,0.6070461407322894,0.08316192095196584,0.9322365931144246
0.021288540816476687,0.23069103889319523,0.17742730769491263,0.5993813598765549,0.24751381215469337,0.9362808044818158
0.03472924498290597,0.2732486590806781,0.2117449986779535,0.5713302680616357,0.7022524436889626,0.932892689504321
0.034808845027212154,0.2631308038607377,0.1903727923228961,0.9024154292798663,0.8741181470462607,0.09473819416678987
0.3018029145174359,0.25536257413599533,0.18963795979075143,0.4966061002239728,0.7568210794730703,0.09861931159867736
0.31546054908766585,0.2696536665096985,0.2403362606345283,0.8797670346917286,0.8671143221419015,0.8712018450430629
0.34712151638171074,0.2689027831569584,0.2416412818835539,0.8604915534807502,0.8849468763280584,0.09866844408276122
0.34731700665376763,0.2670868506499602,0.24088375787190927,0.9016439557563032,0.879932001699899,0.09867254676145248
0.302467904344462,0.2711515981092159,0.24706480887519272,0.9371700970858212,0.8847938801528699,0.10019517207703231
0.286986054454776,0.27098108876173066,0.2436383954706992,0.9240367808778129,0.8862218444538712,0.0991233486531128
0.2866590501273705,0.26918327333105935,0.24185474159623976,0.9284380079448113,0.87479813004677,0.09910735872590586
0.2867703965728414,0.2718063552908675,0.24080407430251033,0.9224110795161353,0.884538886527821,0.09911055892601861
0.2881294145688629,0.2725847351912077,0.24016792270306425,0.9356352904583125,0.8813939651507781,0.09914393402338818
0.28721834679760816,0.2693844760417444,0.2337570507486572,0.913329746518849,0.8812069698257119,0.0991131833115782
0.31622054908302255,0.2704002874416389,0.23485415677935395,0.8667544349502447,0.8785720356991078,0.09888454064054734
0.3339188998986584,0.2691255125230245,0.23415916492522323,0.8678496192090397,0.8779600509986949,0.10003745425625099
0.34901340940144276,0.27180315847526776,0.23575759506085373,0.8609517055906457,0.8887037824054005,0.09871371196532489
0.34872969960331,0.2693375840491632,0.23348501859917783,0.8787519045107337,0.8748661283467527,0.09870253894832226
0.3489246266741479,0.26846606381780813,0.23267260962682695,0.8764941492024554,0.8847428814278828,0.0987066582370487
0.35005781318399,0.27000172249001614,0.23372301352940728,0.8619063187009224,0.8717382065447055,0.09874213727220865
0.3493085359140662,0.27007887695510396,0.2348876672163057,0.8794831524485767,0.8713982150445645,0.09871465320065216
0.3495028309479804,0.2740581551892345,0.23802304889464915,0.8843289258454232,0.8677263068423144,0.09871873926930824
0.3352708271913314,0.2721821170063832,0.23424227921967336,0.856682670996364,0.8804929876752112,0.10006575775621007
0.3503645601022116,0.27178759992417756,0.23745813685423406,0.8635893206748353,0.8798980025500214,0.09874201546528395
0.35008009655311456,0.26903407608757257,0.23486761407503864,0.8640970048934249,0.8779600509986949,0.09873082030156775
0.35027440159949474,0.27080780812555433,0.2365742249317031,0.8514525109561113,0.8801869953250616,0.09873490637022381
0.3514068306036968,0.26942752935250647,0.232324849201927,0.8658552164027311,0.8787080322991869,0.09877039647874057
0.35065677298719544,0.26870222052456455,0.23169951434656172,0.8611173730572046,0.8832979175519995,0.09874291240718407
0.3508503890507506,0.2693471744959625,0.23489874956490658,0.8738989437190052,0.8736931576710276,0.09874697632912656
0.33661767440900725,0.2707871325239907,0.23496576822543908,0.8739263431801572,0.8840288992774958,0.1000939726693148
0.3517106726551864,0.27132061632459253,0.23336074224422626,0.8723050098485177,0.8848278793029749,0.09877021930503191
0.35142551574281056,0.27038664733749423,0.23254648732046074,0.8481690627760174,0.8825159371015161,0.09875901306795891
0.3516191083396487,0.2674331991588585,0.23104568455293245,0.8733818483811504,0.8747641308966649,0.09876308806325816
0.3527507225794202,0.26854002325522436,0.23220980924416168,0.8659274080264616,0.8763790905226188,0.09879857817177493
0.3520000789207609,0.2707240454778844,0.23479980524105887,0.8728102320865401,0.877008074798141,0.09877107195350485
0.3521929862894493,0.27023340222459036,0.2358686775112697,0.8905986373255235,0.8855588610284713,0.09877513033876893
0.3379595382345624,0.2739496681766197,0.23922543391699777,0.8611287299353052,0.8779600509986949,0.10012209899556519
0.3530518384241197,0.2707685899207551,0.23385414912109026,0.8569580554356224,0.884538886527821,0.0987983345579255
0.3527659512274961,0.27082208830799026,0.23554281839242242,0.8648039109911432,0.8908797280067802,0.09878712832085251
0.3529587788093451,0.2716701616490906,0.23503648100217187,0.8563543936842732,0.875172120697016,0.098791192242795
0.3540897769695608,0.2726297069489152,0.2354755363407408,0.8654683677787578,0.8844368890777332,0.09882664913124138
0.3533383420131888,0.2704810660371634,0.2358507359259374,0.8732979424950436,0.875138121546911,0.0987991429129713
0.3535305328647702,0.2705488463947626,0.2359496824631561,0.8767735045781124,0.8754271143220649,0.0988031736148434
0.33929640114618076,0.2720651042582049,0.2360515285163858,0.849848848291447,0.8835869103272671,0.10015015888167486
0.35438799889866246,0.27145787735949756,0.23501299934922462,0.8594790044084144,0.8882957926051631,0.09882639444403517
0.3541013435581539,0.26802359092574957,0.23269662027544336,0.8783568757577789,0.8833319167019908,0.0988151660602486
0.35429353941596853,0.2710456687278737,0.23577237152565492,0.8635603328391239,0.8821589460263795,0.0988192078354775
0.35542386204761156,0.2696189270650097,0.23422090690928987,0.8675434600126906,0.8855078623034842,0.09885466472392387
0.3546717140159177,0.26885397450535986,0.23410217283532425,0.8646172769803984,0.8849468763280584,0.09882713635894022
0.35486320399487115,0.2711407292937623,0.23372591747216032,0.8747771163036047,0.87593710157239,0.09883115598745551
0.3406283889254693,0.2705791106551974,0.23419373114014236,0.8582864130797561,0.8801359965999609,0.10017813018093019
0.35571930426580733,0.27268064681091364,0.2363697382250544,0.8598121659722757,0.8767360815978691,0.09885433252322012
0.3554320071887984,0.27286074839312635,0.23818743153213479,0.8783160545315989,0.8813939651507781,0.09884311521279032
0.35562340549110827,0.27170383727650765,0.23649374897548586,0.8729694269267689,0.889587760305858,0.09884714591466244
0.35675300878963867,0.2689390173096122,0.23365757964251133,0.8495373680403233,0.8883467913301502,0.09888259172975201
0.3560001739653478,0.27132509329677473,0.23439901023360932,0.8665671655896761,0.8817679558010241,0.09885505229141157
0.3561909902930642,0.2710051739423484,0.2362277836759196,0.885310938416852,0.8801359965999609,0.09885903869985653
0.34195543211094304,0.2724545078657934,0.23797159687236508,0.8611392529167621,0.8865618359540122,0.1002060018199744
0.3570456412595302,0.26857987975038666,0.2327770962316606,0.8535734675054503,0.8833319167019908,0.09888220416226433
0.3567576376778807,0.27217572337518364,0.23741196372178686,0.8586445915429299,0.8847428814278828,0.09887097577847775
0.35694837828632275,0.2737263005201906,0.23861962320723035,0.8760329249397321,0.8875478113046711,0.09887498433363627
0.35807729823404033,0.27255958440538997,0.23535495410198953,0.8660935520053885,0.871568210794635,0.09891040800201228
0.35732378881984417,0.2716712272542905,0.23579902272587527,0.861621205467487,0.8827199320016916,0.09888286856367182
0.3575138648508487,0.27057506099785206,0.23545310825238996,0.8749890451792097,0.8782660433488445,0.09888686604547355
0.3432776358334966,0.270229352567245,0.23391008764639287,0.8490041109913258,0.889247768805717,0.10023382916559144
0.3583671847850991,0.2709668085792948,0.2355932146367391,0.8468062374039416,0.8794730131746746,0.09890999828781098
0.35807847907926327,0.27176713887399645,0.2348341036380869,0.8594489444198756,0.8886017849553127,0.09889874775731082
0.35826849816436557,0.27204592336460626,0.23606182069153941,0.8428196158063441,0.8883467913301502,0.09890275631246935
0.35939669533718543,0.2712187366005957,0.2332562578527636,0.8636173951951749,0.87593710157239,0.09893816890748856
0.3586424844245819,0.27221089192263753,0.2360132703986374,0.8563628120694389,0.8946876328091093,0.09891059624907773
0.35883191214840515,0.27018970883553706,0.23453647827972554,0.8768115461488133,0.8875478113046711,0.09891460480423624
0.34459502074384174,0.2734993087333248,0.2364014004972205,0.8508826815828805,0.8938716532086346,0.10026153470428377
0.3596838434787606,0.2709621188436582,0.23653359186687084,0.8537960781999681,0.8797790055248242,0.09893771489986011
0.35939444065497117,0.26996868515296213,0.23385362455216308,0.851366103380073,0.8815979600509536,0.09892644222264636
0.3595838577405486,0.26727419870511804,0.23315256142137725,0.8646044508558302,0.8913897152571053,0.09893045077780488
0.3607114015999535,0.2710765748545279,0.23658926478765335,0.8690435209467093,0.8854058648533965,0.0989658522994673
0.35995645758709705,0.2719728167689356,0.23643016104000458,0.865383747124099,0.885677858053441,0.09893827964105648
0.36014517536449375,0.27290167049348857,0.24016501876031124,0.8754853328103349,0.8823629409264413,0.09894225497614462
0.3459076613096941,0.2702118755692093,0.23564704160610697,0.8754260864392642,0.8875478113046711,0.10028917380283534
0.36099575814081986,0.2719798504784264,0.23600693794420416,0.8530133272170324,0.8915937101571672,0.09896533185169809
0.36070573767302694,0.27276824635247454,0.23617342992425355,0.8607282609994842,0.8854568635783835,0.09895405917448437
0.3608944382414978,0.27194745321966357,0.23550033716280452,0.8520115393823375,0.8763790905226188,0.0989580566562861
0.36202125932600504,0.26989984097809117,0.23512883169380824,0.8504894794606694,0.8794730131746746,0.09899343603123494
0.36126570987183726,0.2693840469389793,0.2325646945103131,0.8510587926121682,0.886425839353933,0.0989658633728241
0.3614537408566365,0.2684360123208277,0.23309873445200938,0.8812650307388201,0.883892902677303,0.09896981656119866
0.34721549057268764,0.2720480545750061,0.2338290849078775,0.8518960645518598,0.8850998725031332,0.10031673538788938
0.36230297414026325,0.27105462088431004,0.23611036877107044,0.8554320245775551,0.8903697407563413,0.09899287129003857
0.36201220586640703,0.2731333502280628,0.2371634110118837,0.8610701189140586,0.8824139396514283,0.09898160968618161
0.36220024310899746,0.2694528911138503,0.23421431106370758,0.8431515860892858,0.8847938801528699,0.09898557394791295
0.3633264068125266,0.27218169147947446,0.23658240555092197,0.8761081344751258,0.8815469613258529,0.09902095332286182
0.3625701818297862,0.2719182527765005,0.23753782042363297,0.8674842136416201,0.889247768805717,0.0989933585177374
0.3627575807776613,0.2722665197323443,0.23650087381673737,0.883803848925407,0.8837399065022282,0.09899732277946874
0.34851863525309623,0.2732367228720964,0.23667343486007086,0.844701521984474,0.8829239269017535,0.10034420838608908
0.36360544892411095,0.2720544482062056,0.23841381733146516,0.8535076690893217,0.8895537611559803,0.09902036643495186
0.3633140298399571,0.2707792477606825,0.2355963797572702,0.8531423429406302,0.8826689332765909,0.09900904946431095
0.363501431916728,0.2737991925644787,0.2381307028333849,0.861396053373674,0.8816489587760543,0.0990130247993991
0.36462691007921766,0.2710002714432575,0.23575759506085373,0.8610733353725415,0.8895027624308796,0.09904840417434793
0.3638699688922604,0.2739443401506201,0.23831856712381777,0.8498263330820659,0.8854568635783835,0.09902077614915314
0.3640567254778557,0.2678986916263349,0.23198500600509683,0.8626772362933899,0.8882957926051631,0.09902472933752769
0.34981708846734927,0.2739390112306564,0.23647738995041914,0.8619340358369865,0.8902167445812665,0.10037161494414805
0.36490325257962475,0.2722650286002357,0.23639638721190373,0.8415036474837743,0.8886527836804134,0.09904773977294044
0.36461116391179926,0.27327785773591295,0.23936765185728165,0.8601145130696821,0.8888057798554883,0.09903643387565632
0.36479787450262924,0.2698252432503119,0.2330554630489442,0.8517427864068654,0.8826689332765909,0.09904038706403089
0.365922716247741,0.2721058135951127,0.2367011396248876,0.8542266071243287,0.8908797280067802,0.09907574429226614
0.3651652162400181,0.27282962950301787,0.2375016738618193,0.8544147500909045,0.8854058648533965,0.09904811626707134
0.36535120405595034,0.2712159670998328,0.23432143600677413,0.861634508104423,0.8825159371015161,0.0990520694554459
0.3511109484627708,0.272814283715382,0.23630430212478742,0.8524212605999681,0.8935656608583713,0.10039893291535266
0.36619641357975485,0.27286437073563485,0.23765840266238428,0.85378305352858,0.8903697407563413,0.09907506881750186
0.3659037053905885,0.27449082397707536,0.2373394027802684,0.8467544166839371,0.8902677433063673,0.09906372970014736
0.3660897557844338,0.27177374526865034,0.23740826960558656,0.850817002294844,0.889247768805717,0.09906768288852193
0.3672138997858134,0.2707063539284662,0.23518424122344167,0.848317774344153,0.8843178920526498,0.09910302904340038
0.3664556644876096,0.2735922363008853,0.23594123845278814,0.8513352889136181,0.8909817254568679,0.09907537887149201
0.3666410922312182,0.27484292782681014,0.2391818969094125,0.8521673192172634,0.884589885252808,0.09907933205986659
0.3524001801957293,0.27233792064452383,0.2374528601777682,0.8715579575838075,0.8921886952824707,0.10042618444641654
0.3679594586761321,0.27233685503932387,0.238062628394885,0.8538388848943477,0.8911177220569471,0.09911741333387256
0.368120998552921,0.26917517401636865,0.23326575321435694,0.8624287350935516,0.8874798130045747,0.09912229668421758
0.3678467236267666,0.2632493077410246,0.18916381366833618,0.8620392656515552,0.8552486187845716,0.09910988345125432
0.3675491062003067,0.25114841666979854,0.16664331486481812,0.8482183023873628,0.8705482362940984,0.09909843360033192
0.3677342898900542,0.23444993262907798,0.14534445962472647,0.869735694870388,0.871568210794635,0.09910234249527933
0.35349237160172065,0.22222968841167579,0.12882690407343042,0.8680974056403261,0.8673693157670641,0.10044934990882437
0.36904585849625304,0.20092381176706345,0.11173890305421735,0.4682210129485487,0.7436974075646958,0.0991398590280889
0.36825670501556695,0.20104551067502197,0.11104998026337079,0.48497471129009107,0.7399575010623494,0.8767423548202619
0.3667641116477345,0.2028744449958018,0.11343178879730598,0.4621537398060602,0.7398215044622702,0.8770396190833298
0.3652333163412087,0.2007098182181229,0.11160248193258451,0.4685534597438581,0.747811304717402,0.8773482889038929
0.3638280789242492,0.19938175946365588,0.11147240211886889,0.4636325165209818,0.7335656608584031,0.8776237386540814
0.36235147577769666,0.20013988928934112,0.11272756054598904,0.4706809286288911,0.7543391415214273,0.877918566778655
0.36085941119323195,0.197438794658915,0.10994653956486983,0.4672339175785294,0.73200169995755,0.8782146683392595
0.35916946116708015,0.1991713918330802,0.1103388905619514,0.479688481627887,0.7342796430089038,0.8785223969244954
0.35792388847973955,0.19849723563059102,0.109271071856337,0.45998243178318443,0.7326816829579457,0.878720942211767
0.35644421338342713,0.19720029397830438,0.10957133776630229,0.4695413890105211,0.7299277518061444,0.8789766260200826
0.3549556375176244,0.19748504657320498,0.10877027453370136,0.4743139383401731,0.7320526986824234,0.8792352442679481
0.35304505091076077,0.19631172585167872,0.10955234704311559,0.48104975833476726,0.715784105397347,0.8794608639125748
0.3510775606429428,0.19822058413830929,0.11124206545230211,0.4763449134707147,0.7144921376964248,0.8796872033253932
0.34961039017814244,0.19548496282664868,0.10848848141810855,0.47990751847964597,0.7053123671907997,0.8799430532340607
0.3481432150199981,0.194031366482404,0.10664386687954572,0.4854648042604335,0.7257118572035779,0.8801989474361555
0.34667595538167095,0.193212915535519,0.105888987846247,0.4748392932257375,0.7190820229493511,0.8804545869510441
0.345208650374357,0.19321185171824728,0.10726341155637298,0.468478885558288,0.7051933701656026,0.8807104922264954
0.343741317206983,0.19126696846656088,0.1066235569872426,0.4811904883207416,0.7041903952400617,0.8809662203282385
0.342273953063541,0.19011005734994216,0.10466548947792198,0.47536194787455033,0.7118912027199258,0.8812218598431268
0.3408065432382221,0.19070151114617678,0.10432274897845181,0.48684279860955293,0.6909137271568397,0.8814776543850105
0.33933909743060386,0.19289512739149256,0.10671643446117715,0.4780648054437726,0.7140671483211918,0.8817334932203211
0.3378715827872809,0.19110881906663785,0.10670059557829562,0.48113163904331113,0.704972375690545,0.8819893099089184
0.336404115077392,0.18946659451065284,0.10465942484137986,0.49453767916319036,0.7007904802379699,0.8822449272770936
0.3349365359788181,0.19044297673022192,0.10547183381373074,0.47765166922083924,0.6940586485336553,0.8825007218189772
0.33346891683037994,0.18825639955818152,0.10411772442264991,0.4818063011374707,0.6847768805779424,0.8827564056272926
0.33200124574227363,0.18675611683309717,0.1020849976961021,0.46393700792404324,0.700178495537557,0.8830119787020405
0.33053363410318504,0.18587777029192115,0.10202695204160678,0.49247839125612525,0.6876328091797177,0.8832677068037834
0.3290658832282394,0.1851968020830365,0.09994514381311675,0.4880421802394532,0.6818529536761844,0.883523346318672
0.32759809167764997,0.18397829326449192,0.10144963848347432,0.4930079950436361,0.7036804079897365,0.8837790301269877
0.3261302954337171,0.18582363897810755,0.10224885133791856,0.4836234810522997,0.6814789630258247,0.8840346032017353
0.32466246477193206,0.1862243422918429,0.10280558497248579,0.4880923728755342,0.685031874203105,0.8842902870100512
0.32319459030560793,0.18325192061927828,0.0998166354928117,0.4804776258184251,0.6943476413089229,0.8845459708183668
0.3217267077041548,0.18463667994036476,0.10256257454356857,0.504878513767455,0.6787080322991415,0.8848015438931146
0.3202587224749238,0.18075095773055272,0.09876017138043125,0.5036420833009536,0.685082872928092,0.8850570616010784
0.3187907259816689,0.18215660899251357,0.10132325499933001,0.49887803177519485,0.6857968550785927,0.8853126900426102
0.31732271071503915,0.18192812249768275,0.10038498489839098,0.4898307694122106,0.6772630684232581,0.88556815238379
0.3158546528954296,0.18026500957667976,0.09952719296704018,0.49168976328731895,0.6923926901827144,0.8858238361921059
0.31438656941887544,0.1815429830988221,0.09997943999677378,0.4770686960481283,0.6645643858903441,0.8860791877997177
0.31291837079896023,0.17721457880935354,0.09793009085401014,0.4996303653853156,0.6654313642159195,0.8863347608744654
0.3114502116031308,0.17787957366780846,0.09952059712145789,0.4892144800831133,0.6589375265617718,0.8865903339492133
0.3099820023449702,0.17700485483292544,0.09701054587173769,0.5004129178214316,0.6607734806630106,0.8868457962903932
0.30851373238623436,0.1783759704740109,0.09866886982664921,0.49846112316268254,0.6608244793879976,0.8871012586315731
0.30704545241503256,0.17609987710139224,0.09647809734379098,0.5166903420512992,0.6712452188694442,0.88735676526618
0.30557711174325464,0.17915094079529692,0.09896253989103218,0.4980106998469642,0.6472928176794994,0.8876122940475007
0.3041087616847893,0.17780219928755356,0.0979321935564609,0.49060160758594984,0.6651253718656562,0.8878677563886804
0.3026403565577609,0.1770346953543797,0.09745382653554716,0.5047571222417429,0.6510327241818459,0.8881232187298606
0.30117188822704,0.17440415237024393,0.09668706169997426,0.5039735373621634,0.6536336591583449,0.8883785703374724
0.29970335481528876,0.17278686404869403,0.0948965552288964,0.487243386673466,0.6364640883977017,0.8886339883852252
0.2982348702143107,0.17205452151126133,0.09500551948326463,0.5041412300062857,0.6494177645557784,0.8888893842862642
0.2967663524470381,0.1734951160417244,0.09526331080372502,0.49988788061077916,0.6323501912451093,0.8891447358938762
0.2952977276715343,0.17228427743510547,0.0937284708169468,0.49287488925554745,0.6417679558011287,0.889400198235056
0.29382908161954013,0.17117618033386986,0.09435670297495213,0.49596110102471225,0.6647683807904059,0.8896554391091002
0.29236042805819595,0.17193110798017075,0.09506066783511993,0.49965554112208443,0.6407139821503733,0.8899109457437071
0.29089174320789546,0.17088695791849973,0.09427306189820378,0.5092413418794768,0.6322141946450301,0.8901663637914599
0.2894229738774112,0.16962624326715417,0.09376038762677799,0.5140959704644927,0.6384190395239102,0.8904215603720766
0.28795416230683646,0.16949559220275937,0.094441928825337,0.501143252443903,0.6242243943901258,0.8906769562731158
0.2864853069317217,0.16716109436795829,0.09131578575755078,0.49095152650141416,0.6383680407989232,0.8909323078807277
0.2850164969255946,0.1665788019157579,0.09080020311662998,0.4916132036335499,0.6289502762430175,0.8911875487547718
0.28354760869707585,0.16642682801979553,0.09193530830066801,0.4987319013157183,0.6322481937951352,0.8914427896288158
0.28207868135736147,0.1635130235728677,0.08922711607895836,0.506928311136527,0.6251423714406883,0.8916980969430007
0.2806096351196117,0.16579082620483385,0.09138385576930866,0.49472784730733,0.5963790905227597,0.8919533821104718
0.27914063425084956,0.16238532362698113,0.08911972331800072,0.4960477468569344,0.6327921801954517,0.8922087337180838
0.27767164902656516,0.16525265982030823,0.09043609030677632,0.5079426074208782,0.6229154271143216,0.8924639745921279
0.27620253551755836,0.1634725269994142,0.09107857878739758,0.5220727080837186,0.6292562685932808,0.892719160099388
0.2747334173152085,0.16355586948395998,0.09027145091825456,0.5177711515203307,0.6058648533786481,0.892974345606648
0.27326424279273676,0.15985771882032931,0.08807855359923561,0.5221483147127524,0.6176455588609997,0.8932295864806921
0.27179500725679917,0.16135884723544644,0.08819491051274642,0.5178156657173614,0.6177645558860831,0.8934847166211681
0.2703258123965053,0.16034665639013224,0.08753711878502574,0.516202393386612,0.6180025499361363,0.8937399574952123
0.2688565189759986,0.15736997050883975,0.08671046898365589,0.5015545620360928,0.597739056523551,0.8939951983692562
0.26738724432886585,0.1605740808556195,0.08826773041867195,0.5016339013453415,0.6092647683808536,0.8942503285097323
0.2659178930237891,0.15863686066414598,0.0875141661277477,0.5222311484460318,0.6030599235018599,0.8945054586502086
0.2644484979141728,0.15909254992136873,0.08822076268603549,0.5167297337403756,0.602855928601798,0.8947605887906847
0.26297907902494977,0.1584493069972465,0.08821469804949333,0.5124116580815683,0.617594560135899,0.8950157189311607
0.26150958379067335,0.15685290167693006,0.08637985775726995,0.5069543604793032,0.5902252443688667,0.8952708490716369
0.26004010732976957,0.15646712041184999,0.08570993675646504,0.5173653615297351,0.5820654483637782,0.895525979212113
0.25857059645101366,0.15580810796111144,0.08558539037025137,0.499542170887898,0.5892732681683128,0.8957811093525893
0.2571010667988851,0.15481807848568493,0.08476057766681214,0.5249173280823789,0.5955631109221713,0.8960362948598493
0.25563142607095957,0.15580852991216373,0.08626403205279934,0.5200648835123822,0.587675308117241,0.8962912588999734
0.25416179347816215,0.1519782334761733,0.08326214763299669,0.5041003293613777,0.5627879303016243,0.8965462783068817
0.2526921292835196,0.15284315088873085,0.08348589730746514,0.517119322310464,0.5826944326390731,0.8968014084473579
0.25122242754212865,0.1513123911397574,0.08273127945194456,0.5187968443921465,0.5609859753506043,0.897056317120698
0.24975262411162902,0.1509438705334023,0.08431440634047566,0.5242380199926324,0.5708457288567388,0.8973114472611743
0.24828288638793738,0.15143153509833554,0.08305028376080242,0.5397104957050947,0.5594560135996289,0.8975664666680824
0.24681309390857287,0.1521730354039461,0.0840455370981564,0.5106828712109772,0.5835104122396615,0.8978214307082067
0.2453431887889641,0.14813812846614466,0.08285185505058282,0.5231648744308506,0.5831534211644112,0.898076505481899
0.2438733399894768,0.1470451679649469,0.08232573676369834,0.5041428183808452,0.5450573735655553,0.8983314141552391
0.24240336415682684,0.14684097583833183,0.07993363605460951,0.51902727783137,0.5415554611134894,0.8985863228285794
0.24093339082729237,0.14603211891410256,0.08129063168147538,0.5231174217408849,0.5756056098597355,0.8988413422354877
0.2394634462835974,0.14692644953327746,0.08092467292020705,0.5185297592099616,0.5298767530811119,0.8990963616423959
0.23799343478153645,0.145672772167279,0.07922544586920119,0.5237920044163167,0.560203994900121,0.8993512703157361
0.23652332565793044,0.14225574639225597,0.07999273306033025,0.53008454878071,0.5705397365064755,0.8996061789890765
0.2350532346819194,0.14566104335836708,0.08017109977579878,0.5322881802258725,0.5403484912876593,0.8998610876624168
0.23358309489513562,0.1448359860168282,0.08049696110801705,0.526797804723405,0.531321716957109,0.9001159963357571
0.23211288314375222,0.1428740566577994,0.0800191164426595,0.5277890298672792,0.5330386740330368,0.9003709493025245
0.23064268390795073,0.14208524062062708,0.0790476015092888,0.5133896202978703,0.5282277943050531,0.9006258136824375
0.22917244837696016,0.1400921834318488,0.07757345215535191,0.5368641284944191,0.5421164470888016,0.9008807223557779
0.22770211835332033,0.14041381383355084,0.07912069587321846,0.5207711145509126,0.5289417764555537,0.9011355202955504
0.22623180147104227,0.1408550029931706,0.07774574980753632,0.5452841814532097,0.5397365065872464,0.9013903182353227
0.22476141763039736,0.1395736216799023,0.07838770707911744,0.5423694347177461,0.5429324266892763,0.901645337642231
0.22329104129910204,0.13775108814203477,0.07503015607320004,0.5347791883382176,0.538206544836271,0.9019001355820033
0.22182061740859194,0.13847425145615133,0.0773156608348915,0.521801810802591,0.5077773055672878,0.9021549335217757
0.22035017224159192,0.13590360406630655,0.07588741679551067,0.5328248919895371,0.5355716107096669,0.902409731461548
0.21887964134285065,0.13466079730368988,0.07511882371549117,0.5225221783747014,0.5112622184444717,0.9026644186677525
0.21740913422371655,0.13450521179278815,0.07499031539518611,0.5324855754742581,0.5005184870377661,0.9029193273410928
0.21593852510258316,0.13389797774236806,0.07399584780453736,0.5347785926977577,0.5102422439438214,0.9031741252808654
0.2144679754304688,0.13404290720127057,0.07383068606045945,0.5198354428072582,0.5121291967700472,0.9034288124870697
0.212997281829153,0.13552847885322575,0.07646869228773451,0.5583194155321669,0.5134891627708384,0.9036875968352869
0.21152657884115023,0.1342952732649775,0.07434281584261904,0.5299719727338035,0.49115172120696116,0.9039550626952289
0.2100558896202882,0.13335234675765842,0.07425443593855807,0.5346169755863257,0.5175860603484352,0.9042223292347484
0.2085851465824211,0.13215877059769263,0.07479348031208707,0.5521735178489819,0.4798470038249434,0.904489861534831
0.20711437288137624,0.13000288678885205,0.07268317714533307,0.5378140956091093,0.4758181045473293,0.9047571723677779
0.20564347903073887,0.12998178923623607,0.07172669985454169,0.5452203685052803,0.5107522311941466,0.9050244832007246
0.2041726540158053,0.12901435917310328,0.07291220349626737,0.5227125847750249,0.49834254143650014,0.9052918383270985
0.2027017851963322,0.13172610985552863,0.07466499412549202,0.5334320481649171,0.47524011899702145,0.905559060573191
0.20123082250999014,0.12898387499750139,0.07339215086407566,0.5344700509395695,0.4935826604333897,0.905826360332781
0.1997598817259174,0.12996921294936314,0.0740897832698103,0.5412901342045464,0.4812239694007303,0.9060936600923709
0.1982888595905563,0.12760509629620306,0.07284834774289498,0.5412199280490151,0.47286017849557993,0.9063609266318906
0.19681783119740537,0.12736871431049498,0.0722697172290171,0.551195515923316,0.503306417339445,0.9066282374648373
0.19534671206627952,0.12494576766824378,0.07052853573069151,0.5300252229909119,0.4342541436463989,0.9068955482977842
0.19387561796631925,0.12400220644641805,0.07045941215433729,0.5525258987450135,0.4676583085422408,0.907162859130731
0.1924044894485064,0.12304309024935844,0.06925438658038474,0.5400910305401938,0.45133871653195,0.9074311665657888
0.19093332338394609,0.12433875532091901,0.07230217631474348,0.5805754021853731,0.4331831704206479,0.907746314300075
0.17503531441386633,0.12256161906766769,0.06898103526178889,0.5381386005316211,0.438351041223882,0.9118184305265805
0.18846354961819323,0.12472432203461653,0.07035413316268538,0.5415907340899371,0.45082872928173856,0.908558877221435
0.18651343723688063,0.11851051350048486,0.06866889682977542,0.5413076063247011,0.4667233319165689,0.9089778266022847
0.18504207718078902,0.11881039196785423,0.06808023753189302,0.5374304237342551,0.42706332341685993,0.9094250351896662
0.18450872312315303,0.12030491398831747,0.06792614264281896,0.538826763809537,0.4384190395239784,0.9099314751625254
0.18209349351813575,0.12052849440820099,0.06830821474497295,0.564778818644039,0.4421589460263249,0.9103189872834437
0.1806217079322341,0.11746591645676688,0.06753853711316304,0.5590761171723264,0.42124946876322156,0.9107662401642524
0.16472333913915227,0.11957064764015474,0.06782614254100391,0.5690598851756088,0.4212834679132129,0.9149507509621919
0.1781513791003908,0.11741774967138777,0.06574090358746268,0.5470279387540244,0.44134296642585014,0.9116884293178484
0.1762010007629473,0.1153895328747965,0.06573377653284018,0.5461179986782343,0.4326391840203314,0.9121075005056227
0.17472944984422023,0.11482897984143153,0.06633114323223965,0.5633270045872654,0.43592010199745346,0.9125545872860794
0.1741958223211033,0.11541957900799238,0.06598364398511783,0.557159425591343,0.41631959201015434,0.9130609718921547
0.17178043439396573,0.11577957834860447,0.06695199379795738,0.5205032351814483,0.39762005949842205,0.9134484286462892
0.17030836720745413,0.11354290700459846,0.06507731282772,0.5454699418579463,0.41074373140668285,0.9138544443464063
0.15440969835327856,0.11225555401118292,0.0649609559142092,0.5543984732226059,0.44681682957923385,0.9179859580587415
0.1678375596545747,0.11219310167958332,0.06419180949143949,0.5344209701656799,0.4074798130046702,0.914665279824107
0.16588691848989567,0.11285191745822123,0.06471609068039333,0.5398406232908841,0.3998300042497931,0.9150287073940041
0.16441514854847217,0.1110355612122425,0.06405013161367978,0.5484103011331822,0.36464088397781325,0.9154199955295884
0.16388117184059947,0.10967744380908234,0.06354695491721837,0.5381715195943675,0.40424989375253517,0.9158706147108615
0.16146558554147683,0.1078549084832866,0.062123192954114115,0.5659103369708833,0.3999490012749902,0.9162023724803349
0.15999324926993808,0.1087714004723492,0.06448417366693202,0.561815110262778,0.3931661708456886,0.9165940371100502
0.14409443335766658,0.10945876946414615,0.06292399058219492,0.5297716389924829,0.37336166595832765,0.9207281641345882
0.15752199428497926,0.10557113417117317,0.06208598618759106,0.5335280654070407,0.3760985975350195,0.9174046732673287
0.1555711434842908,0.10559947998466246,0.06249180776058336,0.5384239123118764,0.40101997450062754,0.917767868296733
0.15409908881336243,0.1071519755766149,0.06294615749276769,0.5405142132322163,0.38810029749254227,0.9181593668260964
0.1535648949601307,0.10462991513527342,0.061833750428342604,0.5528017994060037,0.3559371015724082,0.9186098309803746
0.15114905334312168,0.10360153460021876,0.06088835327278111,0.5503274692265334,0.35775605609865124,0.9189416994834159
0.14967653559563487,0.10305441069547225,0.06067093383937486,0.5692912716395684,0.35359116022095805,0.9193330319124273
0.13377742275116544,0.10363158073341461,0.06112266072692327,0.553788537391747,0.3760305992349231,0.9234699272761633
0.14720481440522182,0.10081624643142945,0.059403114930130285,0.545271871550373,0.3672248193794303,0.9201434908959972
0.14525369139061128,0.10188129737361576,0.06043558610086233,0.5649762138924244,0.35342116447088756,0.9205066305586176
0.14378140831029906,0.1000370136893437,0.06114007995669937,0.5614125764400295,0.3633319167021227,0.9208981401613379
0.14324699042813815,0.09890099093774296,0.0597165725312602,0.5572596520260491,0.3519252018699035,0.9213486043156158
0.14083094105245797,0.09946645004605528,0.05968122499637782,0.5381047681535032,0.3348576285592344,0.9216802513515212
0.139358163606631,0.09667136403079685,0.05742290043057591,0.5602313816988358,0.316770080747915,0.9220716945141008
0.12345874538194401,0.0980648573810807,0.058383857584272864,0.5523605092440025,0.33149171270713396,0.9262112474834666
0.13688595743739018,0.09632948534236807,0.05789915146881289,0.5649297142271941,0.33713557161070185,0.9228821534976704
0.1349345778533353,0.09676129681864284,0.05900074621589918,0.5641232170445933,0.33257968550776695,0.9232450273997279
0.13346209452370106,0.0960820271415366,0.05754030869531207,0.5463788891996368,0.314594135146649,0.9236363598287395
0.13292737939645205,0.09264646949084707,0.056490429361658934,0.5638318297316478,0.33905652358680527,0.9240868239830176
0.130511110998075,0.09418126995752493,0.05749572033650144,0.5672296011706639,0.34818529536755705,0.9244185374590638
0.1290380707250125,0.09076744636188622,0.05564609472599283,0.5576476919309421,0.29387165320861186,0.9248098588147186
0.11313840656912788,0.09303225075592711,0.056502049559413015,0.5517460068362849,0.31109222269435577,0.9289520583163577
0.1265654358970667,0.09119138201449375,0.05539016263717311,0.5590478441051667,0.2803229919252317,0.9256202624315043
0.12461380600135863,0.09048311929389424,0.0557540186959907,0.5441593342995152,0.31185720356995716,0.9259830809667777
0.12314109739123635,0.09155989189327976,0.05653608013854994,0.5594848853652212,0.2694942626433203,0.9263743580290054
0.12260609315402826,0.08877589103278566,0.0548220788361139,0.5602597738940873,0.2586995325116277,0.9268247114497157
0.12018961011340856,0.09058393341269116,0.05549121630358453,0.5484530284088334,0.30725031874203523,0.9271562920454802
0.11871637271991986,0.08590065934858127,0.05332734513186976,0.5598121699432121,0.267675308117191,0.9275474694474968
0.10281645762660263,0.08934731288160425,0.05480149448580668,0.5595207032115388,0.27828304292381745,0.9316925590952584
0.11624324665535513,0.0858446006481812,0.05207904815485204,0.5567627290451007,0.27547811304714287,0.9283578176974986
0.11429143528369856,0.08677665476419036,0.05404793019488244,0.5743164122335498,0.28151296217595245,0.928720691599556
0.11281842629959327,0.08332595693760655,0.05361098862561922,0.5710665978847538,0.2821079473013697,0.9291119132949996
0.11228318238897694,0.08346662755156575,0.052133939755671294,0.5867415516441921,0.25210369740750593,0.929562155982142
0.10986656668318151,0.08214453690138959,0.05091650823725938,0.5718690050028636,0.26337441563953234,0.9298936922844794
0.10839306646245728,0.08037229599551649,0.05099407582398158,0.5775274702430933,0.23316617084572044,0.930284869686496
0.09249287665210071,0.08119948275952701,0.052459526629885456,0.5740712466202866,0.23996600085001774,0.9344324397661788
0.10591942413010713,0.07871920619993422,0.05016346408852032,0.5680600033903855,0.24518487037823888,0.9310950407627892
0.10396740312244201,0.07909390231024999,0.05036372989667054,0.5709045836796818,0.24921376965585296,0.9314578039312787
0.10249417073518652,0.07859046464284403,0.05151941943101579,0.5615172900328664,0.25217169570760234,0.9318489148931544
0.10195867557424876,0.07718482410845232,0.05027824950862056,0.5665371889908013,0.2467998300041927,0.9322991575802967
0.099541826139947,0.07720422312928985,0.04996769142350166,0.555227842998864,0.24768380790465017,0.9326305831490663
0.09806809438094355,0.07622122021164138,0.04988958156088427,0.5711783400350166,0.21909052273690577,0.9330218048445099
0.0821676727194185,0.07604538820194107,0.04820277152119279,0.5556626208251709,0.24081597960048384,0.9371719217962549
0.09559396394087116,0.075199240459499,0.04774551120614243,0.5706581076574069,0.24178495537614708,0.9338315994266722
0.09364173799053965,0.07209573683184634,0.04671806438758214,0.5694855695575627,0.2394560135996926,0.9341943183017346
0.092168295654385,0.07454723668725657,0.04954868922619973,0.5679555280537325,0.2272503187419943,0.9345769470723079
0.09163258491253634,0.07401695506603911,0.04847875675127955,0.5555194288586296,0.20217594560131147,0.9350053752465709
0.0892154660803186,0.07106671264264408,0.04845421932036495,0.5777027473757372,0.1954271143221149,0.9352566297121702
0.08774152280796832,0.07222554041828011,0.04809431634215472,0.5732116183086695,0.1693157671057861,0.9355674588373074
0.07184086116014621,0.07403912537556775,0.049238916887786116,0.5647977600106613,0.18447938801523378,0.93964017302508
0.0852669477518222,0.07005386920354131,0.04668929056457205,0.5799095952793827,0.1901062473436923,0.9362167561861339
0.08331447774762868,0.06917894654484491,0.045930192846145884,0.5739759838560787,0.2532936676582267,0.936499281811312
0.08184075381086497,0.06842379719544872,0.04545181697174813,0.579237276037698,0.17458563535910798,0.9368101109364494
0.08130484907748503,0.06786176196961605,0.04623968851318441,0.5700309776719408,0.19248618784524751,0.9371801160802806
0.07888752968305468,0.06623998594831482,0.04333913221779728,0.5666368197850475,0.1549511262218175,0.9374311047853165
0.0774133457986288,0.06549080827906587,0.04387370558190476,0.5743836798961459,0.15925201869947614,0.9377420446440219
0.07593955271327024,0.13732565956939038,0.09652268348923065,0.5780625936321984,0.025159371015661236,0.9380527630355915
0.07446573803853207,0.18091252207331443,0.13360188458801883,0.5770490121163991,0.2016149596259993,0.9383634814271609
0.07299187330146317,0.2034326504794562,0.14792205410390633,0.5672805879940248,0.1738036549085109,0.9386743105522982
0.07151796757586126,0.2356901826543861,0.18239858765681788,0.5751036900839801,0.28358691032724437,0.9389850289438676
0.07004401522971326,0.2738349994022956,0.21451230339898086,0.5283202617387137,0.7188780280492892,0.9392956366018691
0.07055204244141455,0.2666872183052093,0.19389023724990953,0.8640547541301413,0.8871738206544251,0.09545146783447904
0.33759750967489666,0.2565265189621049,0.1898350604783705,0.4867043320573259,0.7818444538886524,0.09937697281706527
0.3502159309875932,0.2700663024561592,0.23913651395041258,0.8391830322523031,0.8987675308117105,0.8775455053883494
0.3828268998402815,0.27063729699014094,0.24542970318207935,0.8525036178208796,0.8993795155121234,0.09945148543491526
0.38299926444450216,0.2723236404620879,0.2466389485478449,0.8612957078108756,0.9028814279641892,0.09945517286272683
0.3525699637739179,0.27240271516204945,0.2485727364839725,0.8904696613112899,0.8989375265617809,0.09961375440533789
0.32219677202479113,0.27106335848936375,0.24881416435262416,0.8950068532405839,0.895741606459751,0.09986269453936757
0.32254959474763956,0.27228719443994387,0.24518563918856576,0.8901745016087654,0.8905737356565169,0.09986180867082424
0.32269326518841357,0.2744245383274411,0.24481835240469696,0.8907899967505828,0.8925966850828218,0.09986431678613752
0.3224715250462018,0.27155357442782097,0.2392423197243627,0.8851806519936067,0.8923416914576592,0.09986806511741143
0.3228537869225536,0.27151904595865833,0.2397209523497965,0.8662184379551314,0.8980195495112184,0.09986882917903007
0.3516251674460982,0.2750334726975678,0.23944628186208422,0.8363844751158689,0.8935656608583713,0.09964144887067343
0.3839224763984892,0.27346392742241654,0.23921593634203342,0.8359271820801806,0.9031364215894655,0.09947548139908245
0.38409440295731656,0.27319942311424267,0.23839877747551488,0.8542478913434262,0.8932596685082217,0.09947919097360759
0.38426621656301085,0.2723615802982329,0.23779059181866363,0.8256211725881337,0.9001954951125981,0.09948288947477595
0.384437964774786,0.26977472891522214,0.23505838230822454,0.8302854344821902,0.8926476838078088,0.09948656582923074
0.38460966292422993,0.2749522667872064,0.23756367702366404,0.8382159504017339,0.8929876753079498,0.09949024218368552
0.38478129223796964,0.27185580402075726,0.23675945088390304,0.8479020967219246,0.9016574585634771,0.09949394068485388
0.38495284332931856,0.27282110466141846,0.23936237296744478,0.8186971302082358,0.9005014874627477,0.09949762811266544
0.385124244233674,0.27382221213989655,0.23794547688118495,0.8275444956329032,0.8936676583084591,0.099501315540477
0.3852956795558833,0.2737143643116089,0.23710483636171917,0.8307638528995205,0.8937186570335598,0.09950500296828857
0.38546695843330836,0.27174177532472443,0.23796843175183396,0.8337986807516842,0.8927496812578966,0.09950869593277856
0.385638239500961,0.27259986732142505,0.2388708142553664,0.833936631082179,0.8998385040373478,0.09951236675055493
0.385809390093665,0.2735261634147054,0.23710430957942097,0.8114257897308963,0.9057713557160696,0.09951606525172328
0.38598042178833314,0.2733750495122014,0.23977636187942997,0.8254521695349999,0.8980875478112011,0.09951973053282127
0.3861514140589164,0.27141077439139016,0.23751117143678363,0.8134726486070332,0.8932596685082217,0.09952342903398961
0.38632232059775795,0.2741928585928669,0.2385006257421156,0.8209790685191831,0.8931576710581339,0.09952710538844442
0.3864931770742688,0.2746187073286354,0.23950432751657957,0.8279857857949044,0.9044963875902567,0.0995307706695424
0.38666397410176323,0.27387634881749473,0.24234102363185228,0.8112340729215612,0.8954866128345884,0.09953445809735396
0.3868346209422646,0.27531460116203177,0.23952490965351578,0.8229520679783016,0.8963535911601639,0.09953811230509516
0.38700527404055807,0.27602925215004626,0.2412710955836741,0.8216982051010093,0.891831704207334,0.09954178865954993
0.38717578946744213,0.27221259581820045,0.23915762286964698,0.8300894290615444,0.9018784530386483,0.0995454760873615
0.3873462839307251,0.27187988920137507,0.23717528574730287,0.8291530028399741,0.8977135571609551,0.0995491192217459
0.38751666168620025,0.2744192103014415,0.24094893058102712,0.8383454029283355,0.9037484062897647,0.09955279557620068
0.38768702066830096,0.2734792732100524,0.237124360507317,0.824268989325607,0.8968465788353797,0.09955648300401225
0.38785725449457553,0.27363188003259326,0.23796658358704834,0.821619024629217,0.9009774755629678,0.09956012613839664
0.38802740571800554,0.2745102194220565,0.2394185748838965,0.8239320553721667,0.9007054823629232,0.09956380249285145
0.38819743929495676,0.2726780882856769,0.23603306014875533,0.8305172577491535,0.9012664683382354,0.09956746777394941
0.38836743532516094,0.27572190729456464,0.2413270318956057,0.8124378622908641,0.8995835104121852,0.09957112198169062
0.38853737816413947,0.2714291042311714,0.2376752884697492,0.8139837875402898,0.900858478537998,0.09957477618943181
0.3887072021050817,0.27199349058257105,0.2363763362840077,0.81734685299518,0.891032724181855,0.09957845254388659
0.3888770385616076,0.27458183488561855,0.2412499866644397,0.8472246946816495,0.8872078198045301,0.09958210675162778
0.3890467780223674,0.27252697438317286,0.2395417954608807,0.8128949170703688,0.9028474288141979,0.09958575542269058
0.38921637355392713,0.2722345497884184,0.2362739590217378,0.8284187766998319,0.8991415214618428,0.09958941516711019
0.3893859462445488,0.2737710595144438,0.239565542718348,0.837187438165075,0.8981725456862932,0.09959306937485136
0.38955540222736085,0.2727710176411656,0.23785233601610128,0.8274339447635601,0.8989375265617809,0.09959673465594936
0.38972484131413765,0.2741382946004319,0.2396016892801617,0.8224321532756036,0.9008074798128973,0.09960038886369053
0.3898941915402774,0.2715427038244392,0.23606788754145253,0.825812889397469,0.9034934126647158,0.09960402092471816
0.3900634491511057,0.2748331237225924,0.23890326670097978,0.8181350838703465,0.8938716532086346,0.09960767513245936
0.39023261602395953,0.27709195643648604,0.24092069682054124,0.8316106153772052,0.8967955801103926,0.09961131826684376
0.39040170780331707,0.27416301807141263,0.240304071580064,0.8321539586046558,0.9012154696132484,0.09961498354794174
0.39057078080930063,0.2729351333574513,0.24019905597956118,0.8164736440810794,0.9044113897152783,0.09961862668232613
0.3907397536906241,0.27496825265313346,0.2389341387996986,0.8339684779920977,0.9028474288141979,0.09962225874335374
0.39090859828722424,0.27514771415705497,0.23909931161063153,0.8276796265985551,0.8925966850828218,0.09962590187773818
0.39107742723934713,0.2728479593427991,0.23753940519726954,0.8232949186269758,0.8923076923076678,0.09962954501212257
0.39124619799400984,0.27414767228377684,0.23939535662209835,0.8348822301668306,0.9009094772629851,0.09963318814650697
0.39141487050134893,0.27280959487370954,0.23760114718133618,0.8281508576210035,0.9057713557160696,0.09963682020753457
0.391583452270714,0.2741027005260693,0.2405301939882453,0.8282207063922584,0.8994475138121061,0.09964046334191896
0.3917519777199576,0.2750451961426951,0.23960380083609645,0.8410403186247599,0.8934976625583886,0.09964410647630338
0.3919204249468091,0.2735133761523063,0.23772146381556739,0.8243378453627623,0.904105397365015,0.09964772746397421
0.39208877204900006,0.27712605848477595,0.24300303404470042,0.8206220813369287,0.9022184445387893,0.09965137059835862
0.39225705031548586,0.2764973031427594,0.24041462503481076,0.836225756788008,0.9038674033148482,0.09965500265938622
0.3924252785196405,0.27354769007008645,0.2363304243293386,0.8296380924304543,0.8975095622608933,0.09965863472041384
0.39259346792548966,0.27287055160338003,0.23874126122394898,0.8026387031207631,0.8954866128345884,0.09966226678144144
0.3927615209114883,0.27283964726465404,0.2378623625867348,0.8281154765776897,0.9011474713132657,0.09966588776911227
0.392929511319573,0.2726258700550242,0.2384940298965333,0.8094425849652327,0.8946196345091266,0.09966950875678308
0.393097448536432,0.2739567018861105,0.23813809106578548,0.8190356922455995,0.9027284317891144,0.0996731408178107
0.3932653419487515,0.2746408740623077,0.23909245237390014,0.8126547945463318,0.899787505312247,0.09967678395219509
0.39343308830297463,0.27219469329325613,0.2371494269339008,0.8194302841955501,0.9044963875902567,0.0996803938665091
0.39360078772376283,0.27321519621671536,0.23784521117484977,0.8286976158537571,0.8984785380365565,0.09968402592753674
0.3937684433400124,0.2749654813644424,0.23814363113340042,0.8317454683773091,0.8993795155121234,0.09968765245188595
0.393936034501011,0.2713472582425188,0.23573094607400438,0.8148467514384816,0.8940076498087137,0.09969126790287838
0.39410348673904183,0.2762528343578579,0.23931303250109548,0.8144572025777572,0.8932596685082217,0.099694899963906
0.39427089830142936,0.2704235197805111,0.23701354366142113,0.8248461252218118,0.8992775180620356,0.09969850987822002
0.3944382723170694,0.27644231362341565,0.24290408972085273,0.8131324187763822,0.9026264343391404,0.09970213086589085
0.3946055336924652,0.2731320718594085,0.23761117375196972,0.8273559952820511,0.892817679557993,0.09970575185356166
0.39477271684546933,0.27419541533017544,0.23959957993759795,0.8323951135721561,0.8975095622608933,0.0997093506945189
0.39493978735822965,0.275020898198623,0.23865392603100036,0.818698678873431,0.9057713557160696,0.09971297168218973
0.3951069141911119,0.27253997619695447,0.23833017625471684,0.8340720400133788,0.8987335316616054,0.09971659266986053
0.3952738801987574,0.2721041096995498,0.23683016366063583,0.8157890546459223,0.903357416064523,0.09972019151081778
0.395440800524526,0.27357966180194054,0.23941672893248184,0.8477544175972525,0.8976625584359681,0.0997238014251318
0.39560758317888567,0.2741945624884299,0.23689480737408453,0.8296573911813525,0.903357416064523,0.09972741133944583
0.3957743814777235,0.27598065626190205,0.241969518162856,0.8386005753013237,0.9011134721631606,0.09973101018040308
0.3959410399149248,0.27321455613842416,0.2375161847221004,0.8107092342577291,0.8999575010624312,0.09973462009471709
0.3961076723822927,0.2748555023257549,0.24119774336202288,0.8248596264055676,0.9049553761155948,0.09973823000903112
0.3962742047249992,0.2763189054561096,0.24086185877922758,0.8376953606398481,0.8991925201869435,0.09974183992334516
0.3964407101592031,0.2750707724554215,0.23830748477521688,0.8369900429166894,0.9072333191669486,0.09974542769094559
0.3966070985727095,0.27403321806083525,0.2398143566060293,0.8245064513222564,0.9028814279641892,0.09974903760525962
0.3977111300327736,0.2753970854410474,0.2400460212951965,0.812442349448995,0.9042583935400899,0.09978407924282631
0.39693380847103343,0.27381858800945985,0.23926764954209556,0.8281730154461089,0.9022184445387893,0.09975606918682223
0.39709962742552873,0.2751798986523635,0.24023256641651292,0.8381249365394727,0.8925966850828218,0.09975965695442265
0.38283862568966454,0.2747734453615761,0.2383138172296501,0.8215008495619878,0.902167445813916,0.10111458181807365
0.3979044419676714,0.27637197831643606,0.24144101718208918,0.8307913317794002,0.901487462813293,0.09978192547493038
0.3975915023391554,0.27488342440026364,0.2367750175221515,0.8144042302861969,0.9028474288141979,0.09977024308351534
0.39775744019168613,0.2759118138749593,0.24105104223877694,0.8250519388553625,0.8998895027623348,0.0997738308511158
0.39886095131640165,0.2744665269269673,0.23953388044618193,0.822192308717115,0.9001274968125017,0.09980885587864731
0.39808315416252116,0.275752386106382,0.2406399572695448,0.8292122889204085,0.8983255418614817,0.0997808402859648
0.3982484568492324,0.2743949123573694,0.23885894173331826,0.833043408648628,0.900858478537998,0.09978440590685167
0.38398694416470613,0.274637249931871,0.23908163341644834,0.8278730112011774,0.8939736506586087,0.10113966297120638
0.3990522532487266,0.2754782913514088,0.24039668344947848,0.828951001305366,0.8978155546110429,0.09980666335400258
0.398738872445922,0.27591309224361354,0.24089167509997905,0.8021826410753583,0.901521461963398,0.09979499203594434
0.3989042189371723,0.27406454971439814,0.23818901409240034,0.8320202571761075,0.9077773055673788,0.0997985798035448
0.400007284820036,0.27233515114376095,0.2378367693778528,0.8231070933353115,0.9089672758179859,0.0998336159044331
0.3992290108224559,0.2751950316765449,0.24168218055290625,0.8240062721734607,0.8974075648109192,0.09980556709168022
0.3993937731488866,0.27615585534502385,0.2420544784087208,0.8330828003377042,0.9015724606884987,0.09980914932260228
0.38513177485975314,0.27461593603994433,0.23746710764690018,0.8353176036335976,0.903357416064523,0.1011646666108416
0.40019660397117907,0.27656507992450224,0.24136687478699068,0.8193183434984672,0.9028474288141979,0.09983139015971798
0.3998826975139038,0.2738445916370231,0.2397249098571459,0.8119162003761509,0.9041563960900021,0.0998196856215894
0.400047574670805,0.2745558312580553,0.23982174483842986,0.8059665463697958,0.908712282192937,0.09982327338918984
0.40115012522455284,0.27315274567304393,0.23990406674606174,0.8050941316429747,0.9028474288141979,0.09985828734336455
0.4003713984757704,0.27284966502629027,0.2368977113168375,0.8186331187134865,0.9106672333190318,0.09983024960396847
0.4005356686269135,0.2757374667396189,0.24112333757577528,0.8304539610229562,0.9040033999149273,0.09983379307814175
0.38627317315625964,0.2747580995739403,0.23873519216066486,0.8251875463333824,0.9060773480662192,0.10118962595704963
0.4013374659749691,0.2724745424951017,0.2374383471041161,0.8186703660969077,0.8978155546110429,0.09985602837857908
0.40102306202328286,0.26405219656096307,0.1899841376553858,0.8329727656900932,0.877399065023269,0.09984432384045047
0.4011874854903139,0.2508370239448998,0.16428735850417198,0.8199350299212045,0.8957926051848517,0.09984790053469413
0.40228952102783566,0.23887531235552423,0.1478357746889251,0.8102611140851217,0.8940076498087137,0.09988289234215525
0.40151026549568636,0.22132768936850344,0.13009235024896218,0.8094314663433162,0.8986825329366184,0.0998548435294024
0.4016740412813151,0.20632983255802212,0.11727351470964312,0.4533688372109461,0.7436464088397088,0.09985839807693246
0.3864612053926173,0.20248291017781342,0.11442335687194369,0.43926315780695835,0.7534721631958519,0.8866469188024179
0.39988096817327135,0.20171454982703763,0.11290936683999278,0.430216173409522,0.7635019124521705,0.8831497312605268
0.39792213681130795,0.2023130409086194,0.1154004052328163,0.4363323287790799,0.7602719932001492,0.8834130556850286
0.39644213161650255,0.20233797714305457,0.11390989906718363,0.42605792794076747,0.7667998300041745,0.8837045064357808
0.39589972691527464,0.20189401311888733,0.11380726505387764,0.42890850434402594,0.7557161070972143,0.8840551996453676
0.3934761325205951,0.198703340840367,0.1120410171289683,0.44584272145425863,0.7516022099446218,0.8842869096362297
0.39199559541352746,0.19952370844626932,0.1129304691191142,0.4441131006870238,0.7476073098172265,0.8845784600471931
0.37608835557546527,0.20038478717700767,0.11366476822884766,0.4392286106602885,0.7398555036123753,0.8886543412150077
0.3895080044643171,0.19746096139258723,0.11144206565593229,0.4470987286372061,0.7501402464937428,0.8851153628245856
0.38754890276576903,0.19893906844435838,0.11241726806539021,0.4270527666367643,0.7403314917125954,0.8853395982996135
0.38606870357943235,0.19737868987702595,0.11077636334025484,0.43076174036135617,0.7401104972375379,0.8855921815680275
0.38552611427336014,0.19732860285677312,0.11104021929725735,0.45405215594645565,0.7574330641733695,0.8859038301215676
0.3831023509183149,0.1959990529701975,0.11092859899768823,0.4566478776516376,0.746740331491651,0.8860965729698803
0.38162164797977693,0.19543721978025005,0.10956764143673095,0.4617774538729078,0.7275478113047029,0.8863489347711586
0.36571419944437444,0.19168088456960403,0.10777106147562696,0.43398542594864775,0.7295197620059071,0.8904234871361584
0.3791336677959465,0.19516333957665938,0.11052859859042793,0.44504813708085433,0.7306757331066365,0.8868817182598248
0.37717442842598903,0.19311508546886755,0.10803702898856424,0.4367591250232252,0.7457713557161014,0.8871059094414254
0.375693997701374,0.19422681027639618,0.11048928912145417,0.441741935435195,0.7326816829579457,0.8873582712427037
0.3751512187842252,0.19368181758204955,0.10930985896975456,0.4543083607629075,0.7366595835103453,0.8876699862363843
0.37272725392829953,0.1933329123358427,0.10919508682988033,0.43986765345495127,0.7191330216743381,0.8878626626445565
0.37124635386933447,0.18954481636886877,0.10590192278637559,0.44190625278337836,0.7150701232469601,0.8881151351794027
0.35533873574778685,0.19215426001246044,0.10746814837394478,0.44212513079768145,0.7332596685082535,0.8921922344164646
0.3687579744384175,0.18875663325827494,0.10540085985921985,0.4364230646757927,0.7299277518061444,0.8886477636410737
0.36679853794803297,0.18943249335632706,0.10649399952908317,0.45853804337747683,0.7201869953250934,0.8888717776489659
0.36531794139194806,0.18818521140945638,0.1056425466922786,0.45428068333620764,0.7163960900976463,0.8891241394502439
0.36477503293851843,0.18639911227219969,0.10430929168276706,0.4504250629304074,0.7116362090946495,0.8894358101504976
0.3623508471825585,0.1864052985037294,0.1044501948806765,0.4477049317878501,0.7106672333191,0.8896285308520967
0.36086979693660215,0.18553185982542886,0.10495599442177386,0.4576862378105655,0.6935826604333215,0.889880781919807
0.3449619285034018,0.18500369868704208,0.10246415921539007,0.44892019716334586,0.7180620484487008,0.8939605387624989
0.35838099510477095,0.18734331714817304,0.10485705673803916,0.4593588756404774,0.6988525286868708,0.8904132996479103
0.35642144409680565,0.18364920720224676,0.10439003545687539,0.4372841622338772,0.7107522311941921,0.8906373136558022
0.35494064729139785,0.1842673118560486,0.10287682010477478,0.4634439764607656,0.7037314067147236,0.8908896754570805
0.3543974747591747,0.18094364275135116,0.10168499507547085,0.46505756646642693,0.6994135146620692,0.8912011689836254
0.3519731557122596,0.18342711970240008,0.10342828148961813,0.4437617522344559,0.7063663408414413,0.8913937900250134
0.3504919177325636,0.18250529968733786,0.10287022425919246,0.4811221882146819,0.6893327666807636,0.8916460964595078
0.33458389754792384,0.1812072906419231,0.10084118279536095,0.4654357187396869,0.6968805779854392,0.8957284444676887
0.34800280614006196,0.18055125330368904,0.10117391000442363,0.46434823809750525,0.6975945601359399,0.8921783927204752
0.3460429754088241,0.17773080731501498,0.0993504110252082,0.4542126611956958,0.6965405864852983,0.8924023513615832
0.34456201590084223,0.17702191166783698,0.09821900217074145,0.46689948531502057,0.6861538461537293,0.8926546135026503
0.3440186587637748,0.17779879328435583,0.09960634311402794,0.45342720997600905,0.6838249043772748,0.8929660405890544
0.34159414572532887,0.17760100372858123,0.09992799018786072,0.4722356693571217,0.6855928601784171,0.8931586062636585
0.3401127575586411,0.1786747886999649,0.10047152770452134,0.45657536835299517,0.6663323416914864,0.893410746597801
0.3242045058357226,0.17607877954877627,0.099019002985262,0.4515513396212052,0.679643008924586,0.8974959958254614
0.3380971167154825,0.17502885447905872,0.09780422529868002,0.4574608871699324,0.6866978325541595,0.8939711138182347
0.336592049692205,0.17746054409014822,0.1000633466780422,0.4689472177971652,0.6779940501487545,0.894225967124791
0.3346523621654591,0.1753155308846894,0.09859604992072368,0.46618431966959273,0.6755121121971115,0.8944466591256458
0.3326877004193194,0.17584709266248932,0.09962692746433516,0.46876884333413016,0.6772290692731531,0.8946702966394067
0.3312064499240406,0.17533492275381418,0.09904354926966058,0.46132718939464534,0.6632044198894391,0.8949224812669764
0.31529765127015974,0.17112396567907356,0.09484377961075391,0.476597226769496,0.669987250318627,0.8990099894594222
0.3291854455279388,0.17281073289000107,0.0963050117315303,0.4788619709258364,0.6546536336591089,0.8954810767503234
0.32769471698192065,0.16877902634365577,0.09348123727616012,0.4647570857091281,0.6640033999150319,0.8957331617176819
0.326187401534221,0.17083707472206033,0.09572057111877538,0.47017876401189596,0.6636974075647686,0.8959878932173135
0.32452526301004925,0.1688433917584163,0.09273874869372378,0.4741072908099786,0.662694432639114,0.8962817358131329
0.3232229061855687,0.16812830987970856,0.09356461496175933,0.4922806386234637,0.6686612834679408,0.8964864821802077
0.32172725275777925,0.16736016229238712,0.09222528203547972,0.4610529962363068,0.6529196770080716,0.896738356753787
0.3202245555600758,0.16818649979050845,0.09376831149496079,0.4739938014477001,0.6492647683808173,0.8969933097205545
0.3186983575399456,0.1659063531846881,0.09226486596245759,0.4668584258326567,0.6538036549086428,0.8972548624079697
0.31726059838147735,0.16812682589931272,0.09381580158315342,0.47097700164678713,0.6384190395239102,0.8974919429768757
0.31576627160544835,0.16675272263022545,0.09268465833320677,0.47739093753689255,0.6543136421589679,0.8977438618438823
0.31426292046855187,0.1656412123740794,0.09211473300747494,0.4959583213692329,0.6481937951550663,0.8979988812507904
0.312341496305784,0.16465971131610863,0.0914667066726097,0.47451177039156267,0.6452698682531945,0.8982209020544599
0.31035657808912953,0.16430526170459145,0.09174190394262022,0.47213508553813943,0.6504887377815294,0.8984431443252654
0.30887498028643234,0.1637093291482464,0.09139520150905864,0.4827924831921182,0.6451678708032205,0.89869517392584
0.30739336871659395,0.1647134206788699,0.09266460519193975,0.47016502457195597,0.6269783255418133,0.8989472478198416
0.30591177404279213,0.16230538535770492,0.09129995130141122,0.48925887515205213,0.6397960050998108,0.8991993438605569
0.30443006985764276,0.16303496733401565,0.09151921668623209,0.4840588942284305,0.6319932001699726,0.8994512627275635
0.30294837505917993,0.1597630855692776,0.08927302139351445,0.4833011204354436,0.6205864853378671,0.8997034030617058
0.3014666990340915,0.15737637129175205,0.08700387344351879,0.4743284719673928,0.6375180620484571,0.8999553772954965
0.29998494165771517,0.1604007948556586,0.08959783358787834,0.48007640240468796,0.6317042073948187,0.9002073515292869
0.2985031561212783,0.15898172340472022,0.0891136586814586,0.47974856189560144,0.6327921801954517,0.9004593257630774
0.2970213737137368,0.15572178678820478,0.08627827288181833,0.49599024769787947,0.6214024649383418,0.900711299996868
0.295539560017239,0.15817605793230613,0.08656983139026656,0.4659538068116411,0.6248533786654207,0.9009633295974426
0.29405774319184586,0.15749657370381737,0.08791416653500797,0.486518889327501,0.6079048023799487,0.9012152484644492
0.292575804339521,0.15628745150825868,0.08752735781891233,0.48753652119842705,0.6088907777304939,0.9014671673314558
0.29109391554952735,0.1542082876979563,0.08536613383891448,0.47304315927382223,0.6159286017849581,0.9017191304918895
0.28961203927511603,0.1565525941067956,0.08772762362706257,0.48282869813207574,0.6064088397789646,0.9019712265326048
0.2881300816494181,0.15547539240464509,0.08720202769573424,0.49415035402684926,0.610760730981724,0.9022229903726162
0.2866480877285298,0.15214469674216957,0.08490675975455839,0.474025052717159,0.6085847853802306,0.9024750642666178
0.28516611445835327,0.15404546107789402,0.08670202497328791,0.4733973270912333,0.6064598385040654,0.9027269831336245
0.28368407235247206,0.15273743069498666,0.08628092007353524,0.4800045681652332,0.6083807904801688,0.9029789462940583
0.28220203024659085,0.15168260670203454,0.08452549553281971,0.507443937227914,0.6004249893752558,0.9032308208676377
0.2807199537228571,0.1499287027876554,0.0839745653570165,0.48967721330166825,0.6073948151296236,0.903482806174785
0.2792378490390628,0.14754411793260147,0.08251993793530643,0.4842996521022913,0.6003739906501551,0.9037345478680829
0.2777557349685815,0.14831205812025314,0.08298932752344101,0.5044803479747451,0.5836634084147363,0.9039864667350896
0.27627361151141283,0.14798872918677267,0.0822112169481182,0.493261340785881,0.5797535061623194,0.9042383856020962
0.2747914254763315,0.14808484820614842,0.0827394600711634,0.4907096567653617,0.6061538461538021,0.9044903044691027
0.27330919563671063,0.14679749700066108,0.08195528485929843,0.48525903033624673,0.5894772630683747,0.9047421126025414
0.27182700647273306,0.14653448203666763,0.08182150871601154,0.5056651562680616,0.5723076923076178,0.9049938653691962
0.270344760988634,0.14506830940555002,0.08070118885025868,0.5002375612700596,0.5801104972375697,0.9052457953095596
0.26886252489122153,0.14524990927158413,0.08236900816676349,0.4870932058588626,0.5857373565660282,0.9054976477364253
0.2673802105714178,0.14489119723926724,0.08054576593858415,0.48156169145530336,0.5719507012323675,0.9057494558698641
0.265897852447075,0.14227066665298307,0.07995948822789858,0.5030265881591363,0.5632469188269624,0.9060012640033027
0.2644154962000691,0.14282418418892912,0.08021146944948193,0.48203959365090165,0.5794475138120561,0.9062529614031735
0.2629331099156649,0.14058176286787116,0.07929352030770104,0.5134693567007587,0.5707437314067647,0.9065049245636071
0.261450779951383,0.13961752425655355,0.07644573963045645,0.48700763217946785,0.5583850403739916,0.9067566884036188
0.2599682872845266,0.13987307998414755,0.0782966711298555,0.5052062351484499,0.5582320441989168,0.9070084411702735
0.2584858321644181,0.13982086532935123,0.07846105819408317,0.5004491724707529,0.5456183595409811,0.9072601939369282
0.2570033864309962,0.13707777941750662,0.07634204319907006,0.4921715172912242,0.5603059923502087,0.907512046363794
0.2555208656040793,0.14100676233775047,0.07979458102148576,0.4922216702179414,0.5591840203994707,0.9077638102038055
0.25403837606611823,0.13780841627144813,0.0768845293645053,0.48864870106500913,0.5586740331491455,0.9080155629704602
0.2525558395947223,0.13742412971433307,0.07785208457715559,0.4948608736766906,0.5578750531236665,0.9082672050035471
0.2510732780921612,0.1379761525423141,0.07790486019529813,0.49261280745322544,0.5468763280917983,0.9085190131369857
0.2495906821717475,0.13577253105085946,0.07562885079519999,0.4871654769013214,0.5391755206119342,0.9087707659036404
0.24810799363602332,0.13567937999227545,0.07658136172515803,0.5009360092732484,0.5408924776879758,0.9090225186702953
0.24662538520002686,0.13455507710994571,0.0755681601623587,0.5151714191693857,0.5423204419888634,0.9092770951429318
0.2451427047994308,0.13561288694297144,0.07779640501626006,0.5156040526900374,0.5330386740330368,0.9095413054359769
0.24366001814104354,0.13175935638018063,0.07296576707448615,0.4989520103203051,0.52273693157656,0.9098056818293739
0.24217727829142932,0.1331473089410105,0.07557581842602143,0.5166078657022957,0.5182490437738352,0.910070058222771
0.24069456347298068,0.13173846443930629,0.07383675069700157,0.49408046554622964,0.5207819804504652,0.910334379249384
0.23921176417434964,0.1305410621130186,0.07441538121087951,0.5055995563987532,0.5222609434763399,0.9105986338358563
0.23772897113350933,0.13037481161047668,0.07340138062114893,0.50801710218772,0.5059923501911499,0.9108630655960371
0.2362461468037127,0.12816095423014692,0.07231510240138803,0.49387477104077093,0.512231194220135,0.9111272315956552
0.2347633024489837,0.130225405179392,0.07353015454597406,0.5033830194102946,0.5078623034423799,0.9113915526222683
0.23328045308802148,0.12857039157307967,0.07229927679873244,0.5067062166637408,0.5034084147895328,0.9116558736488815
0.2317975161179815,0.12767713192288924,0.0725272318781024,0.504240979928624,0.5168380790479432,0.9119200839419266
0.23031462295247973,0.12756331241445437,0.0731412209937177,0.5298945791833907,0.5289417764555537,0.9121844714086804
0.22883166408017042,0.12445364043455381,0.07067788293896887,0.5109626633896382,0.509035274118105,0.9124486152615848
0.22734875839908586,0.12471878124516256,0.07160954612747059,0.5159415822839373,0.5008074798130338,0.9127129362881979
0.22586572443328068,0.12479380449985053,0.07197340218628817,0.49283426657618756,0.4754441138970833,0.912977146581243
0.22438280123038057,0.12453164774138722,0.07128792118734781,0.5113061890975001,0.47301317467054105,0.9132414676078562
0.22289974223340936,0.12290540189961649,0.0695625763585328,0.5157418044737125,0.48907777305566924,0.913528156815188
0.22141668010754234,0.12054703522350838,0.0693931760089884,0.516576137920469,0.4965235869103708,0.9138402040095724
0.21993359295050974,0.12103192134803778,0.06878895007285751,0.5141086774609689,0.4923586910326776,0.9142781552706761
0.21845050579347758,0.1224211594292347,0.06976467926461369,0.530668554396885,0.4792860178495175,0.9147224183451511
0.21696733415626257,0.11780673132792396,0.06637757975583594,0.5037907154503618,0.48020399490008003,0.9151669028867617
0.21548416877683874,0.11852776700749706,0.06807417289535089,0.5187200464821933,0.4699702507436996,0.9156112766948047
0.21400097523735395,0.12078659972139075,0.06899633850888826,0.5240136620860989,0.4779260518487263,0.9160555397692796
0.21251782425084986,0.11911858787715318,0.06899686086444443,0.5184991035809627,0.46845728856771984,0.9165000243108904
0.21103459003572178,0.11822128035754562,0.06803749733786801,0.5070831379467169,0.47534211644699553,0.9169443981189334
0.20955130888715834,0.11858744805040558,0.06856335002023242,0.5028574262685463,0.44657883552906696,0.9173887054868353
0.2080680558986563,0.1158646122132159,0.06786598321901788,0.5179312993852951,0.4529536761581312,0.917833035001451
0.20658474033224072,0.11402225949138667,0.06475039793090537,0.52361212099745,0.4393200169994316,0.918277298075926
0.20510143415251214,0.11291052574421706,0.06482928247337302,0.5196681869661399,0.44356991075221686,0.9187108642877402
0.20361805913707887,0.11192711160308541,0.06279523879107979,0.5125617991868079,0.45178070548229243,0.9190996498446897
0.2021347260488473,0.11245058121790738,0.06469498618790095,0.5165038271686466,0.45439864003390085,0.9194884464749961
0.20065130722887492,0.11268332298182512,0.06502374924950122,0.5049930752825611,0.44620484487882095,0.9198773981322974
0.1991679509868156,0.11151469020800722,0.06467493304663391,0.4987612465357054,0.4437739056522787,0.920266183689247
0.19768446958893016,0.11043791939654993,0.06461820434788401,0.5044512807203057,0.4199745006375224,0.9206549692461963
0.1962009850621489,0.11046413936342392,0.06356779380519068,0.5173300996145136,0.43709307267317854,0.921043754803146
0.19471749427757645,0.11094177543915185,0.06519235057211437,0.5198032385130638,0.41227369315765827,0.9214325403600955
0.1932339878485254,0.10830547711417951,0.06256594462225437,0.5112988428651626,0.41560560985965367,0.921821325917045
0.19175049080616136,0.10779330720550437,0.06241897678780281,0.5011030665675467,0.42827029324269006,0.9222101114739946
0.1902669142898472,0.10609438923461262,0.0617355874244582,0.5206925694289442,0.41560560985965367,0.9225989413243711
0.18878331086503097,0.10800602417371885,0.06238784572467693,0.5324625043337807,0.4175775605609715,0.9229877268813207
0.18729969179573613,0.10535842435467146,0.06016143796870618,0.527068543167077,0.40033999150011823,0.923376468144843
0.1858160289219022,0.10357446536745554,0.05973399176103633,0.5256319377967111,0.39260518487037643,0.9237652537017925
0.1843324098526078,0.10530770083198379,0.061716862305791625,0.5233144993143581,0.4086187845302902,0.9241540392587421
0.18284874697877385,0.10130368929326741,0.05901763423663514,0.534345959177106,0.39367615809601375,0.9245427140821237
0.1813650403003999,0.10279863862856756,0.06085748781417527,0.5088239567545967,0.35212919677007903,0.9249314331989325
0.17988131610021085,0.1004814032404196,0.05959468219024747,0.5240036950357378,0.3999490012749902,0.9253201744624546
0.17839754371502892,0.10031622549479036,0.05858147841407718,0.5292259529125569,0.41235869103263667,0.9257089600194044
0.17691377445874235,0.10190985058677479,0.05995853824906505,0.5255352852047634,0.40178495537611525,0.9260975241092179
0.17542996452681203,0.09898092026737826,0.058934256551035874,0.5307452331787461,0.38379940501488363,0.9264864203997354
0.1739461326926124,0.10057241593689104,0.0595543103031933,0.5379223830447051,0.36804079898001874,0.926875095223117
0.17246231963178627,0.09934730251162074,0.0596107733974231,0.5321342270216902,0.39847003824900185,0.9272637700464985
0.1709784001885084,0.09699426386151225,0.059664602580161985,0.5120696016201738,0.3754866128346066,0.9276524448698802
0.16949451203418597,0.09749214822396693,0.05987093302485433,0.5402308075014326,0.3934211644708512,0.9280411639866888
0.16801063827278462,0.09603578059103116,0.05709835384073211,0.5097104683056337,0.3773565660858367,0.9284297945166433
0.1665267157006105,0.09373431651742772,0.05690019958851664,0.5285620917654015,0.3891712707181796,0.928818469340025
0.16504273680831494,0.09301008044639847,0.05576931308960606,0.5271507018411685,0.3430514237143143,0.9292071995301905
0.16355874227154077,0.09325305988711954,0.056579351541615086,0.5334036956790296,0.3835104122397297,0.9295958189867881
0.1620747195747052,0.09401459214014612,0.05791102620423208,0.5374532963279124,0.3477773055673197,0.9299844938101698
0.1605906906200798,0.08849198591584603,0.05354872649936737,0.5276767317859203,0.3636719082022637,0.9303730578999836
0.1591066272476005,0.091385121912923,0.05546799804178637,0.5335252460421975,0.34964725881843606,0.9307617327233652
0.15762251381279047,0.09233912463536548,0.05589675899183075,0.516714604472696,0.3452953676157904,0.9311502968131786
0.15613839099129478,0.08922197911563995,0.05418276875624972,0.5339716190027892,0.3339906502336589,0.9315390823701284
0.15465428694317218,0.08723149654345208,0.05401231705547993,0.5317550423049666,0.32649383765397033,0.9319276464599419
0.15317017788881682,0.08531986160434588,0.05248855277718964,0.5293712891847537,0.3326306842328677,0.9323162659165396
0.1516860143916774,0.08665324480895614,0.05271441843433483,0.5368866437038005,0.31945601359961984,0.9327048853731372
0.1502018027095442,0.08562251493626269,0.052657424131064834,0.5382918786766155,0.3031024224393377,0.9330934494629509
0.14871754847442986,0.08644992161544032,0.05412550884845965,0.5280111640494292,0.3096812579684638,0.9334820135527645
0.14723331301268994,0.08445452224073602,0.053223117491443234,0.5220221580633617,0.36742881427960583,0.9338706883761463
0.14574903374641002,0.08375777377766594,0.05133076054039365,0.5300512723336881,0.30267743306410466,0.93425925246596
0.14426472006227842,0.08268441254526276,0.05191335520173393,0.5473351701032012,0.3186400339990314,0.9346479272893415
0.142780403249251,0.08308681081492017,0.052193036761392,0.5268053495025629,0.2837909052273062,0.935036447085728
0.14129610208070176,0.0819060344328508,0.05094500538889435,0.5409615789269078,0.3071823204420525,0.9354249447354008
0.13981171330307385,0.08273939848875014,0.052911253517433865,0.5409441862254807,0.29086272843176175,0.9358136195587825
0.13832732139655102,0.08054280355507354,0.05277298423101537,0.522317317765886,0.29812154696128346,0.9362020729150283
0.1368428900659424,0.08011396897923143,0.05157746508551114,0.5271357314109448,0.26485337866540704,0.936590637004842
0.13535845435488003,0.07961288422532059,0.05023207858954437,0.5386158673773955,0.3055673608158713,0.9369792010946556
0.13387401238602648,0.07824731831333007,0.051137878537902,0.5477623634409863,0.3031874203144298,0.9373676544509014
0.13238953912821572,0.07453423844933135,0.04946319777129474,0.5243396759644421,0.27750106247344775,0.9377563292742831
0.13090504396813518,0.07526423164912524,0.04800434281097318,0.5365161156284264,0.2834849128771566,0.938144826923956
0.1294204799723504,0.07453700973802241,0.047518596411142866,0.5490255977281797,0.2477178070547552,0.9385332802802018
0.12793597104513,0.07213217480831358,0.04513309154763634,0.5481929320747105,0.24428389290255836,0.9389218000765882
0.12645138326973804,0.07455789273925581,0.04880277213208317,0.5400459604120673,0.2818529536760934,0.9393103641664019
0.1249667757823043,0.07114044680110865,0.04774181487657114,0.5426401334520539,0.2526816829578138,0.9396988175226476
0.12348213199967928,0.07079900615508583,0.04640037924784074,0.5312524011756035,0.2411729706756205,0.9400872708788934
0.12199749416195704,0.07188367066949225,0.04639853108305511,0.5196281996366037,0.23311517212061972,0.9404313200744053
0.12051284130553563,0.06935756057080539,0.04619721392367951,0.5441032249681999,0.23408414789628296,0.9407414847981351
0.11902810960094401,0.06993003729725478,0.04590221583669607,0.536864287331875,0.24861878453032205,0.9410497670512105
0.11754345674452216,0.068368389300909,0.04579061767083695,0.5294121104109337,0.24955376115588024,0.9413580493042859
0.11605874037151942,0.06823431256610643,0.04576027235441629,0.5582442854155012,0.22932426689328622,0.9416663315573611
0.11457399646423383,0.06819041892909614,0.046848144201297764,0.5285035998722472,0.21147471313213373,0.9419746138104365
0.11308916619942844,0.06702029144731325,0.044664742243872124,0.5272332973182638,0.22126646833828545,0.9422828960635118
0.11160433437017492,0.06660211292347037,0.04413386520933599,0.5458487691903942,0.20739481512953262,0.942591178316587
0.11011954352945486,0.0653552475638674,0.04512279937248276,0.5282673688658812,0.19522311942193937,0.9428993498360946
0.1086346838530301,0.06347239826858467,0.043771602777638946,0.5508814545635332,0.20906077348058716,0.9432076320891698
0.10714986453935937,0.13171822509222048,0.0941735885786869,0.5593656778545286,0.10291542711422608,0.9435159143422451
0.10566491412496015,0.1821817562024749,0.13445095583762656,0.5389634434403845,0.2647343816404373,0.9438241965953205
0.10418004193295305,0.21767557249192387,0.1715143291203882,0.5192478633483246,0.29472163195919165,0.9441324788483957
0.10269507118073218,0.24452814948109497,0.208367135566362,0.5536413347794424,0.32902677433060035,0.9444405839277624
0.101210092606272,0.28207063825353174,0.26048523511112914,0.49910064246971286,0.7367615809604331,0.9447488661808378
0.11745238835894645,0.27356815112026756,0.2447497511838989,0.8331470897980013,0.9093072673182405,0.09611736414513582
0.38359143047655664,0.2747851670187753,0.2462605805220607,0.8417654116111848,0.9151891202719753,0.10027432443137793
0.3828671386900515,0.27427917887180947,0.24723262002435856,0.7989022505162913,0.906179345516307,0.10028472231340514
0.4140212142486308,0.2759780995245935,0.25063555177590485,0.7976343305241473,0.9201529961750339,0.10015372450256173
0.41417599758812695,0.2756193892802048,0.2535643351916648,0.832898906273075,0.9037994050147518,0.10015710187638313
0.38374156552865823,0.27605099156888163,0.2523537706567828,0.8767643714243951,0.9069953251167817,0.10028863120835255
0.35329478027622585,0.2762257651250947,0.2525387321111482,0.8639656463173517,0.9040033999149273,0.10051595614992523
0.35360579657257896,0.27536340981363033,0.25022974348313853,0.8693970137049325,0.8995325116870845,0.10051648767105122
0.3536270220620801,0.2755820895223511,0.2476545239510425,0.8531758179344722,0.9086612834678363,0.10051904561647006
0.3537058054646187,0.27740931815963976,0.24572416563328062,0.8792678879863964,0.9032894177644266,0.10052021939228996
0.3537571246725957,0.2757459924751824,0.24455977533753132,0.823287453266546,0.9063323416913818,0.10052283270449275
0.3832199423266376,0.27647790769777825,0.24185553176968705,0.7967792687893891,0.9057373565660782,0.1003112430029208
0.41501078194447727,0.277919356857915,0.2448558203489981,0.8024081902628115,0.9138971525711668,0.10017608160992375
0.4151651832458132,0.2770729874123777,0.24392678885861635,0.7979502979334017,0.9077773055673788,0.10017951435052913
0.41531956295776906,0.2782194552404515,0.24654527979377755,0.8113257221336463,0.911296217594554,0.1001829470911345
0.41547388322070766,0.27738736597735003,0.24415924593460187,0.8040003372119191,0.9155971100723264,0.10018636875838308
0.4156281409057323,0.2748744722438274,0.24119457713480627,0.7964315338889443,0.9160560985975508,0.100189823645702
0.415782404848549,0.2760780608016448,0.2432011905102869,0.7872546998712664,0.903357416064523,0.10019325638630738
0.41593649983099956,0.2757745528400542,0.2424032946115881,0.7998892267582185,0.9113472163196548,0.10019668359023436
0.41609057604007615,0.277266089914408,0.2446938148719673,0.8045513046372557,0.9122991925202086,0.10020011079416133
0.41624460844461364,0.2761818589725871,0.24328588736500262,0.806620361047862,0.9062813429663947,0.1002035324614099
0.4163985942286059,0.27436720483424315,0.2424212361969204,0.7803592879428036,0.9147471313217466,0.10020697627537205
0.416552488961734,0.27745322431214736,0.24391940062621575,0.7961047258233211,0.904105397365015,0.10021039794262061
0.41670634301921883,0.2747580995739403,0.24147056900500605,0.7892761050450867,0.9108372290692159,0.10021381960986919
0.4168601063387296,0.2773549687185872,0.2450711260130986,0.8044496486654458,0.9124521886952834,0.10021726342383135
0.41701386027155296,0.27265975844589563,0.23965577964067866,0.7929020067802153,0.9130131746705956,0.10022069616443671
0.41716754849756743,0.2758753669588511,0.24359169334258285,0.8108771651580353,0.910497237569075,0.10022411783168528
0.4173211585011911,0.27808176689070957,0.24425423275110017,0.7978869614978403,0.9146451338716588,0.10022753949893386
0.4174746539872327,0.2740841579228337,0.24073045758302453,0.8039368022295379,0.9076923076922867,0.10023096116618244
0.417628145092821,0.27706936328194104,0.24163996271443744,0.7935097188866909,0.9086612834678363,0.10023439390678779
0.4177815736204953,0.2773106352512427,0.24288561913985124,0.8084232853010189,0.9161070973225378,0.10023780450067958
0.4179349874423606,0.2747570339687404,0.24277981336590115,0.7983047437163606,0.9168720781980255,0.10024122616792815
0.41808832523206085,0.27818940195554287,0.24449143750788233,0.8146827517652104,0.9097152571184779,0.10024463676181991
0.4182416160883262,0.27731148809298833,0.24422019553185023,0.8133573723233756,0.9076413089672997,0.10024806950242529
0.4183947724020789,0.2742891957394816,0.24221094381813668,0.8056645963660294,0.9131661708456704,0.10025146902296027
0.41854789742687437,0.2766247591794826,0.24190249839563802,0.8133477229479265,0.9103782405439915,0.10025487961685206
0.4187009523644072,0.27622405944160355,0.24367903074890246,0.7942128923041942,0.90546536336592,0.10025831235745743
0.4188539803934366,0.27666610680675346,0.24346161352886722,0.810190034323583,0.9172290692731622,0.10026172295134922
0.4190069364578668,0.2779010270181338,0.24445687350633422,0.8093831400473424,0.9103782405439915,0.10026514461859778
0.4191598925222966,0.27811864112165463,0.24461228313778272,0.7928498286759345,0.9108372290692159,0.10026854413913278
0.4193127140442128,0.2758009819945262,0.24231780537005415,0.8195413909959892,0.9116532086696907,0.10027195473302455
0.41946551053496384,0.276922724563691,0.24424631773640137,0.8009388246671554,0.9171780705481751,0.10027536532691635
0.41961827886565395,0.2747090781588874,0.2427114755362522,0.8049417668133518,0.9004674883127564,0.10027877592080811
0.41977093486898953,0.27299395887672195,0.24065763546372798,0.8107552574105914,0.9045983850403445,0.10028218651469989
0.41992352172373115,0.27542351459551934,0.24195922709438789,0.7915545489320028,0.9135571610709121,0.10028559710859168
0.4200761273518472,0.2758229341768159,0.2431624033968693,0.7853653283327067,0.917365065873355,0.10028900216580507
0.42022858279297104,0.2788170925863236,0.2427671484570347,0.8132162055343974,0.9150871228218875,0.10029241829637525
0.4203810319763037,0.27525257793319724,0.24267638253903487,0.7921885883468027,0.9081172970675198,0.10029581781691024
0.4205334561284708,0.2778566935507893,0.24301253383303575,0.8126874356435301,0.9114492137696288,0.10029922841080202
0.4206857676403941,0.2770842835426682,0.24239537849020384,0.7932815488812146,0.912707182320446,0.10030262793133701
0.4208380259610913,0.27783047894769985,0.2438439390620008,0.8117989386242939,0.9137781555460833,0.10030602745187199
0.420990229839004,0.2756681970378393,0.24493919803459735,0.8002521703450709,0.9156991075223004,0.100309426972407
0.42114235674608347,0.27514664855185506,0.24065552390779324,0.7855465221605851,0.912707182320446,0.10031282649294197
0.4212944742664759,0.2752907305327965,0.24118164883479074,0.8048934802267422,0.9082872928175902,0.10031622601347698
0.4214465354667465,0.27581888451947056,0.24286187298906942,0.8075777538136177,0.9089162770929988,0.10031961446065518
0.4215984840267728,0.27884437368857706,0.24556770022386473,0.7894877956645079,0.9149171270717034,0.10032302505454695
0.42175043884459074,0.27883862013566874,0.2441856304236166,0.8116866802522991,0.9076413089672997,0.10032641350172515
0.42190231544001744,0.2796012260395721,0.2465962050337634,0.807938433966723,0.914832129196725,0.10032980748558175
0.4220540994201323,0.27579053870598125,0.2407344173037449,0.78919787759803,0.9123671908201914,0.10033320146943833
0.4222058602464194,0.27588559748394165,0.24190672040082198,0.7924447137445267,0.9139821504461452,0.10033658991661655
0.42235751781914965,0.27988278092490887,0.2464062291873958,0.8028598842781773,0.9142371440713077,0.10033997836379473
0.4225092285831056,0.27792937461955125,0.24211041472065242,0.7852126855375361,0.9071313217169745,0.10034337788432972
0.4226607547422181,0.2730679174201741,0.2409009092837943,0.795076570970938,0.9028474288141979,0.10034675525815114
0.4228123278347655,0.2780186789506392,0.24322783949713625,0.8021001250169908,0.9066893327666321,0.10035014370532933
0.42296377577148636,0.27960570211779023,0.24623155658812754,0.8118332078054158,0.9076923076922867,0.10035354322586432
0.42311519241925,0.27795836051133177,0.24319037155283513,0.7953662507812322,0.9100212494687412,0.10035693167304251
0.42326654648910145,0.278551096252077,0.24427191094528336,0.8179566696979472,0.9152911177219494,0.10036032012022071
0.4234178473677255,0.27998743193759673,0.24740650023680855,0.8081650950163677,0.9141861453463207,0.10036370856739892
0.4235690950551243,0.2788567354240674,0.24499302500396522,0.7989630852619214,0.9143391415213955,0.10036707486786353
0.4237202520045482,0.27946119460994007,0.24586822952497914,0.7929309946159264,0.9108372290692159,0.10037047438839851
0.4238713682783293,0.2783765372472464,0.24216345040988752,0.800487448326701,0.9081512962176248,0.10037385176221993
0.4240224939387969,0.2743934212252608,0.241655794957206,0.8043556168915216,0.9124011899701827,0.10037722359936295
0.4241735307386274,0.2757086927173287,0.24193257700085305,0.7977756164412175,0.9170250743731003,0.10038060650986275
0.4243244936965205,0.2776416379725052,0.24349855358418468,0.7869588651095538,0.911296217594554,0.10038397281032735
0.42447536904533534,0.2780870967046374,0.2445238921668667,0.8130769050855269,0.9118062048448792,0.10038737233086235
0.4246262068474018,0.27488342440026364,0.24174840682662047,0.7996505337712854,0.9172290692731622,0.10039074970468376
0.42477699145824266,0.2760311705969917,0.24321781292650274,0.793984722298718,0.9165660858477622,0.10039412707850515
0.4249277197489607,0.276921020668128,0.24404921704878227,0.7864744108688977,0.9112452188694533,0.10039749337896979
0.42507838546176613,0.2776597550488321,0.2457463281171114,0.8011496813899326,0.9147471313217466,0.10040087075279118
0.42522901988561523,0.2753793956795574,0.24032465150362922,0.812051013666891,0.9125371865702618,0.10040424812661258
0.4253796242720651,0.27495674375938867,0.2432856239738535,0.8100038768252062,0.9119082022948533,0.10040760335372041
0.4255301116378174,0.2776135049224703,0.24533761809496307,0.7957604456375431,0.9151381215468746,0.10041099180089862
0.4256805717821779,0.2782141254265237,0.2447012008909969,0.8019893358914636,0.9166170845727493,0.10041436917472
0.42583098718333057,0.27877318553985186,0.2458977824545815,0.8004113651852995,0.9176370590733995,0.10041773547518465
0.4259813024598218,0.2769506466381998,0.2426465684316544,0.8014811751605064,0.9069953251167817,0.10042110177564925
0.426131602091834,0.27896564885755504,0.2467510856695427,0.7917300643208307,0.9168720781980255,0.10042446807611387
0.4262818360170382,0.2781521030916533,0.24590173996193088,0.798394685425794,0.9096472588184952,0.10042783437657848
0.4264319979776423,0.27784859513006266,0.24620675576606382,0.7821488698496608,0.9167870803229334,0.1004312006770431
0.42658206607137616,0.2772481864954995,0.2438932806350356,0.8168361905742914,0.9158521036972616,0.10043456697750772
0.4267322017492563,0.27487958750637265,0.23839930647118407,0.7820224749440863,0.920662983425359,0.10043793327797233
0.4268821728472245,0.2799610027831248,0.24756270225507532,0.8024897135870792,0.9117552061197784,0.10044128850508013
0.4270321689763583,0.277789769610792,0.24386399109658233,0.790316927184582,0.9153421164470501,0.10044466587890155
0.42718208688310044,0.27615052731902423,0.24378905742135104,0.8006067352561217,0.9121971950701209,0.10044802110600938
0.42733189214959877,0.2780789973899467,0.24479830037011543,0.7959962001315413,0.9049553761155948,0.10045139847983078
0.42748164641509767,0.2774180575526217,0.24240223883362075,0.780435966724665,0.9091712707181614,0.10045473156022502
0.42763137345920477,0.2778419878414447,0.24548643188082925,0.8129346661437209,0.9093072673182405,0.10045809786068964
0.4277810410542937,0.27942176364168647,0.24639356427852935,0.7817660715808143,0.9146961325966458,0.10046145308779747
0.4279307067720457,0.27667974869882633,0.24465951204819728,0.8116274338812286,0.9101572460688203,0.1004648083149053
0.42808023669572615,0.2789430565969741,0.24603287555361386,0.7889598993796485,0.9108372290692159,0.10046817461536992
0.4282297478460313,0.2791983959852573,0.24621678233669736,0.779794898752439,0.9092732681682492,0.10047151876912094
0.4283792308362768,0.27836140422306493,0.2450959290485333,0.7863247065666623,0.9124011899701827,0.10047488506958556
0.42852862308854744,0.2788727212899945,0.2467655987431948,0.7919638333466295,0.9137781555460833,0.1004782181499798
0.4286779840518622,0.2778893044669705,0.24482574063709756,0.7857826737482232,0.9177220569484916,0.10048158445044442
0.42882726366388857,0.27410163492086936,0.24066291214019384,0.7888714666260468,0.9105822354440534,0.10048493967755225
0.4289764566055059,0.27797221516685894,0.24612839025909586,0.7994745418700895,0.9108372290692159,0.10048826168458969
0.42912565173735073,0.2787552830149075,0.24105447296382815,0.8050430654008858,0.90913727156817,0.10049163905841109
0.4292747404867421,0.2774084653178942,0.24344736605973522,0.796148644379892,0.9143391415213955,0.10049497213880533
0.42942385927353266,0.2771068758032491,0.24448642422256558,0.7903569145141183,0.9135231619208071,0.10049832736591316
0.42957284476936763,0.2776689199687227,0.24404842687533498,0.8031552425275217,0.918181045473716,0.10050168259302099
0.4297218114918282,0.27787736915235295,0.24650570250691267,0.8098991632323691,0.9131151721205697,0.10050502674677202
0.4298707156363757,0.27761776734327,0.24185764332562176,0.7830362152973416,0.9182320441988168,0.10050835982716627
0.4300195822341757,0.2776906593875581,0.24363021706485136,0.7675329251184242,0.9144921376964703,0.1005117039809173
0.4301683008352102,0.2776539997079956,0.244210961348035,0.7978324802504486,0.9157671058222832,0.10051504813466833
0.4303171079839925,0.2679726510637511,0.19150130166135182,0.8073866326447425,0.8909817254568679,0.10051839228841936
0.43046577746136583,0.25137050595757343,0.1633950025712731,0.7901105179105712,0.9045473863153575,0.1005217364421704
0.43061438436082566,0.239751095007679,0.14700568752239102,0.7829199065702201,0.8993795155121234,0.10052506952256463
0.43076296622912036,0.2276146116500185,0.13646443730332258,0.8011057231239977,0.8948236294091885,0.10052841367631567
0.4309115124280041,0.20514883626078567,0.11764686613005404,0.4129847317098372,0.7730896727581467,0.1005317578300667
0.4301223548797535,0.20358270056468852,0.11619910015844637,0.40915571657790895,0.7804844878877475,0.8880874517874239
0.4286328972911537,0.2023011064879659,0.11640833011914972,0.4064519456933151,0.7747046323841005,0.8883769093339537
0.42714340528470096,0.20248525593959577,0.11678854298966307,0.4107581085429257,0.7501402464937428,0.8886664776140514
0.42565383818475366,0.20340473198080383,0.1165091270345251,0.38645915453125346,0.7700807479811829,0.8889561566277169
0.4241643274049274,0.20415199120310729,0.116617305542188,0.40619975152262566,0.7806204844878266,0.8892456141742466
0.42267475091829265,0.2031958572702649,0.11722575016344636,0.4146329879902604,0.7775605609858758,0.8895351824543444
0.4211851806894491,0.1977796023783593,0.1130151659738299,0.4023334890072765,0.7694857628558793,0.8898246842943013
0.4196955697849618,0.20192853801219363,0.11614659014482395,0.41789407979842896,0.7729706757329495,0.890114208280972
0.4182059275915182,0.19873872215127525,0.11327717376604673,0.4139849708793364,0.7673608159794867,0.8903651305458672
0.4167163198159263,0.20027800137806356,0.11510806319103378,0.4255263783944212,0.7756906077346457,0.8906157206100587
0.41522673206526717,0.19925217042860466,0.11397770790116338,0.40489065292002624,0.7625499362515029,0.8908660892071146
0.4137370429383882,0.1996040615148851,0.11458325079303974,0.4179618636827569,0.7547471313216647,0.8911165131709543
0.4122473256514483,0.19718132584816006,0.11296978301482996,0.40379916163208196,0.7568210794730703,0.8913670921617892
0.4107576114934046,0.19651377961618116,0.11152016666506567,0.4081566686893292,0.7617509562260238,0.8916175271989857
0.4092678597886126,0.19531765029476322,0.11182016697051084,0.4113768995619542,0.7455333616658208,0.8918680065296094
0.4077781331149857,0.19562328946675367,0.11167083082908846,0.41381227485535166,0.7520101997449729,0.8921184858602332
0.4062883720235071,0.1955521013180285,0.11256107077931063,0.4115573786212807,0.7646408839777905,0.892368854457289
0.4047985827719667,0.1924767378921235,0.11044891723440001,0.42760151033771754,0.7469613259668222,0.8926193337879126
0.4033087497158876,0.19448001845427962,0.11080116416231853,0.4149972816954881,0.7537611559711195,0.8928697023849683
0.4018189010153299,0.19260568684888352,0.10934918171895436,0.4174199499924096,0.7357926051847699,0.8931201152754513
0.40032903041250245,0.19289235610280148,0.10944205476614693,0.4164398434704524,0.7358436039097569,0.8933705503126479
0.3988392286453797,0.1906793479883609,0.10817475821245853,0.4101089795698103,0.7277858053547561,0.8936209189097036
0.397349304851327,0.1921316677518795,0.10875681723801664,0.4220496647397962,0.7399065023373623,0.8938713428735434
0.39585939670175163,0.1882879439751987,0.10544887894308169,0.4224014897047321,0.7455333616658208,0.8941217668373832
0.39436951671223763,0.1895154031622514,0.10736947629473018,0.43145145230446746,0.7236719082022773,0.8943721354344389
0.3928796023048715,0.18818925749094534,0.10721854652618726,0.42619452815288694,0.731593710157199,0.8946225593982787
0.3913896271969288,0.1872755367905738,0.10661617760832603,0.4338053042735972,0.7337696557585787,0.8948728726285503
0.38989967837171013,0.18594555064952037,0.10611906776177768,0.413666859164427,0.7294517637059243,0.8951232412256063
0.38840967322636955,0.18627570946867816,0.10491140606296323,0.4228363072404031,0.7298767530811574,0.8953736098226621
0.38691962427648985,0.18461706636814468,0.10375439957287252,0.43205960121394704,0.7243008924776859,0.8956240227131451
0.3854296097444614,0.1864413073774316,0.10557737619653174,0.43192292158309953,0.7312877178070494,0.8958742362832057
0.383939545150104,0.1858869423635245,0.10626946410790944,0.43561370841898484,0.7249128771779851,0.8961246713204022
0.38244945239568473,0.18447554291243992,0.10461325392230367,0.4299172810267826,0.7230769230768601,0.8963749070371765
0.38095936277016085,0.1831129539008821,0.10355756448977349,0.40449963481283424,0.7095622609434713,0.896625342074373
0.37946926375795087,0.18400216210579895,0.1041673371336323,0.42141252799460527,0.7099022524436123,0.8968755556444337
0.37797915223015766,0.1840273182554012,0.10591906755814756,0.4398286191501506,0.7130471738205415,0.8971259685349167
0.376489050089051,0.18239873022770448,0.10302325673018611,0.4305520352101342,0.7123331916701545,0.8973762263984045
0.37499881966322324,0.18155641043951246,0.10301719209364399,0.4278531088679467,0.7069783255417406,0.8976264842618923
0.37350862991303835,0.17923618921129092,0.10231929408338927,0.4329006455432176,0.719031024224364,0.8978768528589481
0.3720184777096014,0.18045469802983546,0.10318527548744291,0.4398292147906102,0.7048363790904659,0.8981271107224359
0.3705282535415644,0.17853113760971667,0.10104937247169396,0.42854222517059837,0.7073183170419952,0.898377368585924
0.3690379605378231,0.1802784369173701,0.10337128718634817,0.43741417069157484,0.7019634509135813,0.8986276264494117
0.36754771759641214,0.17842926146157626,0.10160979800909048,0.4547900353480845,0.7079813004673952,0.8988779950464676
0.36605745275273094,0.17952200741139146,0.10206599590606047,0.4347609101179737,0.7020824479387784,0.8991282086165283
0.3645672035535288,0.17620665217276724,0.09957179239270583,0.4501187846059662,0.6976625584360363,0.8993784443333025
0.3630768761319354,0.1754295560048659,0.09981822911993224,0.45022254517406735,0.7069273268167535,0.8996286579033632
0.3615865174213848,0.1754689887610477,0.09948998620051716,0.4314573689997019,0.6833829154270461,0.8998790265004191
0.3600961524530435,0.176176811651313,0.10016150082844263,0.44344864389940897,0.6961835954100479,0.900129173630339
0.3586058000002841,0.17705238511586974,0.10114937257350903,0.43193229299300095,0.6918147046322929,0.9003795422273947
0.35711541938746416,0.1732016276296982,0.09849368151193777,0.4449633972981035,0.6952146196344984,0.9006296450638875
0.35562501374347866,0.17302045686642917,0.09790634138317181,0.44657138828344256,0.6906927326815548,0.9008798807806617
0.35460617335137856,0.1714223530143343,0.09611477249401357,0.45978598955953465,0.6895367615809391,0.9011564489398862
0.35312955049278383,0.1716267489647628,0.09790712712987709,0.44025569335984405,0.6838249043772748,0.9014075926719174
0.3511536916806288,0.17117724593906977,0.09869130234174206,0.4341142828347897,0.6834679133021382,0.9016306100776983
0.3496631483652344,0.17118129559641512,0.0958466889983996,0.447251093466829,0.685031874203105,0.9018807572076182
0.3486406371527435,0.16997173535845048,0.09689525137630728,0.4637337753991517,0.6699532511686357,0.9021553210892633
0.3476205664788692,0.1682747411982888,0.09662057203511096,0.43978291367220024,0.6861538461537293,0.9024323211094029
0.34611540558872145,0.16752918229569194,0.09354825815006362,0.43437120241979343,0.6608244793879976,0.9026802535679644
0.3446183598023622,0.16952990254468311,0.09610843339946737,0.4351526429937178,0.6600594985125099,0.9029306221650203
0.34311677836885224,0.16663719565037124,0.0943844033130268,0.44791634444172357,0.6742881427963994,0.9031786653571497
0.34162002356978993,0.16422448310906695,0.0922437636833362,0.45631654271851985,0.6640033999150319,0.9034289896607783
0.33966940243004284,0.1649120595005337,0.0934363722459744,0.4450441661444555,0.6604674883127473,0.903653823097073
0.33768346732229837,0.16398918460784068,0.09319363184831925,0.4527857449101431,0.6602124946875847,0.9038762868350142
0.33619281762445175,0.1646439417894923,0.09411105199443096,0.4591040606517649,0.6613684657883141,0.9041264339649342
0.33470214289543954,0.16352795277323576,0.09246143765440754,0.4460437699641311,0.6534126646834011,0.904376636461638
0.33321148381090504,0.16298764087488476,0.09286461424905387,0.45247926803888205,0.649009774755541,0.904626728224774
0.3317207715351449,0.16285976825089385,0.09227171855907601,0.4575272018077927,0.6535656608583622,0.9048766538875581
0.3302300999350285,0.1610802790841474,0.09027724995027661,0.4386283242048785,0.6451678708032205,0.905126801017478
0.32873932821025065,0.15887067876083277,0.08889834195050308,0.46652514514070353,0.6515937101571581,0.9053769924408253
0.32724855335657743,0.16039078245780697,0.09115086748428294,0.45660586514453816,0.6555546111346757,0.9056269845437501
0.32575778788959076,0.1587481234352723,0.0915086589065584,0.44967149833000275,0.6509137271567624,0.90587713167367
0.3242670099070213,0.15839346999994175,0.09013134453390545,0.46295571012116654,0.6286442838927542,0.9061271680700219
0.3227762225377653,0.15806992651507876,0.09015930826312926,0.44727980333699224,0.6401529961750612,0.9063773594933692
0.3212854476840925,0.1541383797058136,0.08587193338001184,0.44697296908145545,0.6427879303016653,0.906627462329862
0.31979456331907086,0.1569524356391445,0.0898263198762885,0.46652196839158466,0.6214534636633289,0.9068774987262139
0.3183037058625513,0.1573461016675327,0.08960257020182005,0.4567119685651144,0.6323501912451093,0.9071275351225659
0.31681274014624305,0.15291113685807167,0.08692972551499276,0.44797630558134593,0.6228134296642338,0.9073776379590587
0.31532188081238655,0.15376198506371944,0.08829702438386722,0.47035650312510713,0.6252953676157631,0.9076277186488381
0.31383097454509556,0.15431848486388272,0.08775321904931555,0.47363530530961473,0.6214534636633289,0.9078776886050492
0.3123400369888474,0.15273828174880405,0.08595637348369145,0.4656819167964139,0.6338631534212027,0.9081277914415422
0.31084911507707824,0.1501237228426671,0.0853223312268091,0.460792502808544,0.6169995750105954,0.9083777171043262
0.30935811807181235,0.15141704572830167,0.08639884848045659,0.45562115233635825,0.6263663408414004,0.908627819940819
0.3078671335821297,0.1530434953938858,0.08643605524697967,0.45734362541807516,0.6097067573310824,0.9088779006305981
0.306376133447968,0.15200679384104512,0.0876629821269849,0.4629943870416908,0.6343221419464271,0.9091278705868093
0.30488510828264204,0.1478540195253916,0.08374342302340548,0.46380604644161005,0.6162855928602085,0.9093777519561664
0.30339409250400307,0.14770695170437653,0.08443682789052859,0.4711869450541928,0.6047258818529144,0.9096278437193024
0.30190295907888665,0.14799661395008085,0.08378880819577639,0.464500761764584,0.6011899702506298,0.9098778247488705
0.30041191201129,0.14723336528599398,0.08265713595016055,0.47099522824485773,0.6112197195069484,0.9101278168517953
0.2989208211391552,0.14675529116786004,0.08143866193400726,0.4589765141746347,0.6181555461113248,0.9103777868080065
0.2974297208803329,0.14457660233498418,0.08154578909044483,0.47659782240995585,0.6080747981300192,0.9106277124707909
0.2959385862036581,0.145792552628292,0.08280831804299754,0.47100880884734186,0.5796005099872445,0.9108776824270021
0.2944474139802362,0.14553231252884602,0.08379092196508212,0.46118979499524615,0.6169485762854947,0.9111276745299269
0.29295627304576977,0.14329137697611213,0.08244209367720914,0.47761164218193897,0.611474713132111,0.911377655559495
0.29146508517786884,0.14199401337277312,0.0817930137777475,0.4820474163956072,0.5830854228643148,0.911627747322631
0.2899738754076986,0.14222334913349313,0.08147533749149014,0.48425247737787314,0.5743816404589097,0.9118775622518471
0.28848264999304973,0.1410717714066586,0.07996345016198997,0.47517531386380596,0.581555461113453,0.9121274436212042
0.28699143834554164,0.1401418520769057,0.07971515420312292,0.4723997087397571,0.5819804504886861,0.9123774135774154
0.28550011906402295,0.13865436019007682,0.07852095201336415,0.4585242245188088,0.5895452613683574,0.9126273392401996
0.2840088654893136,0.13969489684888028,0.0797998599113226,0.468708842485144,0.5698767530811892,0.9128773091964107
0.2825176306879782,0.1365129657512701,0.07814996889992407,0.46756175808761635,0.585890352741103,0.9131271905657679
0.2810263176642507,0.1369013037536587,0.07779350550024905,0.46803898522402654,0.5821334466637609,0.9133769501282001
0.2795349639648794,0.1356339844955874,0.07690431911462325,0.46782951832898867,0.5680577985550599,0.9136270418913361
0.2780436102655086,0.13548585464522878,0.07792121700699384,0.47244219775922436,0.5789545261367266,0.9138768568205523
0.2765522252771815,0.13609628193539225,0.07884180227363666,0.4802461996451015,0.5673948151295463,0.9141267271165525
0.27506090599566235,0.13450265505547962,0.07733018054865659,0.4721736036212081,0.5595920101997081,0.91438789223648
0.27356946030675955,0.133485985450055,0.07637766519195657,0.45846918734032127,0.5456863578410776,0.9146504415260063
0.2720780596739534,0.13472196947870702,0.0763523353742237,0.4775897623223817,0.5222269443263485,0.9149129908155328
0.2705866321326451,0.13137911948041092,0.07422962404963934,0.4810863703683643,0.5384105397364465,0.9151754293714914
0.2690951564063431,0.13245653215808764,0.07640405078765683,0.4695849501828162,0.5596940076497958,0.9154378236340226
0.2676037557735378,0.1294502203067234,0.07467026194847387,0.4803648512246983,0.548746281342801,0.9157004172169764
0.2661122894339232,0.13083881473377268,0.07453701701422713,0.48262510822290783,0.5441903952399798,0.9159628004061507
0.2646207824186644,0.13229284018078244,0.07621302580343486,0.4808587562939839,0.541912452188626,0.9162254604292452
0.2631292315988669,0.1283849548131546,0.07373885329763727,0.4841674199202106,0.5402464938375715,0.9164879543519876
0.2616376745212783,0.12837622257188536,0.07384201851998345,0.48641048276381293,0.5271568210795294,0.9167502821743783
0.26014618940828926,0.12773979880587139,0.07346180564947011,0.481286902656505,0.5048193795155385,0.9170127207303367
0.25865459165505644,0.127183288278139,0.0728934695241168,0.489124180989404,0.5395665108371759,0.9172753253866471
0.2571630251907808,0.12552337574859215,0.07101113914370075,0.4748226152928625,0.5414364640882923,0.9175377085758216
0.25567140866417404,0.12489802998562971,0.0716625873501332,0.4976508138811391,0.5387165320867098,0.9178001471317802
0.2541797733641942,0.12213001320313452,0.06944199190641051,0.48902427222960987,0.517688057798523,0.9180625413943115
0.2526881161619441,0.12277155759547834,0.07035175378885955,0.48496704738284135,0.5340076498087001,0.9183249135101293
0.25119649650644194,0.12276281462664004,0.07196443803373506,0.4712276471522807,0.5011814704632798,0.918588459401767
0.2497047923707565,0.12441271475833521,0.07243647260021555,0.49826861216606777,0.498546536336562,0.9188987348590647
0.2482131382974022,0.1211928438245801,0.07066495463895336,0.49917624909874636,0.5107012324691595,0.9193117046272469
0.2467214341617172,0.12138402877362894,0.07133249847930345,0.49198349345274006,0.5077773055672878,0.9197543731383439
0.24522966744811914,0.1214703499465356,0.07123989103663098,0.4766758513101925,0.5172460688481806,0.920197085942868
0.24373798709204086,0.11993490224985376,0.07065387893046549,0.47317944181102956,0.48975775605606486,0.920639798747392
0.24224620473396463,0.11869998025054526,0.06950293929028789,0.505627035278633,0.4933786655333279,0.9210822900847804
0.2407544599226359,0.11671055970770094,0.06689606191276776,0.49645484725654176,0.4867828304292061,0.9215250028893045
0.23926265566228988,0.11823258006369247,0.06851138006913421,0.49066490431214715,0.4793880152994916,0.9219677156938285
0.23777082011298667,0.11708844905776009,0.06827337628542071,0.5044495335082904,0.4898767530810346,0.922410207031217
0.2362790002081625,0.1189316671368322,0.0712533483323157,0.4822867050230002,0.49417764555892063,0.9228529862758819
0.23478714275658996,0.11324047001199239,0.06691030716852875,0.4794802854324969,0.4705822354441125,0.9232746375557883
0.23329531659397418,0.11341949526143605,0.0673498915027669,0.4865404515121463,0.4769060773479623,0.9236619392829278
0.23180343411123605,0.11304928685087168,0.0667498908918765,0.48783894771456127,0.4766000849978127,0.9240491745699265
0.23031150156616764,0.11292481129043755,0.06776044968970088,0.4688908305003019,0.4687122821928824,0.9244364098569252
0.22881959092336945,0.11158459820014993,0.06517335099544369,0.47932974723361754,0.45603059923496403,0.9248237558774919
0.22732765212050943,0.11161635180476515,0.06638127608540725,0.5152722412445518,0.4702762430938492,0.9252109911644907
0.2258357258332322,0.11097694398660574,0.06517441341352406,0.4915240958207603,0.44504887377809155,0.9255982264514894
0.22434377764368607,0.11314689879028425,0.06788999829437631,0.49257226419259337,0.44487887802802106,0.9259855281786288
0.22285177939180834,0.10840181783665051,0.06511820707033034,0.4959929479346308,0.4423629409263867,0.9263728077590547
0.22135975610876635,0.10616663941268134,0.06351898897462357,0.4887916547753668,0.4662643433913445,0.9267599323124855
0.21986777350136721,0.1080987282502559,0.06436991945587195,0.5111504489719387,0.4494687632808336,0.927147167599484
0.21837570328488987,0.10651213865569042,0.06355038564226959,0.5038158911871302,0.4419889502761407,0.9275343585930557
0.21688368000184743,0.10681031143956862,0.06372795333080686,0.47961632971352053,0.4370590735230735,0.9279216381734815
0.21539161291426545,0.1061274229958103,0.06328415031144122,0.49372609918199917,0.42757331066718507,0.9283088070203395
0.21389951766662252,0.1063876630952563,0.06340500036808361,0.4838539144915235,0.4402379940501078,0.9286961087474789
0.21240740990339724,0.10399796476558529,0.06327465494984788,0.5045909385534522,0.44474288142794194,0.9290831779341258
0.21091529275348453,0.10285341180860058,0.06084851259476712,0.4901175901482975,0.4148576285592753,0.9294704685879084
0.20942314744351176,0.10324984912567989,0.06201132918373489,0.49891202299076887,0.42264343391411785,0.9298576374347663
0.20793101464912045,0.10216434428502524,0.06108518835588014,0.49331391598380137,0.43323416914574864,0.9302448284283379
0.20643884117908673,0.10121332740265637,0.06180393632096215,0.5261867967397182,0.43972800679978263,0.9306320637153366
0.20494669899800932,0.0992618323925315,0.06027779488221699,0.4898201670120257,0.41235869103263667,0.9310191882687674
0.2034544097588351,0.09701003338812858,0.05926407096386152,0.493565157129755,0.4164895877602248,0.9314064235557661
0.20196224567548793,0.1005643166222003,0.061728734827839804,0.5079840639968818,0.38449638759027494,0.9317935481091969
0.2004699939830621,0.09633929212847811,0.058378567627581035,0.5017222943895794,0.3910922226943967,0.9321806726626276
0.19897776419290603,0.09616366394259121,0.05807276829011376,0.5077310359295488,0.4192095197620347,0.9325680186831943
0.1974854593092532,0.09618497604658971,0.059440587301173436,0.4993270255538096,0.39615809604754304,0.9329551432366251
0.19599319197234966,0.09629026713756883,0.058602051697529384,0.4981222831597709,0.42517637059074787,0.9333422677900558
0.19450084641305354,0.09691177779456842,0.05975194219985258,0.5229785978043819,0.38820229494251635,0.9337293923434867
0.19300854465829742,0.09507240197317188,0.059150613566361754,0.5167007459046642,0.379124521886979,0.9341165168969175
0.19151621787237527,0.09276091477414769,0.0566052147817592,0.5017417122685695,0.36438589035276436,0.9345036414503483
0.19002387857087122,0.09176833928898176,0.056947689676709295,0.5121087947624303,0.37722056948575755,0.9348907660037791
0.1885315204959932,0.09323003137206076,0.05780784991503091,0.5130233411244431,0.3801954951126163,0.9352777798236419
0.187039094836968,0.09142625320088316,0.05689861924162204,0.5091988528600093,0.37314067148315644,0.9356650815507813
0.18554671485981977,0.08870959465558231,0.054440549009855094,0.5041685500487096,0.3605949851253172,0.9360521839574985
0.184054259789177,0.0894854213944703,0.055797555703575974,0.5122868912599174,0.3806544836378407,0.9364392642175021
0.18256184226528083,0.08668521296495388,0.05342074938810251,0.513215216771234,0.3579600509987131,0.9368263887709329
0.1810693934524279,0.08741840655620395,0.05553132258611859,0.5107002639124041,0.3569400764980628,0.9372135133243636
0.17957687580387072,0.08793804285299128,0.05576351405758401,0.509129639438578,0.36418189545258883,0.9376005935843674
0.1780843863153745,0.08701302959818569,0.05648989815261876,0.5121883326184986,0.3801444963875156,0.9379876074042302
0.17659193750252244,0.08376373830610043,0.05374634732917169,0.5087391772624816,0.351007224819341,0.9383747762510881
0.17509940108059086,0.08324091234542605,0.052748714617991854,0.5155245545433329,0.33251168720778423,0.9387619008045189
0.17360685840086854,0.08478062246290757,0.05375426013049944,0.5073114270802854,0.33495962600932216,0.9391490253579498
0.1721143032055643,0.082101269039245,0.05247721146418166,0.5142741066713439,0.34432639184024083,0.9395359284442447
0.17062171985019736,0.08236257474389092,0.053103329852881215,0.4983612541122522,0.34402039948997754,0.9399231083644595
0.16912917717047504,0.08144694096035848,0.05260596325529679,0.5009368431698922,0.32122396940076214,0.9403101775511062
0.1676365249794043,0.07951697975732741,0.05028589670542824,0.4923204274061799,0.3407224819379735,0.9406971913709691
0.16614392285066515,0.0792501314752993,0.05173683886442204,0.5105099766401724,0.3420994475137604,0.9410843159244
0.1646512831751772,0.07958219443797712,0.05260782248693746,0.5096458611704249,0.3375435614109392,0.9414712633041221
0.1631586059529413,0.07674533348061097,0.04823997828771581,0.5108747468577686,0.2890607734806281,0.9418583435641258
0.16166596001966216,0.07647933625240028,0.049712013872347,0.5012839427205134,0.2899107522310942,0.9422454681175566
0.16017323774132874,0.07636062497244359,0.04990858556429692,0.5054490579092379,0.29812154696128346,0.9426324819374193
0.15868055739019704,0.07497628581448124,0.04987508398082918,0.5246561198860644,0.30663833404162233,0.9430194957572824
0.15718784575010858,0.07490190800186905,0.05049697483091725,0.512706778074729,0.3010114747130501,0.943406620310713
0.1556950827961323,0.07629603785458774,0.0498394487077167,0.5225661763500005,0.2780620484487599,0.943793523397008
0.15420229418521014,0.07467725482507287,0.04936029815346868,0.5179317758976629,0.2712792180194583,0.944180537216871
0.15270951527386512,0.07344340558267703,0.04822044528863398,0.5120159145600618,0.3164130896726647,0.9445675510367337
0.15121676139368567,0.07293656370000151,0.048170312435466406,0.5113006297865419,0.27517212069699326,0.9449545648565966
0.14972394462270344,0.07008244029598226,0.047961337012428135,0.5116786232223458,0.27726306842328086,0.945272037995809
0.1482311472508746,0.06980684904511586,0.046301959492920236,0.5010972292910405,0.2778580535485844,0.9455873629038036
0.1467383054487268,0.06902484501433906,0.04656898057045389,0.5119626643029536,0.26869528261795494,0.9459027321052255
0.14524549243241935,0.06787688784208476,0.04609588579926399,0.5221040784812694,0.25210369740750593,0.9462095748219179
0.14375262215732043,0.0675934118279102,0.04664101694304512,0.5041662469055981,0.2743731406714005,0.9465164175386104
0.14225973686352322,0.06668843409637701,0.04651067152480942,0.5294136590761291,0.2541436464086928,0.9468232602553027
0.14076679024337135,0.06529642472648903,0.045033874979155564,0.5138297588883156,0.24292392690176712,0.9471301029719952
0.13927385770324952,0.06613278177417475,0.04720909189062031,0.5147685676717253,0.2446238844029267,0.9474369456886875
0.13778098179613885,0.06374691676253838,0.04451567170696985,0.5153619049884375,0.23935401614949114,0.94774378840538
0.1362880307955323,0.064756559810185,0.04603045855248106,0.511303846245025,0.24241393965155567,0.9480506311220724
0.13479502316191505,0.13334488215747436,0.09844987889983242,0.5232958359132842,0.12860178495532182,0.9483572966650563
0.1333019970678122,0.18244008500668812,0.1350657417668021,0.5081802679643475,0.2895027624308568,0.9486640286481808
0.13180905545389354,0.22206663472473365,0.1752969469601496,0.5201537530689879,0.29358266043334424,0.9489708159980892
0.130316063464754,0.24879409786310758,0.21641786089467907,0.5093213165385491,0.3405864853378944,0.9492776587147816
0.12882300295279991,0.28629673192831023,0.2647211533238834,0.4819089498433804,0.7609179770504397,0.9495844460646901
0.1450463156954931,0.2792842898433271,0.25294981708038033,0.8023837690039586,0.917365065873355,0.09675161280208247
0.41106180898744116,0.28017541828311765,0.2539537844593644,0.8101213371238833,0.918181045473716,0.10090381154490424
0.4105440862667522,0.27826762381375886,0.2544192231802626,0.7714376660074782,0.9178070548235837,0.10091335677845853
0.44157466181044214,0.27793214590824233,0.25440919660962913,0.7705005250173562,0.9321716957075523,0.10080523652274634
0.4417159658674268,0.2767669209255504,0.25735038154310647,0.8028273225997071,0.9183850403740053,0.10080845886957265
0.4112775945283187,0.278380160483719,0.2596353599651739,0.8479535600576531,0.9262388440288305,0.10091787470802945
0.38118798085081673,0.2771215833005219,0.25591554165814334,0.8599432862921648,0.9189970250744182,0.10114308463845495
0.3811895424826415,0.27893964701791996,0.2560838795896073,0.8293965403693138,0.9108372290692159,0.10114454078487303
0.3809934511497284,0.28129737540366506,0.2542297752228787,0.8419321115212077,0.9120611984699281,0.10114813408915187
0.3812516009991991,0.2809501740530212,0.2522827933822155,0.8235101433797916,0.9165150871227752,0.10114856595006673
0.38114614751581755,0.2776454748663962,0.2463948834476458,0.8160842540578108,0.9214279643008467,0.10115193225053136
0.4104977786109565,0.27927555223827333,0.24587113125436114,0.7829221302946034,0.9198980025498713,0.10094422929719321
0.44248296582815794,0.2802491649570795,0.2482759012990584,0.7921860469475075,0.9176370590733995,0.10082643092764527
0.4426240486722204,0.27750714822629124,0.24415528621388147,0.7692520626135664,0.9108372290692159,0.100829631127758
0.4427650460974304,0.2805243253172527,0.24752391514165772,0.7687794417633786,0.9230769230767919,0.10083283132787076
0.44290602474926644,0.277890156414752,0.24751547334466076,0.7736185042777111,0.9172290692731622,0.1008360315279835
0.4430468845030675,0.28023680322158917,0.24941733451078765,0.7562320769303805,0.9167870803229334,0.10083923172809625
0.44318775051465975,0.27855599875116793,0.2465930376998613,0.7720454575326818,0.9180280492987549,0.10084244300156575
0.4433285821083994,0.2770416557588148,0.24616110720254383,0.7743446297075998,0.920662983425359,0.1008456432016785
0.4434693542531223,0.27961209574898976,0.24673710159155982,0.7807946614095704,0.9190480237992915,0.10084884340179125
0.4436100606910358,0.27905900373995246,0.24759885103026,0.7840286317221352,0.9235019124521386,0.10085203252854721
0.4437507880925504,0.2791555554379496,0.24893105247517514,0.7708539383568513,0.919167020824375,0.10085522165530317
0.4438913944058034,0.279574157700773,0.2491904197157881,0.7875504155048865,0.9208159796004338,0.10085844400212948
0.44403195691451636,0.27881112537599684,0.24752233258139217,0.7859018018401878,0.9202549936251216,0.10086163312888544
0.4441725006498558,0.2798297098525106,0.24817167808537385,0.7835601406458022,0.9248788780280393,0.10086482779231977
0.44431295677611615,0.27794450764373274,0.24604026378601446,0.7843790668593311,0.9254228644283558,0.10086802799243251
0.4444534191601681,0.27973784789015,0.24991892200687055,0.7835828544020034,0.9200509987249461,0.10087121711918848
0.4445938051991658,0.27921693858849295,0.24710597093569414,0.76516747801501,0.9178070548235837,0.10087441178262282
0.4447341361696,0.2810921239295987,0.25024372756112145,0.7761792817425837,0.9239269018273717,0.10087762305609235
0.4448744421088695,0.27686624391223863,0.24611519746124572,0.7815830114128286,0.9215469613259302,0.10088078449945634
0.44501468234132924,0.27752398693396385,0.2435397145380006,0.7689440370771097,0.9164130896726874,0.10088399023624746
0.44515488596570973,0.2803354852360221,0.24893395420455716,0.7706908917083155,0.9178750531236801,0.10088717936300343
0.44529507613583874,0.28004305974730354,0.24803526581722501,0.7645658017318604,0.9175690607734168,0.10089036848975938
0.4454351630524114,0.2806345171193945,0.24961258703362113,0.7731658175282454,0.920662983425359,0.10089355761651532
0.4455752562267761,0.2790069982727541,0.24688011191866197,0.7744537510398393,0.926034849128655,0.10089675781662806
0.4457152774365394,0.28020078183238967,0.2486743213594241,0.7714593076108516,0.923858903527389,0.10089994140670563
0.445855239197285,0.2791983959852573,0.24648881448617674,0.7706602360793167,0.920662983425359,0.10090312499678317
0.44599514776680493,0.2812340738061762,0.24905532661675572,0.772159582244784,0.9202549936251216,0.10090631412353913
0.44613504069184673,0.27882561832188707,0.2470553113002284,0.7779764481379625,0.9189460263493174,0.10090950878697348
0.4462748960701406,0.2803011704242779,0.24844714317327546,0.7917743005523137,0.9172970675732586,0.10091269791372943
0.4464146275441654,0.27938297275172413,0.2501600842710021,0.7671185976145711,0.9260858478537557,0.10091589257716378
0.4465543734111108,0.2800899499519566,0.24765373156422424,0.7725585819341376,0.9183850403740053,0.10091905955720615
0.4466940817313083,0.2769295455097274,0.24443391642231418,0.7675390800698425,0.918079048023742,0.1009222486839621
0.4468337484371938,0.27904983882006185,0.2495920071100559,0.7725787145816796,0.918181045473716,0.10092542673736125
0.44697335037493824,0.2807423649476822,0.24788249452400946,0.7831585995571533,0.9198470038248843,0.10092860479076042
0.4471129272815184,0.28142461867693386,0.2482824971446407,0.7841259990826344,0.9150361240969005,0.10093179391751637
0.4472524290946027,0.27860139782371235,0.24737378218667508,0.7920681498458266,0.9206969825754641,0.10093497197091553
0.44739187458756424,0.2792282347187834,0.24779911683841022,0.7724605792238146,0.91666808329785,0.1009381500243147
0.44753130756494297,0.278680045208837,0.24610464410831404,0.7753919244734253,0.9166170845727493,0.10094131700435707
0.4476706998666793,0.28136088976460816,0.250326577357737,0.7644374213580867,0.9250658733531054,0.10094449505775621
0.447810032719397,0.2817971835768498,0.25393030059304617,0.7595271202447591,0.9178750531236801,0.10094767311115538
0.4479492717052449,0.27904237958366235,0.24854582410597406,0.7737532778590872,0.9137781555460833,0.10095086223791133
0.44808849379505666,0.2791879526967124,0.2496107410822065,0.7703354134818929,0.919167020824375,0.10095401814459691
0.4482277140075315,0.2777503386425384,0.24491729894191566,0.7592685328664677,0.9139821504461452,0.10095719619799608
0.4483668747709877,0.27846712084095276,0.24863738241079217,0.7622123071470066,0.9150361240969005,0.10096037425139522
0.44850596356984473,0.2813353134518818,0.24969939544427155,0.7752084672117994,0.920662983425359,0.10096356337815118
0.4486450398531181,0.2782460971583778,0.24769806095862779,0.7620803529304738,0.9265958351040808,0.10096673035819356
0.4487840610678284,0.2796941545010967,0.24876244893919103,0.7795988139130652,0.920662983425359,0.10096989733823591
0.4489229934219017,0.28060723512317703,0.2481875103281424,0.7887605980817916,0.9258818529535802,0.1009730643182783
0.4490619570649317,0.2787378060168718,0.2462508195559473,0.7643925497767798,0.921325966850759,0.10097623129832066
0.44920076113428253,0.28176521184499564,0.24878329225390533,0.7726168355711083,0.9220909477262467,0.10097940935171981
0.44933962152375573,0.2800394374047951,0.24809120212915664,0.7526464007809721,0.9172630684231535,0.10098257633176218
0.44947843185089864,0.28072360958099224,0.2496526933161552,0.787174566374738,0.9194050148745418,0.1009860865858651
0.44961715769785826,0.27949124700088457,0.2486149543224413,0.7875278208767773,0.9277008074798232,0.10098956361989761
0.44975583035359135,0.282183175817456,0.2538791119619112,0.7620560110903489,0.9136251593710085,0.10099305172728694
0.44989447797815973,0.28193380453346356,0.24888514052050603,0.7800549950865618,0.9211729706756842,0.10099653983467627
0.4500331274800651,0.280593382255578,0.24958699382473915,0.7679426066266908,0.9274118147045556,0.10100002794206558
0.450171693753346,0.28046656450921786,0.2458407881513115,0.7772561202752162,0.9269528261792175,0.1010035160494549
0.4503101786753394,0.27897246980359147,0.24643472523234528,0.7672699697100944,0.9146451338716588,0.10100701523020102
0.4504486573395421,0.2790538884774072,0.24710702671366153,0.7841946962823338,0.921376965575746,0.10101049226423356
0.4505870859414136,0.2814361275706787,0.24907485297572457,0.7748058142609591,0.9170250743731003,0.10101396929826609
0.4507254676098511,0.28220299678934585,0.24947696715229056,0.7837011088879604,0.924606884827881,0.10101744633229862
0.4508637773136872,0.28024511529973417,0.24769172850419455,0.7629059503171529,0.928516787080298,0.10102093443968795
0.4510020838886284,0.2805324246319434,0.24822471266792345,0.7651921772394106,0.9159031024223623,0.10102440593704207
0.45114034478169307,0.28289910517412475,0.2505368686298352,0.7784344559422027,0.9221419464513474,0.10102789958110978
0.451278557489764,0.28196407058182654,0.2499273660172385,0.7797822711746909,0.9194560135996426,0.10103137661514232
0.4514167076199218,0.2804469563007823,0.24982367179922313,0.7752951527533858,0.92239694007651,0.10103485364917486
0.4515548045588531,0.28221450747101884,0.2503207727922875,0.7827020212900166,0.926816829579252,0.10103833068320739
0.4516928889822025,0.2806752264563024,0.24951205793613687,0.7799493681783536,0.9205269868251662,0.1010418077172399
0.45183087015199463,0.2814237658351883,0.25003528113375234,0.771933238870051,0.9196770080747001,0.10104529582462923
0.4519688607084733,0.2810584474082175,0.2482379065724591,0.7843579017683253,0.9161070973225378,0.10104877285866176
0.45210680433151795,0.2830389229463383,0.2511703841044194,0.767965320382892,0.9201869953251389,0.10105221667262392
0.45224466941928076,0.280321631474459,0.24701414923972695,0.8010554907785525,0.9198130046748929,0.10105570478001323
0.4523824972731858,0.2767262115886425,0.2464479180301954,0.7694705435342295,0.9272588185294808,0.10105918181404577
0.452520306353716,0.28020291304278955,0.24817932970892354,0.7831458131419491,0.9166170845727493,0.10106263670136473
0.4526580904030819,0.27928237139638157,0.2467969976242118,0.7630449728004756,0.9149171270717034,0.10106611927207564
0.4527957899722641,0.2788571627389043,0.24697589112197854,0.7791804757634493,0.9178070548235837,0.10106957969607297
0.4529334426080118,0.28016731896842695,0.24661467340139387,0.7682847425068133,0.9186570335740498,0.10107304565674871
0.4530710764703856,0.2816648250410356,0.25082262367951946,0.7811458113153185,0.9231959201018753,0.10107651161742445
0.4532086039503067,0.28049427203234406,0.2500603475603361,0.7812563224752975,0.9172970675732586,0.10107998865145701
0.45334615959028923,0.28148131387976877,0.24971443530022183,0.7591742231269958,0.9197620059497922,0.10108345461213275
0.4534836476461246,0.2805771836261966,0.25148806481741875,0.7642406217501609,0.9150871228218875,0.10108690949945168
0.4536210969036545,0.27828851128481275,0.24897221232230557,0.7639925573533266,0.9288227794304476,0.10109036438677062
0.45375849922774947,0.2826838350444581,0.25082420623978496,0.7602428021119187,0.9260858478537557,0.10109384142080315
0.4538958317774706,0.2828818409395434,0.2531648593533318,0.7656154790595251,0.9248788780280393,0.1010972963081221
0.4540331433635916,0.2819173931406278,0.25047248830753566,0.7766181496333815,0.9259328516786809,0.10110076226879784
0.45417041740296327,0.28497378664846035,0.2534498220161977,0.7865532736657783,0.9224309392265013,0.10110421715611681
0.45430762573552785,0.280878985904296,0.24865875472117566,0.7616882229610902,0.9201019974500468,0.10110768311679252
0.4544448246814041,0.2825625598754801,0.24874767247438984,0.7660280593513626,0.9208159796004338,0.10111113800411149
0.4545819754422875,0.2810535466970548,0.2470225932500949,0.7636074559413688,0.9209689757755086,0.1011146039647872
0.4547190179433813,0.2808020442026625,0.24828751042995748,0.7532460121771944,0.9194050148745418,0.10111805885210616
0.4548561167645966,0.28134128155617266,0.24962182232412186,0.7707426330095923,0.928975775605636,0.10112151373942513
0.45499310294556805,0.2790200000865357,0.24743130327224322,0.7564886788404723,0.9243178920527271,0.10112496862674407
0.4551300515797916,0.27863208939898404,0.24698934620429225,0.7766782299010955,0.9303867403314143,0.10112841244070622
0.4552669479614577,0.2809604045781117,0.24947036909333725,0.7723587247051849,0.9297917552059971,0.10113186732802516
0.45540381524439466,0.27695320337550833,0.24300778393886807,0.7783191796585447,0.9194560135996426,0.1011353443620577
0.45554061056273154,0.2838234828204596,0.24987010832281942,0.7881759571157931,0.9238079048022882,0.10113877710266306
0.4556773745921108,0.28090584237360483,0.25020414806088553,0.7704174133185286,0.9244368890776968,0.10114222091662521
0.4558141417503858,0.28202886331142396,0.24991285294358642,0.7723462956742566,0.9212749681257719,0.10114568134062255
0.45595087574236715,0.28216740271498325,0.2505772383035184,0.7750996635544716,0.9221419464513474,0.1011491306912631
0.4560875240026072,0.2815102997715493,0.2504761824237359,0.7651829646669654,0.9239269018273717,0.10115258557858206
0.45622410655603884,0.2823010414073798,0.251280674168017,0.7631205397201453,0.9215469613259302,0.10115602939254423
0.456360675655219,0.28171768334997954,0.2507178736835367,0.7737912400110598,0.9188950276242167,0.10115948427986315
0.45649719250184084,0.27111280721925357,0.19717496170978835,0.7734097124418611,0.9073863153420234,0.1011629502405389
0.4566336592861324,0.2590372814852277,0.17088107925032414,0.7659286668133003,0.9059753506161314,0.10116636083443069
0.4567700728791988,0.2428147367763848,0.15155242743275035,0.7613995358848957,0.9043093922650769,0.10116982679510643
0.45690651776122104,0.22987365891529477,0.1385496828969768,0.7818260327204365,0.9146451338716588,0.10117326507239019
0.4570428124562511,0.20798719013818862,0.12189175757018253,0.3786273560905846,0.7930301742455867,0.10117670334967394
0.45625183576806316,0.20487367590061253,0.11857827478089064,0.3860264018825099,0.7850403739905687,0.8927565880453433
0.4547552599418325,0.2066665906201211,0.12087433732225578,0.3812371746199823,0.7917212069697825,0.8930444399551383
0.45325872479124474,0.2047494166794891,0.12102525823731469,0.3596794374231451,0.7751806204844343,0.8933320150310133
0.4517621458361192,0.2040822941864907,0.11897221055160878,0.3785044953184049,0.7865193370165571,0.8936197451338838
0.4502655825254709,0.2042321315082687,0.11989146779565113,0.3756402588939347,0.7796685082872727,0.8939074973834676
0.44876900982813606,0.20381225087679106,0.11868302256350238,0.3887642434014056,0.772426689332633,0.8941952496330515
0.4472724120996361,0.20393864130831435,0.11899146687931555,0.38625723241537346,0.7757756056097378,0.8944829797359217
0.4457757736954928,0.20415540257008957,0.1188471329563549,0.39740615257679823,0.7785125371864297,0.894770554811797
0.44427917283809704,0.20268539125715276,0.11853104144373408,0.39256081598295567,0.7828644283893027,0.8950492712022391
0.4427825500784319,0.2028203083182036,0.11807614943565459,0.3862905882811236,0.7712707182320173,0.8952978680622081
0.44128586161195704,0.20114270066338216,0.11772892464653681,0.38965301838618993,0.7665958351041127,0.8955464649221773
0.4397892219562545,0.19884870118996278,0.11650068302415711,0.38295579589339246,0.7697917552061426,0.8957950617821464
0.43829253974757165,0.20017526881232117,0.11617798459909895,0.40263027679372465,0.7605609859754168,0.8960437693756835
0.436795854409993,0.1973607873520816,0.11472495080450942,0.3944188171239642,0.7547811304716561,0.8962922555020848
0.4352991221389795,0.19776873177497753,0.11608274324493556,0.3740938571321415,0.7659498512535947,0.8965409188021948
0.4338024242858185,0.1969767099825645,0.11527138783718105,0.3933123951151605,0.76447088822772,0.8967895599555908
0.4323056669836389,0.1979143048880276,0.11448852958106154,0.38914874917290354,0.7489162770930307,0.897038101448776
0.43080892532593884,0.1937689880208454,0.11247663952911505,0.3980912185243233,0.7590310242243277,0.8972866429419614
0.4293121523792811,0.19522642662276568,0.11395475081714335,0.39898507630769786,0.7609179770504397,0.8975352398019304
0.4278153544014587,0.19605659743892162,0.11388825229879604,0.4039767419078373,0.7529791755205224,0.8977837259283317
0.4263185532947409,0.19510749542764186,0.11314787969903642,0.39062637431626945,0.7459753506161633,0.8980323227883008
0.4248217772191878,0.19318435338271903,0.11182649721157306,0.40579606612832175,0.7576370590734314,0.8982808089147021
0.42332492292124346,0.19268156294531705,0.11257980696483222,0.4015691631692313,0.7485592860177803,0.8985294057746711
0.42182811868562986,0.19135136940459382,0.10951619384118894,0.40560601711227373,0.7601699957500614,0.8987781133682083
0.4203313125726784,0.19208669599417194,0.11204893214366704,0.41330673494241776,0.7624989375265159,0.8990264887610415
0.41883442698577733,0.1905452819811274,0.11048902351693407,0.394850735876064,0.7281427964300065,0.8992750413275835
0.4173376039767889,0.19003631246390845,0.10990168338816814,0.38517646265570593,0.7502932426689313,0.8995235717474119
0.4158406620697668,0.19038734892051512,0.11004047281677179,0.4043443711996402,0.7399915002123407,0.899772168607381
0.4143437889984476,0.1899094947175483,0.11031356074421853,0.4027850638945507,0.7378665533361755,0.9000206547337822
0.41284687212259064,0.18779644966808723,0.10917344006149277,0.39826995037163404,0.7410114747131047,0.9002691408601835
0.4113499677623156,0.18520085174038184,0.1078897955495926,0.40887004741337774,0.7436464088397088,0.9005177377201528
0.40985302272639723,0.1849203615662809,0.10603120578653089,0.42545442502687436,0.7422354441138168,0.9007661684797699
0.40835606517489564,0.18402177567801903,0.10655653832671011,0.3973073159698317,0.7425924351890671,0.9010147099729551
0.4068590669477503,0.18504802857853025,0.10787580704486774,0.4131457928901736,0.7378665533361755,0.9012633068329241
0.40536206559171006,0.1844518796828745,0.10626234812014196,0.4218533416442385,0.7235019124522069,0.9015117265191847
0.40386509239573076,0.18315366502571812,0.10582434413279834,0.4040534603990624,0.7317977050573745,0.9017601683521588
0.4023680691374203,0.18260142764635454,0.10612883758137515,0.4125092120760785,0.7217679558010559,0.9020086544785599
0.40087104900800563,0.1815581179109318,0.10422511718360758,0.41661901212076713,0.7248618784529981,0.9022571406049612
0.39937402574969516,0.1811092478118173,0.10573859814022829,0.4072191703149315,0.734177645558816,0.9025056710247895
0.3978769712024284,0.1825261916282122,0.10507156558857939,0.42242690369768443,0.7091542711432339,0.9027541128577636
0.3963799291707444,0.18265087280038794,0.10559610131519831,0.4022354862969537,0.7294177645558193,0.9030027097177328
0.3948828245611473,0.1809604778831674,0.10428237709139765,0.4091430492907968,0.7209009774754804,0.9032510851105662
0.39338577001388053,0.18016206782333943,0.10376364039680075,0.42985628744369664,0.7098002549935245,0.9034996155303945
0.3918886403731179,0.17911598679922558,0.10325546148187753,0.41180028080079656,0.7183680407989641,0.9037479466298007
0.3903915295057292,0.17726616053757138,0.100790000804339,0.42407357160354797,0.7119422014447991,0.903996432756202
0.38889440925165397,0.1765033409762496,0.10245782897432784,0.42506114348593504,0.7136421589459587,0.9042448081490351
0.3873972483219341,0.17377262037575172,0.1007203438055736,0.42080529240049747,0.719694007649764,0.9044934050090043
0.3859000999077975,0.17677360420111635,0.10330216360999392,0.41389296428297584,0.6912707182319764,0.9047417804018376
0.38440296713813904,0.17611755971116952,0.1023918616650207,0.4269621101587793,0.7012324691881986,0.904990155794671
0.38290570295486326,0.17537244063890683,0.10142852292412691,0.4245676355102894,0.7041903952400617,0.9052386419210722
0.38140852950956106,0.17373042527051982,0.10064514452582221,0.42104636794927,0.69307267318311,0.9054870726806895
0.3803846828844022,0.17127720900404927,0.09970212895745753,0.4116593125586383,0.6887887802804471,0.9057618580294704
0.37889774405680976,0.1721141989783135,0.09921188720112462,0.40369254198977367,0.7023544411389366,0.9060108978237112
0.3769168652444548,0.17385318441989367,0.10149792317185624,0.424956668149282,0.7062133446663665,0.9062321434924054
0.37541962922123995,0.17475028632775969,0.1010578054152069,0.4334184556496239,0.6939226519335762,0.9064806296188067
0.3743903283051626,0.17134520391303104,0.09930740522666309,0.4244773761259444,0.6842328941776259,0.9067533663965812
0.3733577420486407,0.1705960262437821,0.09881557205658065,0.4257843304228883,0.6834169145770375,0.9070283178457142
0.37185062872760044,0.16753664868380416,0.09687809775105127,0.42484838071368625,0.6890947726307104,0.9072747000343251
0.3703500660625174,0.16782267249564634,0.09748179469151297,0.4382675249236816,0.667811304717361,0.9075234519212892
0.3688389289816558,0.16652444889884901,0.09609761886875759,0.4249138217455388,0.6830089247768001,0.9077696790829051
0.36733769047511,0.16896786731885044,0.09723931989837795,0.4202542852657969,0.6688652783680027,0.9080183866764421
0.365381819048443,0.16664018149044485,0.09649471976000681,0.4495243354270626,0.6649213769655944,0.9082414040822229
0.3633859528258676,0.16601249354155642,0.09635856645626509,0.42434708970269885,0.6833149171269497,0.9084618746159415
0.36188858226013876,0.16406910499783503,0.09501687407649861,0.4318725701095625,0.6754611134721245,0.908710250008775
0.36039119604993175,0.1639292890135496,0.09371184840073096,0.4501755689964695,0.6709732256693997,0.9089585700348244
0.35889380045303776,0.1640793319470692,0.09377227342905217,0.4427792631506593,0.6681172970675107,0.9092068900608736
0.35739641737172656,0.16365007720810296,0.09466039960996861,0.4168627084875629,0.6526646833827954,0.909455154720139
0.3558989873569809,0.16216365629025858,0.09326751417232515,0.42537929491020865,0.6686612834679408,0.9097036408465403
0.35440153543996455,0.1634593142101064,0.09562214251037085,0.43660552920331863,0.6649213769655944,0.9099519055058056
0.35290412732748777,0.16117362681483205,0.09263347191544286,0.4194697473614817,0.6540756481086873,0.9102002144584981
0.3514066190903504,0.15823062550059755,0.09098887086073615,0.4380222004729626,0.638929026774349,0.9104485898513316
0.3499091828178127,0.16029955342202484,0.09311395049229132,0.4452181725774518,0.643263918401999,0.9106968102171699
0.3484116432917186,0.15823723368317963,0.09109599801717372,0.42958221341344993,0.6659923501912317,0.9109450748764351
0.3469141913747027,0.1593600418575444,0.09301288797239587,0.43282388734262844,0.6476838079047411,0.9111934502692686
0.34541664871971234,0.15758205455047572,0.0897347659982124,0.4239603204974536,0.6505397365066301,0.9114417813686746
0.3439191592559485,0.15679493704508182,0.09107198294181529,0.44717393817259987,0.6423799405014279,0.9116900903213672
0.34242157279641905,0.1557763454168553,0.08958331387411328,0.4416349981179746,0.6301232469188562,0.9119382442470646
0.34092403639922075,0.15409298420912554,0.08918171983973244,0.45332503778246713,0.6316362090947223,0.9121867303734659
0.33942647059040265,0.15483363346091872,0.08845375318443219,0.43204979300104185,0.6358351041224068,0.9124348842991634
0.337928887259769,0.15452437552227619,0.08909227751759108,0.43319060331905956,0.6398980025498986,0.9126832596919966
0.3364312382223269,0.15322359697609853,0.08789068266868974,0.44346659253193144,0.634526136846489,0.9129314689844782
0.3349336392472142,0.15392375680615095,0.08893871383755725,0.4421520537464654,0.6509137271567624,0.9131797890105274
0.33343601211204144,0.1521598226146383,0.08683368734726907,0.43184493239222665,0.6250743731407056,0.9134279429362249
0.33193841626582543,0.1510417059638383,0.08683870063258584,0.4319094998180715,0.6309732256692087,0.9136762075954904
0.3304407672283829,0.1497006436076615,0.08723078823851832,0.45292568070883754,0.6243943901400826,0.9139245829883236
0.3289431056753571,0.15234099337790735,0.08732842003336261,0.4516796008668871,0.6480577985549871,0.9141727369140211
0.3274454722823932,0.15030617018666223,0.08613763971517102,0.4466492186368596,0.634985125371827,0.9144210015732865
0.3259477512803506,0.1461060765635906,0.08374025790287434,0.4470984109622942,0.6301232469188562,0.9146691554989839
0.3244500834695341,0.14761616071100042,0.08524791769376303,0.43726549883280286,0.6229154271143216,0.9149175308918174
0.3229523937564478,0.14548350208931926,0.08366084215136649,0.43794849989340046,0.5981470463237883,0.9151656848175148
0.32145465398103124,0.14684289964906191,0.08449277084257323,0.45460848413593036,0.6010369740756687,0.9154139494767801
0.31995690607048566,0.14623588015002437,0.0842777307829928,0.4379745095268126,0.6107947301317154,0.9156622141360456
0.3184591193616346,0.14537651246656175,0.08374210606766,0.4705247914096893,0.5908542286442753,0.915910423428527
0.31696139523069533,0.14232032635839903,0.08304869013368182,0.4513669293348441,0.6102507437313989,0.9161586327210084
0.31546361790853084,0.14341819472247228,0.08297033680025437,0.45770644987683573,0.5923161920951543,0.916406786646706
0.31396582494188774,0.14290858155110567,0.08323313033917651,0.44635842696437367,0.6026009349765218,0.9166549405724034
0.31246802258855766,0.1397330494484796,0.08066924990671748,0.4603116224106467,0.6003739906501551,0.9169032052316688
0.31097020146185406,0.14107667032989316,0.08179644228942773,0.45401911775561743,0.5994560135995926,0.9171513591573662
0.30947236469067185,0.1386462608753861,0.08082150769786087,0.43599321081062037,0.6047768805779015,0.9173995130830639
0.3079745498217594,0.13906784361449853,0.08122334520305177,0.46486410244507637,0.6039949001274181,0.917647733448902
0.30647672744349697,0.13572179858853084,0.07835156273067473,0.4562322794481366,0.5832554186144989,0.9178959316680266
0.30497883122329705,0.13974030128520928,0.08191411615868402,0.45196860561799346,0.5802634934126445,0.9181440855937241
0.30348099445211485,0.13925817750973002,0.08090329175633953,0.4534295925378482,0.5805354866128027,0.9183921952259945
0.3019830982319145,0.13663509912577823,0.07889589706089564,0.4541164056973883,0.5736846578835184,0.9186451549885394
0.3004835249236404,0.13633158043661853,0.07826026117689275,0.45199322542366627,0.5780365490861641,0.9189057110738434
0.2989889390750511,0.13599269652790427,0.07956924878675173,0.4662229171713894,0.5493072673182269,0.9191669315605548
0.2974893407356114,0.13317075583126523,0.07888375450758536,0.46129073619850436,0.5669358266042082,0.919427531939286
0.2959914163553501,0.1340201111168762,0.07756184523782383,0.45410044253306525,0.5625159371015798,0.9196883316384394
0.29449349948443926,0.13187636734043073,0.07792728164353596,0.46105120931492727,0.5514322141946195,0.9199490427507383
0.2929955125262649,0.13018085716066494,0.07598847931540612,0.4679117961311723,0.5739056523585759,0.9202097649363943
0.2914975787593175,0.12986476933634505,0.07678241549338452,0.4565042885914561,0.5536081597959992,0.9204705978556179
0.28999955738329053,0.1284077687768308,0.07556446383278742,0.4758972301011115,0.5540161495962366,0.9207313754080577
0.2885015672962217,0.13070346856995677,0.07648531470395034,0.44340873598860076,0.5450573735655553,0.9209921529604975
0.2870035271468212,0.13036948358447706,0.07649613808814412,0.4440522262320299,0.5387165320867098,0.9212528197793695
0.2855055151574817,0.12717668367141327,0.07442092570523642,0.46961902081711804,0.5403484912876593,0.9215135973318093
0.2840074843947682,0.1270515716085443,0.07660088587075586,0.4723106009269675,0.546570335741535,0.9217742641506811
0.2825094661476375,0.12719628651606424,0.07494467568515006,0.47623996162169413,0.5359966000848999,0.9220350970699048
0.28101139032882694,0.12580088008261947,0.07425548507641244,0.4676742547157948,0.5128261793454385,0.9222958192555607
0.2795133157615748,0.12483920714825136,0.07299874630239772,0.4669675074555326,0.5510242243943821,0.9225565303678596
0.27801522867873896,0.12447815293000844,0.07344254932176333,0.4666366490347824,0.5492052698681391,0.9228172636268723
0.27651715098259055,0.12263365469435386,0.07307659056049501,0.4592126260529088,0.5298767530811119,0.9230779304457444
0.27501897941957276,0.1214590573921015,0.07214861263470965,0.4693065875412583,0.5456523586909725,0.9233698241307682
0.27352085791888525,0.12109330986236569,0.07186997135942191,0.45282859131388653,0.5278368040798114,0.9237615994940513
0.27202274267598936,0.12104130797102369,0.072431990523939,0.4887030234749452,0.5192180195494984,0.9242025959282727
0.270524527308432,0.1195427380811433,0.07105967836974778,0.4515044825716992,0.5128261793454385,0.9246435923624942
0.26902640267884825,0.12035158964158799,0.07098236532069066,0.48819593489681545,0.5390225244368594,0.9250845998700724
0.2675282354962847,0.12091341746775089,0.07233092800404356,0.46714929692387064,0.5111772205693796,0.925525585230937
0.26603005141768366,0.12038569258384196,0.071644915796063,0.4720876328481738,0.49757756056101243,0.9259666370319425
0.2645319080147268,0.1176381296998151,0.07014305503719637,0.4780507086195569,0.5095452613684301,0.9264076888329479
0.2630336582293169,0.11643304822196088,0.06882694037271483,0.47171972559082276,0.4951976200594572,0.9268487406339532
0.2615354366039684,0.1152266973150933,0.06908103536360394,0.4615521429416387,0.5048193795155385,0.9272691959913264
0.2600371743029761,0.11757995051658435,0.07025439645201942,0.47461592805330377,0.498597535061549,0.9276548810083742
0.2585389558065234,0.11546413417843215,0.06929712677440972,0.4667620114968931,0.4996175095621993,0.9280406767589902
0.257040652829887,0.11313389161271806,0.06741901507912115,0.4838562573439986,0.488108797280006,0.9284264060694652
0.25554233420877326,0.11309105285333854,0.06928023875367381,0.4650018542287515,0.5112622184444717,0.9288121575266538
0.2540441125834243,0.11331272019006108,0.06786757684613842,0.4711711804366894,0.47772205694855074,0.9291979089838425
0.25254576893114455,0.11196440778508276,0.0678052925861766,0.46666313518056257,0.4937356566085782,0.9295837490278855
0.25104751163638594,0.11115960766991159,0.0680340666128168,0.45856810336601583,0.4759031024224214,0.9299694894117172
0.24954914921073268,0.10989612351780309,0.06652191367879656,0.48522607156413633,0.49099872503188635,0.9303551190619811
0.2480508524918874,0.10957961553035908,0.06632666115596311,0.46352041698644286,0.4614534636633607,0.930740914812597
0.2465525088396081,0.11053617499011009,0.06682086041964538,0.47877036142311535,0.4763620909476458,0.9311266551964288
0.24505413389837205,0.10750812193198228,0.06480396150912415,0.4830988409352872,0.48698682532926796,0.9315122405532656
0.24355571515259689,0.11000993408659704,0.06806071559966614,0.4756468228518018,0.47255418614531663,0.9318979698637407
0.24205731205129988,0.10438992153462598,0.06466490647600037,0.4755149877633611,0.46714832129180195,0.9322837656143567
0.24055895901233315,0.10599272048614197,0.06398099475709956,0.4664602997493108,0.44838079048020063,0.9326694506314044
0.23906050271981005,0.10205415427081155,0.061878604391673364,0.4737244528317681,0.4433149171270543,0.9330551356484524
0.23756210274740885,0.10595137285887107,0.06522902612959722,0.46409235095596557,0.4456098597535174,0.9334408206655002
0.23606364019709414,0.10259637210061073,0.06327888248845934,0.4678552102874891,0.4374500637483152,0.9338265610493321
0.234565168260092,0.10345297564709505,0.06363164955856304,0.48595402362476836,0.4534976625584477,0.9342123014331639
0.23306673386983867,0.10343677701771364,0.06295249880068493,0.4882627657564076,0.4257883552910471,0.9345978757166438
0.23156825254615,0.10032197368391413,0.06324087890837604,0.48592634619806874,0.46480237994046547,0.9349836714672597
0.23006976496467013,0.09867804523236615,0.06022159739250729,0.4761925883504561,0.4427709307267378,0.9353693121908805
0.22857126173871167,0.10040702542780741,0.062410532777434885,0.47520739902990816,0.44566085847850445,0.9357549307677876
0.22707274912606712,0.10215475026236956,0.06364986560189947,0.48954573559750303,0.43314917127065655,0.9361407265184034
0.22557423338452587,0.09825496778528872,0.060522925720552956,0.4848208772140008,0.43546111347211536,0.9365264115354512
0.22407565193617618,0.09671334458464625,0.05971157031279847,0.4842225365174262,0.4155036124096796,0.936912052259072
0.2225771268079484,0.09631413597887586,0.05976328351286059,0.4750135379149176,0.39792605184868535,0.9372977815695471
0.22107855787518105,0.09610036234510241,0.060309202616718016,0.48726419438019586,0.38728431789195383,0.9376833558530271
0.21957997955572672,0.09446772466006034,0.05997146433570957,0.4536680075592334,0.4066298342540904,0.9380689301365069
0.21808138872069005,0.09303246530730966,0.05767672981694491,0.48577001043204704,0.40441988950271934,0.9384546151535549
0.21658280101454963,0.09215752476933137,0.05864242358458355,0.4816718849403707,0.4126136846579129,0.9388403001706027
0.2150841632460776,0.09323729036050318,0.05883978987672275,0.4923500108823513,0.412715682107887,0.9392260405544346
0.21358554112208417,0.09198936297155669,0.05885774031553906,0.48139638137302043,0.39452613684659354,0.9396116259112713
0.21208693151367353,0.08856210845937126,0.056824471313096064,0.48643260087955453,0.4174415639607787,0.9399972444881785
0.21058828748741076,0.0894302191116722,0.05560282332292768,0.4989416858856681,0.3883042923926041,0.9403829295052265
0.20908959339881683,0.08989059274074698,0.057388327575543796,0.4841715496940653,0.39823204419883496,0.9407685037887065
0.20759091495470106,0.08899670016397807,0.057797303202212186,0.4854817998682206,0.38293242668930816,0.9411540780721864
0.20609225841285594,0.0877393933037584,0.05566140239983419,0.47608140213128913,0.3739566510837449,0.9415397630892343
0.2045935029979069,0.08592879418654437,0.05482947149525649,0.4788527186440268,0.3636719082022637,0.9419254481062822
0.20309480265152224,0.08578322107349429,0.05473000260248159,0.49795391545646095,0.3598810029749302,0.9423110223897622
0.201596067887285,0.08472861163192469,0.055437918329885844,0.49243411531527825,0.37637059073517776,0.9426965966732422
0.20009735502531756,0.08539403201728829,0.05516799552297022,0.4927134309815715,0.37229069273269033,0.9430821709567222
0.19859860461660217,0.08433558925768406,0.056297821817171384,0.4827851369597804,0.36509987250315135,0.943467966707338
0.1970998573367826,0.08192862669343173,0.051252398353482165,0.49832750115286206,0.33511262218439697,0.94385343025725
0.1956010599946314,0.08504811439908325,0.054897543720385356,0.5038324897012771,0.3524011899701236,0.944239115274298
0.19410229707033322,0.08068070645619801,0.053674844378991615,0.4782391295516808,0.3531491712707293,0.944624689557778
0.19260350911487034,0.08148359348820822,0.054339763161334764,0.4832472745378753,0.35699107522304985,0.9450102638412577
0.1911046617103893,0.08011824212760021,0.054379072630308556,0.46539934496227353,0.32345091372712886,0.9453958381247378
0.1896058318277234,0.07934732325158775,0.05274766326676647,0.4936102272578815,0.3565830854228125,0.9457815231417858
0.1881070000677214,0.07835750832754373,0.05254896895202682,0.5089311720373648,0.31874203144923285,0.9461669866916979
0.18660815579213574,0.0777014638375969,0.05179540466110258,0.4967818935783488,0.33094772630681746,0.9465525609751778
0.18510931464544633,0.07528513252964056,0.05012943129601238,0.487374864377631,0.32345091372712886,0.9469381352586578
0.18361045785427788,0.07543646277145535,0.050850538714581256,0.48450733207594965,0.3201529961751248,0.9473238202757056
0.18211153535630142,0.07468982396023308,0.05017270269907759,0.5062053227463936,0.2993965150870963,0.9477092838256176
0.1806127086025313,0.07338116780245998,0.04982995334612336,0.5017068077376239,0.2999405014874128,0.9480948581090977
0.179113793613904,0.07463611459747177,0.04998801016928878,0.4900205801720743,0.31364215894598146,0.9484805431261456
0.1776148226180445,0.07098421763605933,0.048506733760729365,0.49318311333882403,0.3066723331916137,0.9488660620428415
0.17611587790490857,0.07271405603703071,0.051006747372961014,0.49571887390438407,0.29280067998297454,0.9492326455194242
0.17461698168965478,0.07296363293276475,0.050050537900060726,0.5035079847787656,0.2936166595834493,0.9495466859180312
0.17311802978005897,0.0701734458407409,0.047899606095216485,0.4831484776402726,0.2902167445813575,0.9498603941159341
0.17161904595572697,0.06907066961379216,0.048558969316347705,0.4893661698535485,0.3048023799403836,0.9501743237809731
0.17012004398379998,0.06841997102912681,0.046181906249838145,0.5010450908961239,0.29620059498506635,0.9504882977394393
0.16862110678001363,0.06762965313227678,0.04708112363283948,0.494946526774813,0.2802379940501396,0.9507979309420432
0.16712211388188392,0.06559801245320593,0.04629351769592327,0.5003766234627463,0.26570335741587314,0.9511033784157799
0.16562310221038068,0.06405767656085865,0.04490643350367288,0.4992633317339725,0.27532511687206807,0.9514086708625216
0.16412405893703141,0.0663702186375136,0.04660617848349291,0.4851518944722064,0.2634934126646158,0.9517139633092632
0.16262501472501345,0.06251306752014255,0.046372145487354854,0.49226098248828976,0.25966850828717725,0.9520193664895727
0.1611259436044925,0.06361498554156117,0.04540511484363177,0.4955850533477437,0.2549086272842942,0.9523247696698821
0.15962686904218604,0.1363955274761831,0.10135174108410999,0.484543149922267,0.17060773480659464,0.9526301728501918
0.15812782921062274,0.18680705669509556,0.13929032110125653,0.49627782291188227,0.3084572885677517,0.9529355760305013
0.15662874870341437,0.22390260454293243,0.17846847741367772,0.49718029762724236,0.3711007224818559,0.9532408684772429
0.15512959278982086,0.25246560839674015,0.22048781413101923,0.49838607246474487,0.3915512112196211,0.9535462716575525
0.15363052479819617,0.2917649915722429,0.27240828686988033,0.45864565575388494,0.772324691882659,0.9538945287286451
0.1698385966901208,0.2842041461411021,0.25614984357885795,0.801390995194889,0.9259668508286722,0.09740267081463864
0.43578229371643307,0.2813885990756626,0.25645406810285815,0.7931032935462716,0.9348576285591434,0.10156057233620804
0.43537618934224787,0.28112665150479726,0.2565026161823892,0.7704392931780861,0.9272588185294808,0.10156853961641951
0.4663350086701654,0.281932951691718,0.2618733728679759,0.7542257216055117,0.9283467913302275,0.10147169757459946
0.4664657214153345,0.27920841374689354,0.2639200916406422,0.7955838978052516,0.9237569060773012,0.10147501958163692
0.43602419614940047,0.2820670159110233,0.26467629803253007,0.830306123060828,0.93106672333181,0.10157345065015655
0.40581713624433435,0.28247048514966516,0.26404146405284074,0.8171289677149767,0.9208159796004338,0.10174543095448531
0.40579113167959946,0.27908692492049714,0.25748441886417145,0.8239184350603188,0.9172970675732586,0.10174693693100895
0.4059908744337499,0.2847941123810845,0.25962295889013076,0.8153744094671573,0.9268508287292434,0.10174873081480916
0.4061970633387437,0.2851811702268906,0.25871213370425294,0.8233539267418621,0.9222949426263085,0.10174930662936234
0.4061203337433179,0.28328317896778543,0.2563516930539593,0.7936151472480797,0.9301317467062518,0.10175235180247999
0.434703525585721,0.2825906947134432,0.24961654454097051,0.7639957341024455,0.9258308542285931,0.10160296668268429
0.46717933615828366,0.2827377589586019,0.25381499613744624,0.7719527758771332,0.9279558011048721,0.10149353977087071
0.4673099059129213,0.28351017075465124,0.25354164371216487,0.7710492290089452,0.9299957501061726,0.10149684516787295
0.46744033079969016,0.2836041639274117,0.2552171190789614,0.7496642275454568,0.9214279643008467,0.10150015610155362
0.4675707056241283,0.2842094759550299,0.2551078825799601,0.7428969577345841,0.9261368465787427,0.10150346703523427
0.46770107731967103,0.28351485870235965,0.2506938630349203,0.7672131456102271,0.922838929026625,0.10150677796891494
0.46783137579905487,0.2832665548114954,0.25400365170801187,0.7550647010478546,0.9258308542285931,0.10151007782923879
0.4679616504988324,0.2805396711048885,0.2505402993548864,0.7468904490521513,0.9259328516786809,0.10151339983627625
0.4680919189408179,0.28837844746972224,0.2562057809974751,0.7433512328586094,0.9314577135571653,0.10151669969660013
0.46822219364059503,0.2848265078519191,0.2540606437979109,0.7454112752435902,0.9288227794304476,0.10152002170363757
0.4683523494423363,0.2851027356052203,0.25273820553248016,0.7629182602199891,0.9216829579260093,0.10152332156396142
0.46848250117651435,0.28024298408933435,0.24914952325980674,0.7554763680243206,0.9288567785804389,0.10152663249764209
0.46861259752923834,0.2846302094282531,0.2553836110590108,0.7502773401254348,0.9244368890776968,0.10152993235796597
0.4687426657219018,0.2825467885609356,0.2525872824040502,0.7653029663649376,0.9329706757330314,0.1015332432916466
0.46887264755704416,0.281439538937661,0.2511862141338169,0.7590047435614939,0.9295877603059353,0.1015365431519705
0.4690026563006908,0.28030436723987767,0.2495107387670204,0.760167949960801,0.9313557161070776,0.10153984301229435
0.4691326525287538,0.28452001673214716,0.25472265531744454,0.7482921101822075,0.9324776880577019,0.101543153945975
0.4692625486321558,0.28176606468674126,0.25199229065173456,0.7385591068125106,0.9195580110496167,0.10154644273294208
0.4693923978021224,0.2798642383216733,0.2502421438941704,0.7624598950314732,0.9244708882278019,0.10154976473997954
0.4695222313276113,0.28303274207859314,0.2544667165885118,0.7655521029146,0.9255758606034306,0.10155304245358981
0.4696520814362466,0.28236775258392277,0.2523978333399808,0.7490065213497197,0.9297917552059971,0.10155635338727047
0.4697818398682396,0.2824097402894849,0.2523239554427169,0.7531008347424533,0.9273608159795685,0.10155964771091594
0.46991155324413514,0.28406070423845187,0.25276195278994745,0.7524548030997289,0.9194050148745418,0.101562964181275
0.470041271000484,0.2830994550430642,0.2541764761424945,0.758117954044909,0.9251168720780925,0.10156625296824208
0.470170919921129,0.28490259849973515,0.25457647986981125,0.7600087948299361,0.9287717807054605,0.10156954175520913
0.4703005062638601,0.28150070932474996,0.24999200973068716,0.750701039039189,0.9294857628559612,0.10157285268888981
0.47043013328223493,0.28328935983553066,0.25625564824612257,0.7700572890965194,0.9235019124521386,0.10157614147585688
0.47055960698472266,0.2818040036289221,0.25281261242541325,0.7455520846482926,0.9301827454312388,0.10157943026282396
0.47068915265181044,0.28152841684787616,0.2518577243350004,0.7528393088712269,0.9216829579260093,0.10158273012314781
0.47081860570358636,0.28334690788011113,0.2539609070872449,0.7613878216225192,0.9259328516786809,0.1015860299834717
0.47094801057036983,0.28507992879325683,0.2546334730663957,0.7697134854231096,0.9274628134295426,0.10158931877043875
0.47107740292156963,0.2853653205724846,0.255663823827709,0.7615138988531818,0.9337866553335061,0.10159261863076263
0.4712068099785802,0.28393921630601954,0.2549311006381281,0.7431706743805548,0.9272078198044937,0.1015959018810513
0.47133611159180644,0.2826725389141676,0.2535806942167316,0.7609138903633197,0.9251678708030795,0.10159918513133998
0.4714653944316587,0.28035381507580337,0.25101233392136696,0.763056448806668,0.924606884827881,0.10160247391830707
0.4715946240802844,0.2836227065306473,0.2558664645829431,0.7572975585849124,0.9298767530810892,0.10160576270527413
0.47172381931105845,0.28625239953372267,0.2564041986408397,0.7592828679468677,0.9283467913302275,0.10160905149224121
0.4718530364441009,0.28262415757740594,0.2502234110287053,0.738649723581132,0.9196090097746037,0.10161234027920828
0.4719821503235875,0.28293491201194165,0.2544342630362129,0.7543298395578886,0.9280577985550735,0.10161564013953216
0.4721112379203505,0.28404642405601593,0.2532846492052648,0.7569124571729546,0.9288567785804389,0.10161891785314245
0.47224033302646307,0.28515857707234554,0.2554305765782763,0.7560912675256783,0.9298427539310978,0.10162219556675271
0.47236930297674906,0.2831552956162254,0.25479284020519366,0.7540999223403968,0.9298767530810892,0.10162548435371979
0.47249832611826115,0.28231873116886985,0.25188384653955154,0.7704153881409652,0.9320186995324775,0.10162876206733008
0.47262728042406943,0.28267381907075007,0.2533582637113796,0.765147305658104,0.9276668083297182,0.10163205085429715
0.4727562065698159,0.2811577703949058,0.249443983497637,0.7562285825063495,0.9273268168294635,0.10163533410458585
0.47288508891102277,0.28432307733622586,0.2552340048863263,0.7479823771430996,0.93106672333181,0.10163862842823132
0.47301385235419513,0.28316126372051625,0.2529970482041659,0.7338172131118572,0.9319677008073768,0.101641883995128
0.4731427422047525,0.2830384974194296,0.2529529844142825,0.7667280560197471,0.9297917552059971,0.10164516170873829
0.4732714993901337,0.28591201859273674,0.2558295234209402,0.7420557545678577,0.936880577985562,0.10164845049570537
0.47340020964207996,0.2835638819053407,0.25419151599844475,0.7509606191515801,0.9278368040797886,0.10165172820931563
0.47352889173396484,0.28525129277041583,0.2561049885088417,0.7521517412337708,0.9299447513811856,0.10165499484956914
0.4736575487946846,0.28384096071245934,0.25394903456519674,0.767904644474718,0.9295367615808345,0.10165827256317943
0.4737861213752219,0.2860482134860634,0.2552424488966943,0.7874063896417012,0.9303357416064273,0.10166154474011131
0.47391474088919283,0.28328083499393125,0.25534825467064437,0.745759089562763,0.9282617934551354,0.10166483906375678
0.4740432602785041,0.2823449475598875,0.2520294929915156,0.7673336238205675,0.9372375690606987,0.10166810570401028
0.4741718097052132,0.28302102042139393,0.2534012717232957,0.758050567254221,0.9305567360815985,0.10167139449097735
0.4743002696455063,0.2838940317848576,0.25368755355527806,0.7629447463657695,0.9229069273267214,0.10167465005787406
0.47442873897248683,0.28347116710123454,0.2550672495151278,0.7597665280002439,0.9317467063323193,0.10167792777148432
0.47455634973049676,0.2856193806981495,0.25737439219172287,0.7500678335210329,0.9226859328516639,0.10168127192523536
0.4746854742482287,0.2835845557189762,0.25350048165166345,0.7622421685887257,0.9347046323841823,0.10168447212534812
0.47481380277490404,0.2876599604817809,0.26019895305780966,0.7611475799703904,0.9279558011048721,0.10168774983895838
0.47494210314151797,0.28429707549659083,0.25519152365670844,0.759857303606321,0.9350106247343319,0.10169101647921189
0.475070382857421,0.28538514243833857,0.2553308398676103,0.7605469758400685,0.9314067148321783,0.10169428311946538
0.47519860187274876,0.2815595339500565,0.2544588004671275,0.7411738890124071,0.9306927326815639,0.10169752761300528
0.47532676456795375,0.2830657785216831,0.2543453430696277,0.7632122683509579,0.9329706757330314,0.10170081639997235
0.47545492100536757,0.2844507461364034,0.25201841174960027,0.7471859661389515,0.9265958351040808,0.10170409411358264
0.4755830054781809,0.28379108645566087,0.2545281940747438,0.7574129142872981,0.924606884827881,0.10170736075383613
0.47571107430651693,0.2852229451689984,0.25607912969543967,0.7347208791081372,0.9243688907777141,0.10171062739408963
0.4758391055881046,0.2826934272791856,0.25491975489837815,0.7413008398490775,0.9307947301316517,0.10171390510769993
0.47596710245183926,0.28538897933222956,0.25529363531445826,0.7478877100193517,0.9305567360815985,0.10171714960123983
0.4760951011929109,0.2845615780168365,0.253368026890864,0.7471596785399914,0.9330726731831192,0.10172040516813653
0.4762229832261764,0.2852677041632516,0.25555801805375894,0.7437217212246194,0.928516787080298,0.10172367180839001
0.4763508486762933,0.2830830418623003,0.25238622420908174,0.7508987916718506,0.9226349341265632,0.1017269495220003
0.4764787297708888,0.28418602995873926,0.2562688421506582,0.7478097208284786,0.925320866978268,0.1017301940155402
0.4766065420297805,0.28530883902706816,0.2567881078409243,0.7549921123304844,0.9252188695281802,0.10173346065579371
0.4767343355152973,0.2861019246367529,0.2569387675782051,0.7544441628168108,0.9347046323841823,0.1017367272960472
0.47686207893848387,0.28157914394642025,0.2508289561339527,0.7536944500247131,0.9246748831278637,0.1017399828629439
0.4769897816860267,0.283522745253596,0.25160257799288593,0.77627871399001,0.9308457288567524,0.10174323842984058
0.4771174894398027,0.28360565684744854,0.2548266140332945,0.7608307786644923,0.9307947301316517,0.10174649399673728
0.4772451421250148,0.2878238634346122,0.25796067654252147,0.7478150418832532,0.9261368465787427,0.10174974956363399
0.47737276352127056,0.2860296708828278,0.25451420999676094,0.7511673461005028,0.9318657033574027,0.10175301620388748
0.47750028479286577,0.2852832627143418,0.2545091967114442,0.7555914854705226,0.9316617084572272,0.1017562606974274
0.47762782483783406,0.2845313137564017,0.25308464678826365,0.746373036039385,0.9261368465787427,0.10175953841103766
0.4777552544327861,0.2835146459389053,0.25417093607487956,0.7429304327284261,0.9278028049297973,0.10176277183122077
0.4778827131264669,0.28375613067166133,0.25176141834938565,0.7495696001310728,0.9319677008073768,0.10176602739811748
0.47801014053119184,0.2849803948310424,0.25466513533856183,0.7489252362816359,0.9323756906077278,0.10176927189165741
0.4781375084868986,0.2839696951178368,0.256259607966843,0.7604114874901409,0.9283127921801224,0.10177252745855411
0.4782648933386424,0.2863216692355023,0.2543139441886107,0.7561771985893488,0.9306417339565769,0.10177578302545079
0.47839222687649663,0.28384948555405876,0.25534508733674227,0.7569470043196245,0.9239609009774767,0.1017790275189907
0.47851952286760424,0.2868054917215528,0.25793376305783755,0.7488495105245103,0.9317127071822142,0.101782305232601
0.47864674063631973,0.28480626135312054,0.25328412020959556,0.7510616000642021,0.9263918402039053,0.10178558294621129
0.47877396466282596,0.2868754007864524,0.25728732038992336,0.7534007198592922,0.933684657883532,0.10178886065982158
0.47890115114258514,0.28794513878238304,0.2598614832587036,0.7388030017261265,0.9357076073097232,0.10179216052014543
0.47902822279187296,0.2825431644304989,0.25367673681119723,0.7467993160617985,0.9266978325541686,0.10179544930711251
0.4791553341781358,0.2846263725343621,0.25535960041039435,0.7816227207768167,0.9289247768805353,0.10179873809407958
0.4792824536995277,0.28510806363121993,0.25603427573210896,0.7598249801840347,0.9280577985550735,0.10180199366097628
0.4794094430588598,0.2845044572870929,0.2552408652297432,0.7484705640639706,0.9299957501061726,0.10180529352130016
0.4795364574493566,0.28590136200435906,0.25632398828914255,0.7312442448722405,0.9328686782829436,0.10180857123491042
0.47966339361746213,0.28743637881034767,0.2597633293296403,0.7425335376353639,0.931100722481915,0.10181184894852072
0.4797903266566732,0.2853687310455028,0.25592134511690734,0.7684126066588555,0.9302167445813438,0.10181512666213101
0.4799172190202392,0.28708086538155875,0.2560247759437736,0.7397769930060294,0.9221419464513474,0.10181839330238449
0.4800440290938499,0.2829076300157241,0.25340602161746334,0.7476222926304543,0.9329706757330314,0.10182168208935156
0.4801708275905461,0.2742214189577387,0.2006705009040071,0.7451414501152902,0.9140331491711322,0.10182494872960506
0.4802976135716608,0.26270474057358667,0.1741285969436799,0.7562896157987993,0.9185890352740671,0.10182824858992892
0.4804243695153758,0.24523171531434515,0.15432632799936005,0.7385348046817499,0.9128091797704201,0.10183151523018241
0.48055111482084634,0.2303357382278607,0.13996103891562173,0.7580386147356606,0.906927326816799,0.1018347929437927
0.48067777564613445,0.21052352897403784,0.1236078726419243,0.36788629080668267,0.7968890777730167,0.10183807065740297
0.4798856800648572,0.20865303247460457,0.12426407074252444,0.35110463707289274,0.8009009774755214,0.8968969715164685
0.478383785116002,0.20750294051609408,0.12351867379059306,0.36734644200326283,0.7912282192944531,0.8971833285230966
0.4768819746473292,0.2056439546983338,0.12171417881479027,0.3538136098841689,0.8053038674032678,0.8974696412362976
0.4753800108627688,0.20735672911268094,0.12352184776460817,0.35795291398630114,0.7835784105396897,0.8977558653626442
0.4738781065272262,0.20650247311590722,0.12333742083933949,0.37181930476289593,0.7880322991925368,0.8980422888094132
0.47237620532057933,0.20339812558614995,0.1198431941741242,0.3569915105747825,0.7945601359965622,0.8983285793759006
0.4708743041139316,0.20439859298633678,0.12172869852855536,0.369833836563485,0.7822014449637891,0.8986147813555336
0.46937238726280617,0.20462302624796586,0.12114109279526933,0.37758272185214636,0.7870803229918693,0.8989012490957297
0.46787045351564505,0.20551458021466512,0.12191312766719506,0.36847577631508766,0.7918742031448573,0.8991874953687898
0.4663684991177717,0.20297120945725333,0.11992814335313398,0.34945364084635444,0.7779005524862441,0.8994504322258041
0.46486651343094154,0.2046017123560392,0.12143976507811405,0.3552548215407576,0.7812494687632352,0.8996976449161743
0.4633645684197556,0.20240319718748884,0.1187173187471594,0.3701674746397141,0.7808414789628841,0.8999447357996198
0.4618625670884473,0.20048112074776595,0.1200408172172995,0.3539241607535122,0.7946111347215492,0.9001919595633466
0.4603605907883046,0.20164229607311257,0.1195001792166499,0.3819920496293985,0.7744496387590516,0.9004390061533653
0.4588585550391442,0.20032744832002514,0.11828644181443829,0.3782572648182143,0.7679218019549126,0.9006862742105192
0.45735656622341825,0.19660116460635957,0.11568221162863512,0.381228517978633,0.7703527411814548,0.9009334315341055
0.4558545085719885,0.1999659685748736,0.11842893863946827,0.3590346764800685,0.7734466638332833,0.9011806442244759
0.4543524696939323,0.19720690216088643,0.11703129445417318,0.3780153950821623,0.7699447513812174,0.9014276354477101
0.4528504621048324,0.19799295048522406,0.11739514829961978,0.3800771449697946,0.7614789630258656,0.9016747927712964
0.4513483387465933,0.19477265938834476,0.11450673455754293,0.379158707090111,0.7639099022524078,0.9019220608284505
0.44984630612632914,0.19502543667553493,0.11469934210203045,0.37901106767480286,0.7743306417338545,0.9021691738586096
0.4483442672482729,0.19676122887737169,0.11666479341700967,0.3567224002150342,0.7636209094772539,0.902416264742055
0.4468421564056162,0.19332736975846057,0.11367110732339392,0.3850224697421596,0.7552571185719898,0.9026633113320734
0.4453400205317948,0.19406141619145623,0.1144333834425772,0.3815160931926358,0.7628559286017662,0.9029105129490869
0.4438379409780948,0.19275296206956838,0.11338060459291305,0.3874263952192787,0.7769825754355679,0.903157515245678
0.4423358395221255,0.19000284959994573,0.11134523288801931,0.38236202177367695,0.758300042498945,0.9034046725692642
0.44083369113272086,0.19175462766770957,0.11414894313526747,0.370827682525382,0.7699957501062045,0.9036517634527098
0.4393315490011087,0.19151953656615306,0.11380883654728818,0.3826941111847104,0.750395240119019,0.9038989872164367
0.43782940999839104,0.19156727961255168,0.11299511283256286,0.3859364601730766,0.7416914577135003,0.9041460780998823
0.43632726473788264,0.18816752164796632,0.11084338421415832,0.3969571587981835,0.7536251593710404,0.9043930803964733
0.4348251319929566,0.1883629672298867,0.11149378328273638,0.3994056778910611,0.7435614109647304,0.9046402377200596
0.41889566854767724,0.19050734572083886,0.11185605456791745,0.3872868962235878,0.7432894177644584,0.9087897567105379
0.43229338606816636,0.18928692024327698,0.11173838291203217,0.3816811253093706,0.745329366765759,0.905160630122476
0.4303123195220717,0.1867058134735336,0.11085789286106842,0.37914036136394835,0.7416234594135176,0.905380823822275
0.42881014610150237,0.18464327739537773,0.10831777296630271,0.3823048402895337,0.7440033999149591,0.9056278261188662
0.4282454962036768,0.18544979392160915,0.11049746752730202,0.389153831971494,0.7339736506586405,0.9059311142880285
0.4257998793897708,0.18377496113133518,0.10743121606542583,0.39421903931373947,0.7262728431788901,0.9061214099244904
0.42429719595920856,0.18217344412432981,0.10700060473722481,0.39703586275760827,0.7380195495112503,0.9063684011477249
0.4083677081085426,0.1844439949195663,0.10983782763479571,0.3955934995294639,0.7288567785803934,0.910517975504987
0.4217654156165658,0.18372594508006684,0.10745838740783134,0.38758495470968346,0.7352826179344447,0.9068887381833572
0.4197842426880185,0.18289171566692458,0.1096444232767479,0.39381491711643135,0.7281427964300065,0.9071089761765835
0.41828197665213773,0.18067892210386657,0.1066409673635347,0.3858578753417439,0.7214619634507926,0.9073559784731746
0.41771728795600627,0.1806281985811789,0.107212216285125,0.4050274516789658,0.7380705482362373,0.9076592777156938
0.41527155662451865,0.1809817971388787,0.10707317231885627,0.393911490289651,0.7246068848278355,0.9078494736919446
0.4137687981004601,0.17980378489378762,0.10622434454005861,0.4203380720238121,0.7201359966001064,0.908096453841822
0.3978392520523357,0.17918674584518568,0.10471695035369002,0.3933759300975419,0.7082022949425664,0.9122459728323005
0.4112368331529739,0.1793934911332529,0.10538423744300401,0.3914272327691839,0.7071143221419334,0.9086166801438867
0.409255678997801,0.17808056182711102,0.10647131247632521,0.3919938456839318,0.715784105397347,0.9088369956506104
0.40775332097238737,0.17624118421778628,0.10403620596869134,0.42191306452767696,0.7215129621758933,0.9090840200939151
0.40718853934805477,0.1765255112857782,0.10486787126874894,0.38813099817388563,0.7263238419038771,0.9093873193364342
0.4047427319844026,0.17401730549996394,0.10191376024862706,0.39946401094676,0.7037314067147236,0.9095774045791172
0.403239973460344,0.1756296877465665,0.10455176647590209,0.4208957106222986,0.7167020824479096,0.9098244511691355
0.3873104302282253,0.17366477254746407,0.10215360113027117,0.402568171348447,0.7054823629408702,0.9139737486924778
0.4007078896148233,0.17440777292482418,0.10255782907614291,0.407419861440528,0.6920186995324684,0.9103445113708483
0.3987265445970145,0.17151933023924018,0.09973881336842438,0.41824669895064437,0.7042413939650487,0.9105647604374312
0.39722417092712226,0.17224016924671262,0.10195017020158983,0.399287860208108,0.7112282192944122,0.9108117073672384
0.39665937365831105,0.17146753395963982,0.10030740624481377,0.3918092368507504,0.6949086272842351,0.9111149401696167
0.39421346804733526,0.17111799399892633,0.10069712333040445,0.4070037867246592,0.7019124521887079,0.9113050697057267
0.3927106406875729,0.16818415402872608,0.09976756505772447,0.4040851484715251,0.6826009349765627,0.9115521162957451
0.37678104989623984,0.1695944825108262,0.09925806918705582,0.39737811776582266,0.6928346791330569,0.9157014138190875
0.3906526377260482,0.16768604796317613,0.09899499897675859,0.4203980728727983,0.6877178070548098,0.9120986971869736
0.3891258492833072,0.16969615304722502,0.09975437336655985,0.43087618274837003,0.6911687207818886,0.9123480691819179
0.38716449165098643,0.16695414168022127,0.09895858681042483,0.4038509823520866,0.6833829154270461,0.9125648855078955
0.385178847530538,0.16798167294938676,0.10035596760457083,0.4123172967199231,0.6952146196344984,0.9127849131073426
0.3836763455759242,0.1664376986231773,0.09902877280485944,0.4198652526268041,0.6748491287717115,0.9130317382302252
0.3677461925220409,0.16519596461747332,0.09708442819574362,0.3993234397982415,0.6786570335740407,0.9171815894214072
0.381612760664539,0.1665606902032156,0.09918233648489327,0.4254329025515926,0.6752571185719489,0.913576325917231
0.38009773530503876,0.16461730165949418,0.09810950670733307,0.40655538858650453,0.6742371440714123,0.9138230956733296
0.3785722018623474,0.16250062711581187,0.09701740732184011,0.39262994998565914,0.6926306842327676,0.914072633768626
0.37697492878703054,0.16285272381383392,0.09596357712095058,0.40574063185619424,0.665227369315744,0.9143416056050916
0.375565256160471,0.1627664026409273,0.09623956235103737,0.41146564999046786,0.6752231194220712,0.9145603044017236
0.3740497771110993,0.16117874028944915,0.09455670539195321,0.41847490866548487,0.6683722906926732,0.9148070187910381
0.37252460349140915,0.16021728190646356,0.09515433548250182,0.4133738437675578,0.6726731831703319,0.9150566122531185
0.3707990657188893,0.16164850054150984,0.09415405779297606,0.4209792591241299,0.6534126646834011,0.9153578075578473
0.3695184306267616,0.15772741311214325,0.09387543865139836,0.419951104271747,0.6553336166595045,0.9155440614190803
0.368004074850933,0.1581865065846356,0.09306751396869503,0.43139276186449305,0.6488737781554619,0.9157908865419628
0.3664784287679974,0.1589736240900295,0.09441316828255292,0.43872219714134686,0.6498257543561294,0.9160405242974704
0.3645393970577824,0.15594302502216228,0.09126275338837217,0.4306318113223866,0.6531236719081335,0.9162588465999715
0.3625299076234958,0.15548242968999224,0.09186116922562604,0.4331504968614315,0.6624734381639428,0.9164773239294677
0.3610272961575327,0.15648076230392285,0.09249784982074127,0.4222586948318303,0.6588355291116841,0.9167241490523503
0.35952463775813603,0.15623395669687992,0.09298017434900444,0.41895606702893007,0.6504377390564287,0.9169711956423686
0.358021914903488,0.15175913002847205,0.08984663862207562,0.4278801906541869,0.6484487887802288,0.917218020765251
0.35651923147292575,0.15417973448479724,0.09104506835044585,0.43632613411829757,0.6589035274117805,0.9174649123282743
0.35501657620242444,0.1522885623838003,0.090386745413685,0.4410910989594279,0.6324521886953107,0.9177117817445841
0.3535138771273836,0.15044747909098444,0.08905982949871971,0.4434204502509771,0.6335061623459524,0.9179587176010345
0.3520111749234469,0.15199464486900907,0.09019307545111707,0.429231698857526,0.6381130471737606,0.9182055427239169
0.35050847897730186,0.14940949916948948,0.08864847449822547,0.4263949016035713,0.6298342541435886,0.9184524785803674
0.34900574548440844,0.1493749635486141,0.08828699781323371,0.43020271193512993,0.6346281342965767,0.9186994144368178
0.3475030307648894,0.14857655706464246,0.08767986793434981,0.4389971447776013,0.6231194220143834,0.9189462395597002
0.34600028475641365,0.14689276496621945,0.08679358106473503,0.42419436748880024,0.6304122396938965,0.9191930646825828
0.34449750620742314,0.14890009876157725,0.08848013878013242,0.426952182817782,0.6307692307691468,0.9194400005390332
0.3429947539411562,0.1471344678262144,0.08645400568579595,0.43298721195671197,0.6276243093922176,0.9196868256619158
0.3414919578703497,0.1466591721484843,0.08681679932653316,0.42678210761182056,0.6352741181470947,0.9199336507847983
0.33998922437745716,0.1465960761627371,0.08638698481189244,0.42513087312909836,0.6185125371865752,0.9201805312744648
0.33848638137321574,0.1446162496425485,0.08690387334170369,0.439358777955442,0.6145686357840532,0.920427411764131
0.3369836353647395,0.14548733898321026,0.08669411217196016,0.4437582975197891,0.6043858903526598,0.9206741261534457
0.33548080800497715,0.14273232759035306,0.08617774599770506,0.41534970230088364,0.6213344666382454,0.9209211063033234
0.33397801193417065,0.1427246484387865,0.08471256964980528,0.4418968019547491,0.5917552061198421,0.9211677763992109
0.33247513576363596,0.14133733238039148,0.08357746446576725,0.4390962990594798,0.614670633234141,0.921414822989229
0.33097227711491595,0.14198463390149996,0.08420253150324145,0.4382629186374589,0.5949001274967713,0.9216615373785436
0.32946948417300526,0.14124589773286775,0.0843275980316403,0.4383430521339873,0.5894772630683747,0.921908362501426
0.3279666255242861,0.13884021532519789,0.08389171888045749,0.4317004300166736,0.5969740756480633,0.922155231917736
0.326463732457714,0.1392294008055475,0.0826909097782614,0.45506494327497515,0.577526561835839,0.9224021234807591
0.32496084564893346,0.13721866100699193,0.08157744029575592,0.43307238854246655,0.6061538461538021,0.9226579180226427
0.32345796196904875,0.13797253198773382,0.0827998850994846,0.4331308407262573,0.5862473438163534,0.9229174775058354
0.32195510957812035,0.13469703860805643,0.0816212429078613,0.4412737620337739,0.589885252868612,0.9231769705488874
0.32045222276934027,0.13546069849562653,0.07952043510270063,0.42811594514818485,0.59167020824475,0.923436375005085
0.31894927651154203,0.13668240770562723,0.08219249182945162,0.4423419439250569,0.5914662133445745,0.9236958237547098
0.3174463947089947,0.13217262704114802,0.07820986271920505,0.445450631194239,0.5665278368040845,0.9239551617707668
0.3159434859979444,0.13433321310112248,0.0807497280763057,0.44809876925988545,0.593030174245655,0.9242146105203917
0.31444050845118987,0.13260380380291614,0.07952281226315547,0.4206876335550003,0.5628899277518258,0.9244739485364484
0.3129375903534526,0.1307213764586857,0.07870379859173826,0.4403425774482501,0.5853293667657908,0.9247333972860733
0.3114346190644892,0.13116470040456168,0.07953151081118853,0.45144333015115734,0.5777815554611152,0.9249928460356981
0.30993164151773467,0.13044664162542127,0.07750194920517181,0.4201119271958993,0.5632469188269624,0.925252184051755
0.3084286952599369,0.12894231639470433,0.0784447013823874,0.452156510328386,0.5750446238844233,0.9255115774345959
0.30692573022876424,0.1289830257316122,0.07820696320319404,0.43691462689260296,0.5810454738630142,0.9257710815510046
0.3054226932329924,0.12956510363243004,0.07827741480214875,0.4497358274996639,0.5797535061623194,0.9260304195670614
0.3039197000417593,0.12862964351322312,0.07740511422388788,0.4350667119300471,0.5488482787928888,0.9262897575831184
0.30241670685052613,0.12605088608111853,0.0767185597400121,0.4557100218929637,0.5506842328941275,0.9265492063327431
0.3009136604680669,0.1256687343102597,0.07581802761463632,0.45243439645757544,0.5662558436039262,0.9268085443488002
0.2994106297300858,0.12430785277012121,0.0749628784482605,0.4532966455872156,0.5405864853378262,0.9270679930984249
0.2979076208943745,0.12471771742789081,0.07560273301739084,0.44495855275569696,0.5552911177219357,0.9273433321150456
0.29640458827905647,0.12336556991694969,0.07387026113395331,0.4458640056733565,0.5416574585634635,0.9277171797136833
0.2949015481543884,0.12332890844945898,0.07467923495451101,0.45585924968283154,0.5393965150869917,0.9281569470053008
0.2933984329362249,0.12071072720081358,0.07350086058077879,0.4456640293163119,0.5147131321716643,0.9285967253702753
0.2918953583937043,0.12255201789329923,0.07473464891088644,0.45685381041328044,0.5414364640882923,0.9290364594418224
0.2903922775933929,0.1202079367634116,0.07364598025044469,0.4423050142165479,0.5275308117296618,0.9294762267334401
0.2888891686330206,0.11842631996212169,0.07095862470333633,0.44750535252444523,0.5314747131321838,0.9299160161717712
0.28738606905933484,0.11925116275227804,0.07245731148818785,0.4486726092788791,0.5334976625583749,0.9303556727298208
0.2858829757434411,0.1175965782487308,0.07099846538135032,0.4663903318499638,0.5142371440713305,0.9307834807961035
0.2843798198496339,0.11893656963592314,0.0715633752083944,0.4458677383535714,0.531321716957109,0.9311679698906179
0.282876685858096,0.11794547455529666,0.0728269776458825,0.4431998647340225,0.5155121121971433,0.9315525918654138
0.2813735393509753,0.11510648596338705,0.07033699060428436,0.4488427639035688,0.5021334466638336,0.9319371695467827
0.279870421003916,0.11437648382395216,0.07159266696021868,0.47095055521037077,0.5002124946876165,0.9323217472281514
0.2783671900166125,0.11547585404770316,0.0708290672451769,0.46037793704850727,0.5059073523161715,0.9327063249095201
0.2768640497672834,0.11171418723520116,0.06960425413447743,0.45117640380642854,0.5001274968125244,0.9330909025908888
0.27536088761568456,0.114389278238064,0.07285970233612898,0.4487250653487076,0.48350191245219776,0.9334754802722577
0.27385770669071174,0.11055151541396135,0.06866599288702241,0.46633652566175954,0.4983935401614872,0.9338599472200584
0.2723544819611998,0.11129750341932329,0.06897390820716637,0.46971948550800824,0.4770590735231508,0.9342445802682111
0.27085129164954,0.11178196759280037,0.06890741854230306,0.4595721546344582,0.4937356566085782,0.934629146876223
0.26934808256450715,0.10686423535371245,0.06639922652422353,0.465431549256468,0.4852698682532264,0.9350118642336508
0.2678448421905162,0.10929933990764065,0.06745965257069539,0.4546790079663734,0.5135911602209262,0.935392123305871
0.26634161746100427,0.10932640914040384,0.0684997598713801,0.45517402489785086,0.46096047598803125,0.935772537405086
0.26483838647370117,0.10791287311513484,0.06662534450566285,0.46218352182905154,0.46211644708876065,0.9361529736510148
0.2633351304552325,0.10774087442346916,0.06641109019278768,0.4448863611319662,0.45208669783255573,0.9365332327232349
0.26183185253449404,0.10721293498817769,0.06803616931526754,0.4523223366324005,0.46140246493837367,0.93691364682245
0.2603285996449216,0.10602213905654392,0.0669976423614774,0.4509672148769388,0.47626009349767173,0.9372940830683787
0.25882526227516545,0.10512354422864112,0.06440105051899786,0.4542235018520646,0.47524011899702145,0.9376744971675939
0.25732202503007073,0.10541789084619749,0.066597367496213,0.47868991025167507,0.46434339141512737,0.9380548669733817
0.255818697047002,0.10250174421334363,0.06491899040003449,0.463479357504079,0.46961325966844925,0.9384352367791697
0.2543153878373072,0.10301710557383398,0.06476279280850969,0.45123684145841847,0.4600934976624558,0.9388154958513898
0.2528120817565078,0.10154006055140638,0.06348521293315171,0.45423608972044893,0.46952826179335716,0.9391957549236101
0.25130871935558696,0.10108202195654484,0.06374141062649155,0.48108172437277763,0.4668763280917574,0.9395762354629659
0.2498054164036838,0.09735830391982875,0.06229627856637482,0.4752559238727019,0.44853378665527543,0.9399566052687538
0.24830208216282346,0.0980075185240982,0.06358864376001797,0.46262111902020164,0.45648958776018844,0.940336908634401
0.246798704117424,0.09811493724962078,0.06291660677653635,0.47654266610337626,0.43855503612405755,0.9407172341467619
0.24529533858760688,0.09853311577346363,0.06313006427585119,0.4479765438375296,0.44712282192938346,0.9410974932189818
0.24379203250680792,0.09550783400402693,0.06164747312491731,0.4784276299025332,0.4278793030173347,0.9414779737583377
0.24228859188349494,0.09697954921252672,0.06226752687707471,0.4620176955250366,0.43031024224387693,0.941858277123985
0.2407852232247829,0.09529278200159921,0.062156968995585954,0.47136408852694434,0.43445813854646076,0.9422386026363457
0.23928179824594853,0.09431575970373887,0.06118097198593872,0.4531984046207087,0.4279133021674397,0.9426189724421337
0.23777837326711415,0.0920379588597009,0.06004982873599207,0.4544108109219971,0.4085677858053032,0.9429992315143538
0.23627499835061094,0.09508050128786255,0.06163849569213814,0.4810470580980162,0.41869953251159586,0.9433797120537096
0.23477152018055003,0.09442105079471802,0.06101448000588933,0.47697724538286335,0.4258393540160341,0.9437600818594976
0.23326809520171565,0.09143328869830211,0.059682807556643375,0.4643005471513555,0.4100297492562959,0.9441403409317176
0.23176465770729893,0.09087635800744559,0.0594313575441002,0.46221973676900885,0.4207734806628878,0.9445207107375057
0.2302611501256191,0.09119030925758109,0.059999959273973585,0.4756223618835851,0.42179345516365174,0.944901014103153
0.2287577220178889,0.08826307746996293,0.058811823934127955,0.45622076373258036,0.39954101147475285,0.945281273175373
0.22725425323451542,0.08808957691861949,0.058185694478573385,0.47243036436875596,0.39320016999567997,0.9456615986877338
0.225750756291081,0.08485458011239563,0.05641602689546785,0.4855251624936956,0.3981300467488609,0.9460420792270897
0.22424728750770706,0.08616196684115537,0.05752447202580152,0.479068459618575,0.3702507437313898,0.9464223382993098
0.22274379369316843,0.08429700576739149,0.05770205078119381,0.4672947523241593,0.41414364640877466,0.9468027081050977
0.22124029987862937,0.08446305065819182,0.0560569185174469,0.480096257086682,0.3976710582235228,0.9471830779108857
0.21973675287286465,0.08287687228710952,0.05457827602037843,0.4818220657549741,0.36107097322565096,0.9475633369831058
0.21823320586709904,0.0817839117859118,0.05618489562871179,0.47173294880903094,0.3570930726731376,0.9479437621556775
0.21672974021262137,0.08120417607101996,0.0567920232942247,0.48543367211906685,0.37450063748406137,0.9483240765946818
0.21522612750004733,0.08145865188998852,0.05461944472099284,0.47119993001621685,0.35274118147037825,0.9487043356669017
0.2137226305566129,0.08003808930694148,0.054485668577705926,0.4601818522091332,0.3515512112195438,0.9490848162062576
0.21221904913299516,0.07813584099082119,0.054403344456703084,0.5027321035157997,0.3454993625158522,0.9494650752784777
0.21071548648275185,0.07573846172165541,0.05228037638108263,0.48197601895915665,0.35056523586899857,0.9498453897174818
0.20921188127952695,0.0771611698185278,0.055116014505016964,0.4727759152541815,0.36625584360388075,0.9502257041564858
0.2077082372779966,0.07633099900237184,0.05284792897310164,0.4930409935251103,0.3429664258393359,0.9506060739622736
0.20620469965891797,0.0797188189704473,0.05476245062135299,0.47071261670135356,0.35087122821937555,0.9509864437680616
0.20470107443076202,0.07374819370085009,0.052421797507806234,0.46402019904159864,0.3309817254568088,0.9513667582070657
0.2031974573377342,0.07612553029503072,0.054165880735513816,0.46428315444992885,0.31372715682107355,0.9517470726460697
0.20169383961892695,0.07617795950120954,0.05573000362063227,0.46726338192660877,0.3454993625158522,0.9521272763515058
0.20019020031074009,0.07261856279252074,0.05299753071904412,0.485163608734583,0.3122821929451902,0.9525077015240778
0.19868657351813557,0.07250921310455533,0.05309330328224768,0.498513420395055,0.310276243093881,0.9528510863181822
0.182755961768148,0.07065193118235799,0.051263478488712017,0.47631981715267413,0.3339906502336589,0.9566200140357366
0.19615192710706664,0.07060803754534772,0.051872186501119494,0.4798425539601614,0.3120101997449183,0.9534947141083312
0.19416937871598616,0.06898222080634203,0.05101149505375768,0.4847957808959602,0.32715682107948396,0.9537765531853885
0.1926656646271927,0.0708109495153803,0.05199936679882411,0.47760763153617636,0.29249468763282493,0.9540852119325947
0.192099812920544,0.06820468659603471,0.0494302185433832,0.49401017997197094,0.31466213344663174,0.9544501344056585
0.18965244173484042,0.06512101109198465,0.049728899679711946,0.47602835042100056,0.270208244793821,0.9547001154352266
0.18814835499457372,0.06507647380082676,0.048996707699171194,0.4924234732057293,0.25145771355710167,0.9550003141378441
0.1722176468745995,0.0644843835021573,0.0475038110928577,0.48548338824278026,0.2821079473013697,0.9587343607815053
0.18561357998589312,0.06503619177875578,0.04636370369035789,0.48996379578157123,0.2780110497237729,0.9556268446651071
0.18363094742751995,0.06604624604988557,0.050229431397827456,0.4892504567668867,0.27988100297488927,0.9559001351107212
0.18212719516619913,0.14209908991236972,0.1081267369152257,0.4818334226330747,0.18672333191670987,0.9562003338133387
0.18156133031818822,0.1917887323978917,0.14596187946539296,0.48014041389943696,0.31869103272413213,0.9565567187283163
0.17911391845684088,0.21617018523186338,0.16270687216724478,0.48220359332417306,0.27926901827447637,0.9568001111105935
0.17760976256798022,0.24586537494338082,0.19679448323475496,0.5098606491202371,0.3954951126221431,0.9571290562474417
0.16167894180776266,0.28503282582514944,0.22893247523005444,0.46180008821038143,0.7841223969400062,0.9608890145459951
0.17697821875824182,0.2776149960545789,0.2065114475326823,0.7805516003925985,0.9359116022098988,0.09788121700174003
0.44364454362434635,0.2678477517643365,0.2035293661432236,0.3959372634935099,0.8303782405439506,0.10187755824772146
0.4560660732326185,0.2852278467741252,0.2640491161190646,0.717009232069743,0.9388015299616654,0.8940830543820399
0.4896192151470049,0.2873946038682399,0.26902488214131426,0.7250370756404219,0.9403144921376452,0.1021401296839615
0.4887977041918319,0.28454559393883766,0.26704148924100274,0.7597746287104974,0.9300467488312734,0.10211202550442466
0.4583533472753234,0.28444136845305845,0.2696333303039662,0.8240120697406033,0.93106672333181,0.102177756950339
0.4135053532208608,0.2867462394238237,0.27186817697955157,0.7931969282265556,0.9309987250318272,0.10351772170896464
0.4285109754912355,0.286971099642704,0.26911960600933765,0.8116050775093033,0.9295367615808345,0.10230269763501748
0.42834811991382127,0.2847956035131931,0.2628121666524937,0.815756215001904,0.9301317467062518,0.10228452625652262
0.42850295550587525,0.2866360472640962,0.2600580547293164,0.8064158578233225,0.926034849128655,0.10228529031814124
0.4294554567392632,0.2860575917057869,0.2561638287635264,0.7699575391741811,0.928516787080298,0.10232828816256262
0.45712312495009977,0.28712391940749205,0.25982559876001643,0.741002622525526,0.9335826604334443,0.10219910638223301
0.4894555701492158,0.28835500200981007,0.2609665051894475,0.761542966107621,0.9299447513811856,0.10212936638116014
0.47515057989501974,0.28746088987545976,0.2593828515186182,0.729462406291361,0.9342966425838313,0.1033810211193736
0.4901722227369625,0.2869634267488861,0.2589609482559455,0.739680975763906,0.9424564385890335,0.10215060507948624
0.489815306479918,0.286010488201301,0.25832690533505187,0.7219479650876861,0.9464513387164288,0.1021386735375434
0.48993717508861057,0.288286585149776,0.26309264414036365,0.7499992157400615,0.9324776880577019,0.10214183498090737
0.49099689606698016,0.2878579651253164,0.2600709841360175,0.7456124428815547,0.9356566085848499,0.10217609594682027
0.49017506815467726,0.2861187622716686,0.2572962911825895,0.7413918537113386,0.9353166170844815,0.10214799176728344
0.4902964630485651,0.28520184404052606,0.2581366672042207,0.7403884377927201,0.9320186995324775,0.10215114767396903
0.4759912118444718,0.28796453458494986,0.2587015794659729,0.7410406243868628,0.9241648958775386,0.10339806301547573
0.49101261407433805,0.28808410407043666,0.2580701764326719,0.715006807971909,0.9277008074798232,0.10217235315222474
0.4906554935004075,0.2882565327588315,0.2599847031716765,0.7310554268464766,0.9307947301316517,0.1021604160736035
0.49077721379944483,0.29091030969097487,0.2628644099549105,0.7593224978921278,0.9344666383339018,0.10216357198028908
0.4918366563061016,0.28280127510747327,0.2561809779620404,0.7479029981244871,0.9263918402039053,0.10219782187284518
0.49101466256232795,0.28937145581230245,0.26085595040667814,0.7572348177898109,0.9352486187844988,0.10216969554659477
0.49113584469131144,0.2866072735993916,0.25812347440637057,0.7357529254781912,0.9278028049297973,0.10217284037992358
0.47683033410176767,0.2876831924630674,0.2581997283574038,0.7212741368901701,0.936472588185211,0.10341508276486425
0.4918515220022801,0.2886322944743472,0.26083405042864805,0.7445263123577488,0.9367275818103735,0.10219404585817927
0.4914941802154269,0.28723666901969935,0.2618432935987495,0.7529373115815496,0.9396685082872409,0.10218209770620126
0.49161563455833335,0.28775459355403976,0.2569263660604878,0.743971969636473,0.9338376540586069,0.10218526468624362
0.4926749281295564,0.28457564543581804,0.25602767988652664,0.7517852238041594,0.9374415639608742,0.10221952565215653
0.4918526524722835,0.28631825894127694,0.2579559266483538,0.7522516102842012,0.9330726731831192,0.10219137717919254
0.4919736187074659,0.2883767425014024,0.2621348529925462,0.7538977619683329,0.9323246918826271,0.10219452201252133
0.47766796043404725,0.2882345796825777,0.26202350604429564,0.7574839146301091,0.931100722481915,0.10343210251425278
0.4926889405758881,0.2846146490892348,0.2592435361930647,0.7290387867963346,0.9308457288567524,0.10221573856413384
0.49233138915302543,0.2845588085160736,0.2555305766800913,0.7224492560986735,0.9346026349340946,0.10220377933879901
0.49245259631317495,0.28810648356756324,0.26192324144464596,0.7283456995572843,0.9295367615808345,0.10220693524548459
0.4925738441489669,0.2854580355553836,0.2596527743255338,0.7295861803789123,0.9303357416064273,0.10221008007881338
0.4926949868538646,0.2878929200153519,0.26033668493774914,0.7233263168210813,0.9373565660858958,0.10221322491214216
0.4928161595961611,0.28791082343426033,0.2581364027063861,0.7217918278684843,0.928516787080298,0.10221639742886293
0.4929372760183366,0.28774137915559655,0.2597942003216736,0.7226048770961433,0.9303357416064273,0.10221897198431695
0.49305837679603304,0.2880274097615658,0.2578633147789393,0.7290812758158021,0.9325966850827854,0.1022213749027407
0.4931794588003555,0.2907178463732717,0.2634760245661162,0.7321893277351601,0.9393965150870827,0.10222375567445088
0.493300489803679,0.28698047768363466,0.2597203210963871,0.7478951753797816,0.9361665958350613,0.10222615859287462
0.49342148419892284,0.28714651184686585,0.2583833706426527,0.7370721102592439,0.9322566935827581,0.1022285393645848
0.4935424660785843,0.2852515055338702,0.2595720349781675,0.7210264298776115,0.9295877603059353,0.10223093120965177
0.49366336535539945,0.29016368840144885,0.26571166274317143,0.7420531337498344,0.9334806629833565,0.10223332305471873
0.49378428465714785,0.2883255893395712,0.262246726944432,0.7232783876187474,0.9329366765829263,0.10223572597314248
0.49390514763877436,0.28882561027621023,0.2606614893853145,0.7304875035227172,0.9314577135571653,0.10223809567149586
0.49402606381162606,0.28703397517690565,0.2590630599136953,0.7287967185134625,0.940518487037707,0.10224049858991963
0.49414689237540044,0.2887431259971946,0.2605403803642651,0.7379880861583601,0.9366255843602858,0.1022428793616298
0.4942676333300948,0.28791529951247846,0.25970475379412733,0.7330274732808597,0.9303867403314143,0.10224526013333997
0.49438843999159987,0.2882337268408321,0.258096296423852,0.724810811684417,0.933684657883532,0.10224764090505015
0.49450915591513,0.2865676298676837,0.25772716590193956,0.7275650134612759,0.9353166170844815,0.10225003275011711
0.49462984680749456,0.2885216762513325,0.26023853123002294,0.7346779135763022,0.9382405439863533,0.10225241905850567
0.49475047324460864,0.28603819608201286,0.2586414209275202,0.7259966524211974,0.9351466213344111,0.10225481644025104
0.4948710765278945,0.28816275217073256,0.2608775865508849,0.7190437016243156,0.9307947301316517,0.1022572027486396
0.4949917173579288,0.28908372041680613,0.2608113589491481,0.7322622738368068,0.935486612834552,0.10225958905702816
0.4951122674499886,0.2910526852732539,0.26331322625959286,0.7268180406152935,0.9324776880577019,0.10226195875538154
0.4952328269287358,0.288686431509531,0.26172666975269604,0.7434377992721035,0.9349766255843406,0.1022643506004485
0.49535334260294395,0.2899271058101981,0.2631216680742968,0.7315318597956071,0.9349766255843406,0.10226673137215868
0.4954738082148209,0.28793661322561237,0.2597002681764572,0.7213490684600157,0.9381385465362655,0.10226911214386886
0.49559425192442763,0.2871948940775916,0.25839313382213713,0.7318957564071953,0.939005524861841,0.10227150398893582
0.49571468499578986,0.2883778081066023,0.2621625577573629,0.7416309040825475,0.9397365065872236,0.1022738736872892
0.49583502545184066,0.28988895410456283,0.2623000258034791,0.7260363617851853,0.936931576710549,0.10227626553235615
0.49595545038807387,0.28852423370381236,0.2608965839141846,0.7355362314789073,0.9369825754355361,0.10227864630406634
0.49607576894185534,0.28744959338758364,0.2589862782950155,0.7391539530850544,0.9326646833828818,0.10228103814913331
0.49619609375342755,0.28905047031629777,0.2635411966112227,0.739624191373403,0.9396685082872409,0.10228341892084347
0.4963163747604611,0.2859401528943214,0.25723692414560667,0.7341345703488511,0.9395155121120524,0.10228579969255364
0.49643666640573914,0.2869427523988722,0.2624783909695879,0.7264648258226185,0.9363365915851318,0.10228818046426381
0.49655684728811034,0.2895114875995201,0.26114407951809776,0.7351906805934818,0.9357076073097232,0.10229056123597399
0.49667700626821265,0.2870699954933482,0.2589617399787525,0.7327893362250222,0.9315767105821351,0.10229293093432737
0.4967971808927931,0.2869444571883993,0.2594189994084544,0.7419610874441096,0.9372375690606987,0.10229532277939433
0.496917274166087,0.28916258056538513,0.260520327222998,0.7498240577355091,0.9340416489587824,0.10229769247774771
0.4970373830838586,0.2891828288521119,0.26219553919864547,0.7356760084401459,0.9348066298342701,0.10230007324945788
0.4971574513259869,0.2885323328397102,0.2619438220322225,0.7364329483364893,0.9324776880577019,0.10230244294781125
0.4972775383414887,0.2875894118749685,0.2612833946223141,0.7480538539982782,0.9302847428813266,0.10230483479287823
0.4973975189745383,0.2884080736185868,0.2596285002857683,0.7366521043163405,0.9317127071822142,0.10230720449123161
0.4975174307718828,0.289414509659443,0.2614398602530671,0.7323264441690116,0.9346026349340946,0.10230958526294179
0.49763743643609715,0.29124728033773534,0.26449634942080724,0.7402714937157748,0.9405864853378034,0.10231195496129517
0.4977573200733816,0.2923950265344635,0.26484199828977245,0.7268002905295907,0.9321716957075523,0.10231433573300533
0.497877237815628,0.29081610303958877,0.26222482652372775,0.7280750405323406,0.937594560135949,0.1023167054313587
0.4979970620038947,0.2850070367489687,0.25667042733155504,0.7323448693139021,0.937594560135949,0.10231908620306888
0.4981168736765782,0.2879577136389134,0.26061531514618186,0.7250780159946937,0.9286187845303857,0.10232145590142229
0.49823666344699236,0.2920388735637618,0.26485624686558995,0.7313067871205221,0.9333786655332688,0.10232382559977567
0.49835645008851115,0.2896775217627513,0.2617279889218125,0.7392013263562922,0.9321716957075523,0.10232620637148582
0.4984761678943248,0.28751801078399614,0.25844775096495226,0.7235108462355344,0.9377475563110238,0.10232856499648242
0.4985958950868259,0.28798670060345083,0.26065014364556455,0.7250609806775428,0.9350616234594327,0.10233095684154936
0.4987155440569353,0.28855130222140424,0.2598274460394537,0.7469361148207379,0.9351466213344111,0.10233333761325954
0.4988352587338527,0.2865663514990294,0.2614095169286803,0.7289800169376321,0.9295877603059353,0.10233569623825614
0.498954807579302,0.28860970185618057,0.2613725768733629,0.7429095058936042,0.9361665958350613,0.10233807700996632
0.4990744158737672,0.2863118649524917,0.2591738783089509,0.7534214481472941,0.9359626009349995,0.10234043563496291
0.499193958461424,0.2881800164053139,0.260782598406364,0.7213137271260661,0.9338376540586069,0.10234280533331629
0.49931351669355895,0.2837714764592972,0.25917889159426766,0.7424058323207778,0.9337866553335061,0.10234517503166966
0.485006031145073,0.2874894504191244,0.2594155695687516,0.7203720989778135,0.9389545261367402,0.10354211631397632
0.5000251186179283,0.29026855182000544,0.263030902156297,0.7344803991998246,0.9396685082872409,0.10236481916661777
0.4996656804709816,0.28879662384805127,0.26002612795931573,0.7375518787949495,0.9403654908626322,0.10235208480630754
0.4997850603560643,0.2899136781119221,0.2615897293742264,0.7185395515391211,0.9370845728856239,0.10235446557801772
0.5008423461149407,0.2890788179177152,0.2613572736262635,0.7455032421305869,0.9363365915851318,0.10238791818888485
0.5000180222825676,0.28848267188274457,0.2596738832447682,0.7397451063867468,0.936506587335316,0.10235900565430224
0.5001368984154477,0.287951959192041,0.26069552660456446,0.7411161118878042,0.9331746706332069,0.10236136427929884
0.48582927018932054,0.28892130913246183,0.2605467128186983,0.7517228801026978,0.9346366340839722,0.10355379870539136
0.5008481558484048,0.291776501181159,0.26489925509884316,0.7474781476391772,0.939005524861841,0.10238099180421176
0.5004884339106219,0.28893345756811945,0.26052929867967545,0.729961711834149,0.9377475563110238,0.10236827405393674
0.5006076792531915,0.2864751283634103,0.2587883874339491,0.7521804908132983,0.9361665958350613,0.10237063267893332
0.5016647688303095,0.2888085593414617,0.26049156756556235,0.7354011005132557,0.937594560135949,0.10240407421644365
0.5008401468141805,0.2893985245086872,0.25932691432133814,0.7399828860583084,0.9295877603059353,0.10237517275521783
0.5009589103068168,0.288156997902653,0.2598298207652004,0.7638948723179153,0.9294347641308605,0.10237752030685762
0.4866510270756925,0.28822626760443265,0.26246308705847726,0.7443604860537338,0.9399065023374078,0.10356549217016318
0.5016697203076945,0.2901393908149624,0.26063879790581457,0.7328130427153232,0.9364215894602239,0.10239715336844897
0.5013098190841898,0.2876407783366325,0.2610686168471973,0.7301238054579489,0.9388525286867662,0.10238441900813873
0.501428797531958,0.29012702890067915,0.263739878973759,0.7276147295849893,0.9376965575859231,0.1023867776331353
0.502485668086381,0.27942687890423173,0.2048982387188796,0.7241278503331836,0.9123671908201914,0.10242023024400243
0.5016608864965728,0.26673112445771696,0.18241600245985196,0.7230331425867562,0.9274628134295426,0.10239131770941982
0.501779405935348,0.2498847233300921,0.16093376943234602,0.7354401348180559,0.9125031874202705,0.10239367633441643
0.48747138972615733,0.23353578818972595,0.14233810419550227,0.7431820709680195,0.9163620909475867,0.1035771634882214
0.502489812308685,0.21342007097431254,0.12809840399571895,0.34901683784248405,0.816353591160123,0.10241329832265095
0.5012184249805762,0.21191787516606725,0.12876832499652388,0.3565211928677059,0.8126476838078815,0.899834622339685
0.49971243430729917,0.21200313073377397,0.1298659578095188,0.33973517110387697,0.7966510837228498,0.9001159963357571
0.4991442828623378,0.20927198460636742,0.1277094815103176,0.3431287730596746,0.8089077773055351,0.900453512250762
0.49669459253917037,0.20833609717232365,0.1260574877964683,0.34913719692473233,0.8126986825328686,0.9006781352932776
0.49518815443381303,0.2098461777438771,0.1293464353682166,0.3606952823726919,0.7952401189969578,0.9009594539225656
0.4792552082147723,0.20737932316119007,0.12654877869065556,0.3452398419773801,0.7925201869952616,0.9042747062123723
0.49264876148802594,0.20753704345834806,0.12649047849849512,0.3558451012364423,0.8070718232044101,0.9015482243031695
0.490663862044745,0.2056053765718258,0.12434481451663276,0.3398620028124555,0.8058138546535929,0.901802800775806
0.4891578525980944,0.2070785847003624,0.1252564267772384,0.3468311550298442,0.793302167445745,0.9020840640383101
0.4885896689255085,0.20706558288658075,0.12657780926470175,0.3436367749531761,0.7938121546960701,0.9024203618840678
0.48613986690076505,0.20369843494421255,0.12416037431113805,0.35943848100246467,0.7891882702931525,0.9026057852435416
0.4846334287954077,0.2038486977928992,0.12358833964284249,0.37172948218155466,0.772426689332633,0.9028480149233555
0.4687004090473197,0.20166147517878302,0.12035269004479285,0.3750378678422335,0.7816404589884769,0.9060992632109075
0.4820938981782117,0.20190083227699557,0.12310231657163703,0.3541659510708366,0.790106247343715,0.9033584413046597
0.4801089518014958,0.2014421589676274,0.12156642302026249,0.3538845705176161,0.7759286017849263,0.9035737627274704
0.478602839101288,0.20226657623087504,0.12377514815530799,0.36242208377508356,0.7796685082872727,0.9038160034806411
0.47803462101085037,0.20008063734919768,0.12078488614663041,0.3593987319291123,0.7740416489587005,0.9041142532724634
0.47558480334162834,0.20033064871148132,0.12092473577994348,0.3573521907278874,0.7731406714831337,0.904299731998721
0.4740782964005672,0.19888770484337948,0.12089149094751181,0.3662479221578927,0.774160645983784,0.904541906311751
0.45814523441238775,0.1980777823139503,0.11824555199856995,0.35037529518452093,0.7784105397364556,0.9077684610136579
0.47153867191650045,0.1981302133080573,0.11849093516119999,0.3699374780034943,0.7712027199320346,0.9050523216196984
0.46955364731739335,0.1986304487960789,0.1197273574027986,0.3451091981698591,0.774160645983784,0.9052676541158661
0.4680474970704376,0.19839407753793994,0.12028883429142048,0.3696306437479573,0.7847343816404191,0.90550988379568
0.46747926208396295,0.19633623477127699,0.11830571142237106,0.37641915806856363,0.7541861453463525,0.9058081446608589
0.4650293893461779,0.19640294594781993,0.11885215730852666,0.37521906167011143,0.7633149171271043,0.9059934683601214
0.4635227916671423,0.1943404134455204,0.11823816819291139,0.3898471971760924,0.7584360390989104,0.9062357977001466
0.447589709028251,0.19408976021701732,0.11754792844631934,0.3588628540620913,0.7637909052273244,0.9094377695499763
0.4609830795739973,0.19324893334886212,0.11569619127987602,0.3686424762251106,0.7650828729281329,0.9067461687146668
0.45899802994372507,0.195274595196073,0.11890096213909382,0.36451754691274196,0.7765745856353305,0.9069614347706935
0.4574918014743776,0.19095024771566252,0.11510120174093139,0.3774840440826357,0.7515512112196348,0.9072036090837236
0.45692353519894624,0.19083557715341024,0.11503840840563936,0.3732227131049677,0.7606289842753995,0.9075018145821186
0.45447356859429133,0.19154042493117104,0.11534870088623816,0.370167712895898,0.7560560985974689,0.9076872933083763
0.45296691459513383,0.18875812260245536,0.11426662807137872,0.37986601028146905,0.7396515087123134,0.9079294676214064
0.43703380098017597,0.1896620418805014,0.11468827524702657,0.36060013873657604,0.7501912452187298,0.9111068566191589
0.45042707421726647,0.18686992740189112,0.11174206817474847,0.36745822386288984,0.7465873353165762,0.9084398386359266
0.44844203084478584,0.1878243699546678,0.11462705340514512,0.37435037962350526,0.7577390565236328,0.9086453601379767
0.4469357272819421,0.18643257334823418,0.11394947414067752,0.37736531308431087,0.7382915427114085,0.9088840574169743
0.4463674403557998,0.18645346528910856,0.11153758589484175,0.38841762036315264,0.744241393965126,0.9091955398701624
0.4439173755038208,0.18443568105349306,0.11073362314622986,0.37329649310325785,0.7460263493411503,0.9093608097202754
0.4424107277624545,0.18752085841722085,0.11379301094463265,0.40647227688767695,0.7401614959626386,0.9095993298255644
0.42647756126915937,0.18494764356249843,0.11117636374751508,0.3886831965895059,0.7493412664682637,0.9127762758890451
0.43987079664661355,0.18438091681310098,0.11065657570169282,0.35850594629856514,0.744581385465267,0.9101336192907541
0.4378856531494715,0.18108473710429082,0.10845761374613172,0.38489551890548923,0.745329366765759,0.9103146022341544
0.4363792932665058,0.18358910420828595,0.1095143434630323,0.374593956862209,0.743493412664634,0.9105533548799359
0.4358109656647198,0.1833597684475659,0.11063835965835642,0.3865227292229987,0.7205439864002301,0.910889265158206
0.4333608864198206,0.18094641404004225,0.10906948687907028,0.3766987914097688,0.7339736506586405,0.9110300075230259
0.43185417922943703,0.1793086610924549,0.10760008741930105,0.39498932155638333,0.7178920526986303,0.9112685276283148
0.41592094921956013,0.18041995858514664,0.10716498294796847,0.3755903045140374,0.7292137696556438,0.9144453629582278
0.42931412295776905,0.17952563690561268,0.10741168527971495,0.39612473140089843,0.7303697407564869,0.9118163708822175
0.4273289262694009,0.17916521918980466,0.10746129577732638,0.3926874491447139,0.7208499787504934,0.9119838664770455
0.42582252571079193,0.17588310868790424,0.10638080773610348,0.3795756157026233,0.735537611559721,0.9122226080494702
0.42525411112570666,0.1754790011588993,0.10561958518151654,0.40213831748327444,0.7197620059498604,0.9125828243458978
0.4228039768122436,0.17611180973411758,0.10644941338364353,0.3893077057569485,0.7099022524436123,0.9126992053257764
0.4212972445906953,0.17761890088974103,0.10859322698734927,0.39484684435839346,0.6991245218869153,0.9129378361646332
0.4053639482482301,0.176869294117727,0.10696921028294981,0.3830399003263196,0.7104122396940511,0.9161146714945463
0.4187570537765133,0.17461430544943707,0.1058048222005715,0.3892734762851906,0.7179600509987267,0.9134857458586766
0.4167718445725628,0.17330201979744278,0.10507921278538707,0.39204141750198973,0.7158521036973298,0.91365311964658
0.4152654346272673,0.17235461453001322,0.10331455848759827,0.40235846619722526,0.7056523586909407,0.9138918058522207
0.4146969699798504,0.17301044446857752,0.10578925113558105,0.40107160483845905,0.6908117297066383,0.9142743238892264
0.4122467762173705,0.17061712379639804,0.10354570082120934,0.3979747906691098,0.700552486187803,0.9143685138620948
0.41073985813941905,0.16906505194342608,0.10188894835970838,0.3774348044712903,0.6714832129196111,0.9146071004075245
0.3948065915214629,0.17099117625256618,0.10331614326123484,0.39015220480088586,0.6933446663832683,0.9177839135907238
0.4081996735830291,0.17034728967429635,0.10225571278802098,0.4091061195822876,0.7096132596684583,0.915154943661427
0.4062143736411037,0.1667714779969154,0.10042641035004152,0.39258094863049764,0.7023544411389366,0.9153224171095417
0.4047078917312077,0.1700333366362327,0.1025058458448187,0.3828465157236971,0.6768210794729157,0.9155611143885392
0.40413939704639334,0.1677570287122315,0.10277498290502907,0.3966496891928226,0.6935486612834438,0.9159435438386904
0.40168909877879777,0.1646663177107625,0.0984683384139789,0.3933646129288051,0.7029664258393495,0.9160377116648453
0.4001822038546745,0.16718070794017836,0.10152642032349127,0.4003398803882481,0.6572715682107173,0.9162763425037022
0.3842489068864303,0.16610648492638871,0.09961057065263942,0.4103244822881744,0.6687122821929279,0.9194532885671831
0.39764186911129284,0.166112885709301,0.10007126169274097,0.3951761938233118,0.6824479388014879,0.9168241857576046
0.3956564909469762,0.1622597753096343,0.09778998446966103,0.39656649807526745,0.672418189545283,0.9169916813524329
0.3941499933926016,0.1634394968140729,0.09980027868111596,0.3977685005231908,0.6654313642159195,0.9172303121912898
0.39358152186161455,0.16390605488674925,0.09930238972797537,0.40139047103128433,0.6676583085421726,0.917612896668436
0.3911311847957135,0.16114848139279891,0.09928155305337405,0.39970719109182373,0.6807309817254463,0.9177070202011637
0.3896242554537377,0.1606288450960116,0.09839498729901316,0.4058843797538316,0.6608244793879976,0.9179456510400206
0.3736909106133903,0.16130534348442674,0.09743429574983631,0.4064490469097439,0.6719932001699362,0.9211224863699335
0.3870837799100513,0.1583295158086644,0.09484852507817956,0.408141301165466,0.6755121121971115,0.918493560734064
0.38509835168340434,0.15680409123740333,0.0938701486947065,0.39454497377335485,0.6802209944751212,0.9186609345219674
0.38359179780890784,0.15958682266888405,0.09695329481743165,0.39196485784822044,0.6726731831703319,0.918899687167749
0.3830232762155905,0.1578529435502082,0.0954290037568431,0.41967655372913226,0.6649213769655944,0.9192821387646135
0.38057284528281876,0.15682498317827767,0.09551819154131941,0.4295577127358694,0.6589375265617718,0.9193762180039142
0.37906585649182567,0.1563735581297828,0.09484985310078003,0.4144256654008778,0.6381640458988613,0.9196149595763389
0.36313248036252155,0.1537800967762618,0.09356434935723926,0.4100215395503082,0.6433829154270825,0.922791794906252
0.3765253246280169,0.1542050962461411,0.09228887218433202,0.42172960726605124,0.6663323416914864,0.9201627585368143
0.37453990265916115,0.1535145358025289,0.09307859189055392,0.40801836097455824,0.6440458988524824,0.9203302319849289
0.37303323614442085,0.1519471127981366,0.0916229131176185,0.4233738131913476,0.6575435614108756,0.9205689292639264
0.3724646394576081,0.15123864625372369,0.09181788896907686,0.42326953640151443,0.6424139396514192,0.9209515137410729
0.37001419288035864,0.14889860584154047,0.08996695746967781,0.41080270215868464,0.6368550786229434,0.9210456372738005
0.3685071540270348,0.15129640527383034,0.09094110631453939,0.4069782138942508,0.6143646408839913,0.9212842127458732
0.35257378008795737,0.15069152234897723,0.09217805755180716,0.4141029473997455,0.6343221419464271,0.9244611034425704
0.3659665251674604,0.14979144354067855,0.09050231879386153,0.41068802151548645,0.6301742456438433,0.9218321778067006
0.36398101246063064,0.14884766776747022,0.09188570665654064,0.4021048424894327,0.6241393965150337,0.9219994962278203
0.3624743553325769,0.14647097482743723,0.0891938712465267,0.4182320064859688,0.6322481937951352,0.9222383485338128
0.3619056948162922,0.146203268339879,0.08987355321344503,0.4273308513127738,0.6400339991499777,0.9226207115438233
0.35945517752600065,0.14553018489430253,0.08887117060809757,0.4244718168149857,0.6322481937951352,0.9227150565436868
0.3579481324148861,0.1435699540670521,0.08842631845087753,0.4412070503022736,0.6131406714831655,0.9229535766489757
0.3420145976505715,0.1457507794741124,0.08871417841638349,0.43368399216661335,0.641393965150769,0.9261305227124567
0.35540735023942416,0.1459274625376301,0.08854610608943955,0.40461467284030816,0.621963450913654,0.9235013756094511
0.35342178434136784,0.14455315365680127,0.08854082498623173,0.4420110855043071,0.6073608159795185,0.9236689154977065
0.35191508653767123,0.1435004751776745,0.08746007134048875,0.42012860512877404,0.6089247768804853,0.9239075463365634
0.3513463603145772,0.1421022867279695,0.08795348485746576,0.4185185492565078,0.6166425839353451,0.9242901308137096
0.3488958211220168,0.14252088720286468,0.0879833011782172,0.4160087189056323,0.6052868678282266,0.9243843207865782
0.3473886790151357,0.14044919693238728,0.087694644399151,0.4346456338343161,0.6058988525286395,0.9246252659570042
0.33145521934431743,0.13639893169145267,0.08192387712479743,0.41149570997900686,0.6078198045048566,0.9278147802804436
0.34484783864221535,0.136098631273031,0.08261069721319325,0.4277093212609455,0.6018529536761434,0.9251983121709644
0.3428621851350795,0.1392617980643103,0.08739201018221487,0.41108813306703174,0.611474713132111,0.925378420319178
0.3413554184956791,0.1367290905106105,0.08499251681398345,0.4245618776525111,0.5899872503186998,0.9256296747847771
0.340786737954462,0.13639766226243935,0.08318009796999792,0.41193394251998106,0.6156226094346948,0.9260248828886657
0.3383360842443195,0.13656113253664925,0.08456243669482266,0.4264755910311955,0.5799065023373942,0.9261317407817036
0.33682893900854305,0.13254455186277267,0.080756323921888,0.45005878375698005,0.5909052273692623,0.9263829398805189
0.32089538296773856,0.13307207113494,0.08161597508487944,0.4269654060359902,0.5906502337440998,0.929572509570742
0.3342879659704461,0.134378394046428,0.08263813194674788,0.4430181943937763,0.5877603059922194,0.9269560414612629
0.33230230933441574,0.13578126329212864,0.0841228479338425,0.43621109609082365,0.5976370590734632,0.9271362714164013
0.3307954676015181,0.13230690044805124,0.08214842361282618,0.4430599686446921,0.5993710157245005,0.9273875258820005
0.33022675389400735,0.13184589031654162,0.08196662838567739,0.4355983011857576,0.571491712707143,0.9277826675457481
0.3277760113232282,0.12865244674933024,0.07906370378331945,0.4191009267887591,0.597790055248538,0.9278895254387862
0.32626880350953913,0.12877202338652982,0.08142625598954792,0.44152682981047087,0.549817254568552,0.9281407799043853
0.310335225566464,0.12954656102919443,0.08007531393236919,0.4257507363009545,0.5620059498513683,0.9313302388610405
0.32372778666690305,0.12990868085263724,0.08049669550349697,0.43512031957143105,0.5693157671057634,0.9287139368519133
0.3217420611951676,0.1286123792786418,0.08037162897509811,0.43850304116149585,0.5646578835528544,0.9288941003669108
0.32023517878662666,0.12723551366050442,0.07974734989770019,0.4292999592542217,0.568856778580539,0.92914535483251
0.319666418145681,0.12481213791548817,0.07706605898713398,0.43743664619159195,0.5449043773904805,0.9295426668741891
0.3172156380281539,0.125602663212008,0.07866976801260134,0.4451898995102923,0.58046748831282,0.9297492403451343
0.3157084083121946,0.12618111877031737,0.07898137744894562,0.4426275336708603,0.5223629409264277,0.9301808687195102
0.2997747727974396,0.12288814124089156,0.07576922278406922,0.4383493262134974,0.5374585635358926,0.9335507790984399
0.31364000177259443,0.12208248113226203,0.07676790684647442,0.43363947796958247,0.5356566085847589,0.9311851225202881
0.3121107177226734,0.12094773674931558,0.07665233567966892,0.4342088308304457,0.5296557586059407,0.931618921272595
0.3101460234360185,0.12334063725837091,0.07833467470993882,0.4287549879428474,0.5499702507437405,0.9319779194997753
0.3081544657027697,0.1203835649492985,0.0745074685113668,0.4405572462699705,0.5357246068847417,0.9323375821283633
0.30664748191800983,0.11939993625678424,0.07544124546917422,0.44604047408691994,0.5200169995749775,0.9327150728613854
0.29071344778194774,0.11846404524688411,0.07311352286901399,0.44076786473656404,0.5231109222269197,0.9360302144176241
0.30457506350839214,0.11827221843161584,0.07348898584535965,0.42314524609223136,0.5081682957926432,0.9336079176194838
0.30305888077038645,0.1187944007381426,0.07378925175532491,0.4561955879958117,0.5214959626008522,0.9339841902832592
0.3015261208302742,0.11619966995560826,0.07336497066818615,0.4542823114201311,0.5210879728007285,0.9343623454176888
0.2999613360172839,0.11352905950078401,0.07152933356240249,0.44622671100402456,0.531372715682096,0.9347481411683046
0.2985099589662261,0.11424370512501392,0.07233725824510578,0.4413690645073456,0.5115682107946213,0.9351106828696581
0.29698932068079786,0.11410729335599809,0.07212829388892247,0.4457085038039783,0.5130471738206097,0.9354862911320259
0.2954609975147342,0.11307059895487018,0.0720826431120315,0.43987750137722004,0.5170930726731058,0.9358651106678629
0.29373098104096407,0.11144925203633402,0.07087841213826823,0.43938423165775853,0.5171950701231935,0.9362810259489516
0.29244544891423585,0.11130645021197502,0.07057340076087726,0.44175503952531114,0.4894177645558102,0.9366134481198325
0.29092522677193067,0.11210720960944176,0.07166760284882095,0.4474030214934479,0.5090862728432057,0.9369890563822
0.2893972102376421,0.10984667836376968,0.07015439635020432,0.4411929931874219,0.49424564385890335,0.9373680973851731
0.2874512095381192,0.10896258363346986,0.0698301197916226,0.43656566100187466,0.48295792605176757,0.9376751062022175
0.2854394860723293,0.10936007582817997,0.07024384309908771,0.46063993943210124,0.4868678283042982,0.9379766890744338
0.28393241593004914,0.10921471726651241,0.06822800217990482,0.4307531631387347,0.47007224819378735,0.9383534046724805
0.2824253708189337,0.1067559655743725,0.0682538543531939,0.4560251554055743,0.4846578835528135,0.9387301202705275
0.28091838202794106,0.1059854686494123,0.06710502626895104,0.4360435225747934,0.47964300892465417,0.9391067251350063
0.2794113650768866,0.10515231199318273,0.06780002476319474,0.4572524130089941,0.4767530811728875,0.9394835514666209
0.27790429493460644,0.1039014130675881,0.06648154179174243,0.44852866283442183,0.4640883977900785,0.9398600013041049
0.2763972279212217,0.10385665407333491,0.06771348195706439,0.45208265091136757,0.487037824054255,0.9402367611955788
0.27489018906789786,0.10273512247969621,0.06782877645249483,0.4465872720290378,0.47870803229920966,0.9406134214268416
0.2733831032811387,0.1043935510288472,0.06754434942541107,0.4457024679806523,0.44768380790469564,0.9409901259515315
0.2718760206232762,0.10171355395103704,0.06514617079955415,0.438364455481177,0.46884827879296154,0.9413668415495782
0.2703689473520998,0.10030343286860671,0.06552348415405648,0.4442388602427745,0.4732681682958173,0.9417434685607708
0.26886180336788223,0.10019857088039266,0.06565329836325198,0.4601067220924675,0.4677943051423199,0.9421202284522447
0.26735470193664534,0.09985904331753082,0.06507045137761758,0.4485300129527976,0.46952826179335716,0.9424967225831556
0.26584758173203404,0.10054918359801884,0.0665556897202684,0.458763513146202,0.44798980025495894,0.9428735489147704
0.26434049594527576,0.09476570077183788,0.06347386719340176,0.47144731935386375,0.4495537611559257,0.9432501537792491
0.2628333600961863,0.09621758785673504,0.0653807438582164,0.4506651854544441,0.43399915002123635,0.9436267586437281
0.26132625240715823,0.09551870460740872,0.06497281958277334,0.4588885976427648,0.4392690182745582,0.9440035849753426
0.2598190915269032,0.09612977555171978,0.06352135728159439,0.4533362755324757,0.4384190395239784,0.9443801898398215
0.25831196193560535,0.0919260595861397,0.061804987672187534,0.46322311297826313,0.46621334466624376,0.9447570161714364
0.25680486676215963,0.09447795876100726,0.061536915243428525,0.45634445840140336,0.44341691457702836,0.9451336210359151
0.2552977027530092,0.09413949680334532,0.062074653728067086,0.4468078972553562,0.40912877178061535,0.945510225900394
0.2537905105837974,0.08965657082024675,0.061307366536938024,0.4519671760808899,0.43090522736929415,0.9458870522320086
0.25228331841458695,0.09164472014614958,0.06183928385584456,0.4451980796392738,0.41251168720782516,0.9462636570964875
0.2507762075966631,0.090661726168142,0.061763830038428114,0.44425633236292916,0.43507012324687366,0.9466402619609664
0.2492689810095996,0.08913353030818985,0.060571996155640184,0.4698876546644981,0.4167275818103917,0.9470168668254454
0.24776182951603198,0.08716584382039635,0.0581566771847532,0.4618155748623367,0.42220144496377543,0.94739369315706
0.2462546592490904,0.08988910876035108,0.060675958191546614,0.44764103942119315,0.4299532511686266,0.9477702980215388
0.2447474626994257,0.08726133706490635,0.05832501290284625,0.46967048415284673,0.3949001274967259,0.9481470136195856
0.2432402392412576,0.08545776450547035,0.05831050646930713,0.4730817567756189,0.4053718657032732,0.9485237292176325
0.24173305645873322,0.08624999548548135,0.06082978747610057,0.4479738038914145,0.3996600084997226,0.9489004448156793
0.24022581109829577,0.08424628224470382,0.058993884765796784,0.4555484842002595,0.3966000849977718,0.949277049680158
0.2387186126712928,0.08272298530798622,0.05830100225422982,0.45601201160609395,0.37953251168721636,0.9496537652782048
0.23721134853748138,0.08323835560811749,0.05856880686509772,0.45557465267112773,0.3962600934976308,0.9500304808762517
0.2357040844036704,0.08211085948604435,0.057166691670381076,0.4565841044130725,0.38439439014018717,0.9504073072078663
0.23419684530102414,0.0818380430997254,0.05729255501234021,0.4685944000981297,0.38116447088816585,0.9507838013387773
0.23268961245616948,0.07989038855934794,0.056147688862188766,0.45759772563823575,0.37198470038242704,0.951160627670392
0.23118232642008874,0.07953487691848718,0.05716853983516673,0.45296209419561495,0.38164045898838594,0.9515372325348708
0.22967505915738107,0.07823069058118359,0.05532155920300405,0.4630163860293406,0.3626689332766091,0.9519139481329175
0.22816780441025664,0.07965295169600903,0.05749808864347228,0.4857012338136195,0.3461453463663702,0.9522906637309645
0.22666051211638427,0.07721167878983295,0.05467960414479395,0.4711535494790786,0.352792180195479,0.952667379329011
0.22515324172478213,0.07676238316380973,0.05541258408541097,0.44703499510800504,0.36696982575426773,0.9530437627263542
0.22364591063260342,0.0769235184038064,0.05634189003379686,0.4612439982770902,0.3687887802803971,0.9534200353901294
0.22213862897697645,0.07498204294324592,0.05510255720933224,0.48185415092107675,0.33489162770922576,0.9537963080539044
0.2206312913141164,0.07375373627823226,0.05450730427923853,0.48555732707852606,0.31976200594988313,0.9541726914512474
0.2191240350025443,0.07242333891369562,0.05231467256473968,0.47568136999847166,0.333327666808259,0.9544957566356395
0.21761668764010844,0.07047610632437046,0.05304581319405505,0.4713637311426684,0.3343816404589006,0.9548004843411846
0.21610936906351252,0.07080049013548173,0.05151414054117895,0.46893498731305683,0.3078963025923258,0.9551052895602274
0.21460202482997204,0.072729396460882,0.05363447249193748,0.46295650430844626,0.3085082872927387,0.9554100283391296
0.21309468435110634,0.06955065681508701,0.05103471331555584,0.47882670901061464,0.3445303867403027,0.9557147671180316
0.2115873585780501,0.06746190970969806,0.051227852069083535,0.4596429167210849,0.3089162770929761,0.9560195723370744
0.21007999901292074,0.06639131619012958,0.05042732004552283,0.465357213327082,0.2971015724606332,0.9563243000426197
0.2085725956432527,0.06785920523230751,0.04946452579389521,0.46078197982708713,0.2913727156820869,0.9566283190533301
0.20706526705419037,0.06379721118246098,0.0483930107587095,0.46518149939143427,0.3000934976624876,0.9569244206139349
0.2055578981023749,0.0655304466469892,0.050286948056653624,0.4761561748636789,0.31185720356995716,0.9572206329081074
0.20405051663497575,0.06466682369443966,0.05001676185858886,0.4707489507694027,0.2979175520612216,0.9575169559358478
0.2025431254680008,0.14881037158547286,0.11177689556744569,0.4546631639301424,0.1791245218869335,0.9578131682300205
0.2010356920609344,0.19544062935930417,0.15090149715513212,0.4628125975733528,0.32547386315332005,0.958109380524193
0.1995282918201613,0.22069701557954138,0.16690136514968562,0.4672337587410733,0.31534211644702737,0.9584171091094289
0.19802089439539428,0.2504631788884014,0.20193911662681197,0.4706354614071244,0.43308117297067383,0.9587652554469537
0.19651345973676992,0.2913429790151941,0.23405177659100757,0.4304076916720372,0.7983000424989086,0.9591135125180462
0.19690272189138636,0.28458736888094543,0.21504687454971733,0.7482389790531914,0.9367785805353606,0.09811843045092751
0.464040887039304,0.27408714197497913,0.21198853810253987,0.3699598740847836,0.8411389715255382,0.10211685348798576
0.47646223767474494,0.28782514233964496,0.26956868614784335,0.73266913598023,0.9344666383339018,0.8955392008001221
0.509067145230758,0.2886384755208852,0.2735193776425713,0.7297634826891197,0.936880577985562,0.10242605482967476
0.5091823104933835,0.29013598052073697,0.2761763914146526,0.7523124450298311,0.9411304717381199,0.10242779334669103
0.47873634219560923,0.2903290833803529,0.2794437001861489,0.7637401249264535,0.938716532086687,0.10242660849751434
0.44840820654401226,0.2902075949115421,0.2777484358439143,0.8019958482271579,0.936880577985562,0.10240291151398055
0.44837768948595347,0.2901370461259369,0.27672415314986815,0.7936112557304087,0.936472588185211,0.10240338766832256
0.4486520226095667,0.29003239564962746,0.27218902391976757,0.8018300219231427,0.9305907352315899,0.1024041185098708
0.4485359077271074,0.29137494967429134,0.2687544314454149,0.7969693575148007,0.9369825754355361,0.10240460573756964
0.44883874884487485,0.29128735013273044,0.26574438079330487,0.76590178357388,0.9414364640882695,0.10240539194590181
0.47789540955928356,0.2900012780110687,0.2634427788483361,0.7255765273502017,0.9425074373140205,0.102423651911251
0.5098179174870281,0.29040261603931067,0.2662836989608267,0.702830130051741,0.9425584360390076,0.10243840162249729
0.5099329960792445,0.28905047031629777,0.2644662697089067,0.728319332539596,0.9348576285591434,0.10244015121287034
0.5100479767370261,0.2924293417037933,0.2667662886509357,0.7138240645655198,0.9405864853378034,0.10244191187660019
0.510163023101617,0.29212199684831175,0.26717156905471834,0.7160579148366772,0.9353166170844815,0.10244366146697326
0.510277978728233,0.2891990274814933,0.26141901561033015,0.7250156722932322,0.9367275818103735,0.1024454110573463
0.5103928623902494,0.2924871019754497,0.26711220179639844,0.7368203926009227,0.9418954526136076,0.10244713850100577
0.5105078274035528,0.29014130908311503,0.26464437170520355,0.7294234514052886,0.9426604334890953,0.10244891023809241
0.510622714194465,0.2919146143426384,0.2652892320341893,0.7229827116944911,0.9338886527835939,0.10245064875510869
0.5107375446652558,0.28901402393656805,0.26119605832268,0.7146483118338234,0.9323756906077278,0.10245239834548175
0.5108523751360452,0.28911441199207777,0.26184962605318274,0.7126747167342447,0.9380875478111648,0.10245414793585478
0.510967254730498,0.2927074862949047,0.26786392279195326,0.7109228984325404,0.9397705057373287,0.10245588645287107
0.5110820288811655,0.29034485523127584,0.2640158708439588,0.7201503221799392,0.9455163620908706,0.10245764711660091
0.5111967467117124,0.29184726273021855,0.26588738979238447,0.7283973217304691,0.9449383765405628,0.10245939670697396
0.5113114413884299,0.29327997410650886,0.26648765844250305,0.7187831287778248,0.9481682957925841,0.10246113522399024
0.5114261467033936,0.2912688071719092,0.2656620580003246,0.711548201787263,0.9451763705907297,0.10246288481436329
0.5115408488894619,0.29115243378685085,0.26556258490214485,0.7325653754121286,0.9409774755630451,0.10246464547809313
0.5116554916265117,0.29118120763034827,0.2657520324168546,0.7253019370982232,0.9419974500636954,0.10246639506846619
0.5117700874301279,0.2934720110033392,0.26707737307567864,0.7138576983968179,0.9434084147895874,0.10246812251212568
0.5118847051360134,0.2886602156548918,0.2619052994166395,0.7308343648171542,0.936880577985562,0.1024698887125339
0.5119992956205057,0.29130567997251167,0.26725336373737785,0.7023586210637447,0.9428644283892709,0.10247164383958536
0.5121138789085387,0.29007864649116055,0.2635760253319425,0.7309851412722175,0.9363705907352369,0.10247339342995843
0.5122283964897627,0.29266954788910227,0.2648111277404133,0.7355932144162305,0.935860603484798,0.10247513194697468
0.5123428827820291,0.2903145898980842,0.2635256290876259,0.7219617839463541,0.9418954526136076,0.10247688153734776
0.5124573440431317,0.2890598485360212,0.2632462073777233,0.7151659233934098,0.9379855503611907,0.10247863112772079
0.5125717834019636,0.29176989389254104,0.2675404375135043,0.7246695654767108,0.937594560135949,0.10248038071809386
0.5126862071163178,0.29309624946661633,0.26714333662225503,0.7258112096913722,0.940127496812579,0.10248213030846691
0.5128005870261321,0.29175859758345773,0.2672338387064316,0.7222979237125142,0.9435614109646622,0.10248387989883997
0.5129149575492606,0.2918926610875917,0.2645620489122233,0.7215534128470991,0.9334806629833565,0.10248562395253463
0.5130292967834316,0.29232149387550566,0.26690745081325223,0.7213875071243563,0.9373565660858958,0.10248736800622928
0.5131435953419596,0.29367555750908564,0.2676786970610904,0.6967655174366401,0.9404164895877329,0.10248911759660234
0.513257881384904,0.29492070770917805,0.2679272480002967,0.7255411065975241,0.943051423714337,0.10249086165029701
0.5133721624216157,0.29110874075538323,0.26624649507168596,0.7295860612508205,0.940178495537566,0.10249262785070523
0.5134864131080397,0.2874732519685358,0.26108840659731525,0.7185876792882748,0.9364215894602239,0.10249434422100794
0.5136006490886547,0.29359286010903,0.266637263508502,0.7166710671260192,0.9382405439863533,0.10249611042141618
0.5137148287491469,0.294941168938152,0.27225736219209073,0.7169408525449552,0.9418954526136076,0.10249786554846763
0.5138289708628911,0.29209833898253085,0.2670705131749359,0.7084530554112012,0.9427114322140824,0.10249960406548389
0.5139431442655922,0.293966277314313,0.26586839220774766,0.7162655948103356,0.9439184020399125,0.10250134811917856
0.5140572613481713,0.2913591772869899,0.26757051678273064,0.7453019156551666,0.9377475563110238,0.10250310324623
0.4997448202547363,0.29245385241131977,0.2672227568005049,0.7259445537356446,0.9450913727156376,0.10366023581087123
0.514757996305018,0.29213329351498063,0.2674596979448009,0.7120768525500383,0.9340416489587824,0.10253100810534459
0.5143932171331764,0.2938886951768027,0.267805083422617,0.7092821869312751,0.940127496812579,0.10250813055021334
0.5145072309621983,0.2935310501800283,0.26932725938587715,0.7194014432844855,0.9354016149595736,0.1025098912139432
0.5155595230035983,0.29004049496431816,0.2634712753359598,0.7219792560665088,0.9374415639608742,0.10256151520330517
0.5147293012029031,0.29443880349128027,0.2695240946903133,0.7042207519786086,0.9475563110921712,0.10251320214762384
0.5148428801154283,0.29468476430225443,0.2697776586934993,0.7163687200286131,0.9272588185294808,0.10251491851792655
0.5005302275086456,0.29402211931781674,0.2675802795195409,0.7101673880733004,0.9359116022098988,0.10367205108256776
0.5155432865382301,0.2926893695761634,0.267285817953688,0.7287219060717087,0.9463663408414504,0.1025428233770411
0.5151782664414224,0.29108529529547106,0.265154402326306,0.7295589794645803,0.939005524861841,0.1025199458219099
0.5152920662539819,0.29182509653292477,0.26506152551638273,0.7106566074376355,0.9407564810878739,0.10252170648563973
0.5163442268817633,0.2933072555663479,0.2692388681936241,0.7336326836974041,0.9338886527835939,0.10257331940164491
0.5155137766716851,0.29260411454483515,0.26776471374893385,0.717144641000943,0.9342456438588442,0.10252501741932038
0.5156271678504707,0.2907014348016432,0.2646686461876433,0.738555532969752,0.9383765405864324,0.10252675593633664
0.5013143832042917,0.29423994618479193,0.26935575565216374,0.7245864140685194,0.9407224819378825,0.10368388850097787
0.5163272832859755,0.2930679020439917,0.2681480941746864,0.7301947263820319,0.9396685082872409,0.10255464972209445
0.5159620817132198,0.29319493219622056,0.26799373899318263,0.7103315465840279,0.9367275818103735,0.1025317721669632
0.5160757325903451,0.2934340725975368,0.26806550754788283,0.7290539954827424,0.9397705057373287,0.10253353283069305
0.51712765354472,0.29094057502416654,0.26274673055222675,0.7168129486835493,0.940127496812579,0.10258516789341181
0.5162971207317955,0.2913809175997894,0.2661810596354303,0.7359680708122793,0.9458903527411167,0.1025368437643737
0.516410333563528,0.291949569053881,0.266136204344077,0.7309816865575505,0.9300467488312734,0.1025385601346764
0.50209731800485,0.29268574633969086,0.2682396515941561,0.7164436118890949,0.944785380365488,0.1036957148460312
0.5171100797893451,0.2934943905004658,0.26715995948114507,0.7183123345583804,0.944836379090475,0.10256647606714775
0.5167446529361022,0.29312949885195344,0.26730217697875475,0.7169657106068121,0.9476753081172546,0.10254359851201651
0.5168581723996102,0.2929163611842364,0.2649277509224555,0.7186889381664447,0.9373565660858958,0.10254534810238956
0.5179099387865391,0.2937667804659119,0.26699636967315193,0.7119000267521987,0.9395665108371531,0.10259697209175155
0.5170791850735807,0.2931712737940612,0.2672483506733982,0.7188891527796735,0.9395155121120524,0.10254865903607024
0.5171922176809232,0.2907600479150451,0.2644187763006576,0.7270689243769712,0.9386485337865906,0.10255038647972971
0.5028790669539522,0.2923890586089654,0.2649546644071395,0.7397199306499784,0.9341946451338572,0.10370753011772771
0.5178916103415308,0.29222131929862155,0.2652860655856356,0.7247174549696807,0.9417764555885242,0.10257829133884429
0.5175260082701301,0.29179078136359493,0.267763130524657,0.735194016180057,0.938716532086687,0.10255543593042662
0.5176393712888547,0.2938959418285406,0.26758740347544396,0.722315673798217,0.940518487037707,0.1025571744474429
0.5186908695294257,0.29135150457196485,0.26487286950314287,0.7138394717987473,0.9370845728856239,0.10260879843680487
0.5178599875317453,0.29382539322172824,0.2688496827597478,0.72332321949069,0.9422014449637572,0.10256049645448034
0.5179728280248939,0.2926273465261217,0.26555625244771164,0.7423430915256763,0.9314067148321783,0.10256221282478305
0.5036595092762264,0.2936378322243232,0.26655045576186287,0.7206184955813604,0.9474203144920921,0.10371935646278105
0.5186718858936659,0.2918395900151935,0.2665662873406201,0.6981136503440399,0.9342456438588442,0.1025901176838976
0.5183060960885255,0.2905793069697124,0.26510822764449915,0.7239018246333626,0.9435104122396751,0.10256725120212316
0.5184192651157193,0.2918905298771919,0.26654676186699966,0.7233101154005741,0.936506587335316,0.1025690007924962
0.5194706310040029,0.2900479547370961,0.2656604749973849,0.6935104217424335,0.9416064598384537,0.10262061370850138
0.518639576917062,0.29250692384130367,0.2686884678988385,0.7214372232480697,0.9435614109646622,0.10257230065282008
0.5187522859965932,0.29138326246760765,0.26468606076934026,0.7375365906898141,0.9397705057373287,0.10257403916983635
0.5044387241327319,0.2928747993631686,0.26722381213579804,0.7283862031085524,0.933684657883532,0.10373117173447757
0.5194509089488681,0.2922232375667742,0.26670243621761985,0.725572715251259,0.9416914577135458,0.10260193295559414
0.5190850102581579,0.29337354139477495,0.2666932009271191,0.7334429523562684,0.9453973650657872,0.10257908308385488
0.5191979499372996,0.29362568325228716,0.26717974856725174,0.7332509178720212,0.9441223969399744,0.10258081606419274
0.5202491387300889,0.29404876159332866,0.27020615824442845,0.7110134357824336,0.9418954526136076,0.10263242344351953
0.5194179613646583,0.29459823036589344,0.2691568094558042,0.7296930382774047,0.938342541436441,0.10258410485115982
0.5195304013591633,0.28916087577585803,0.264273128742008,0.7347654727238961,0.940518487037707,0.10258585444153288
0.5052167700338179,0.2937277762761168,0.2679219708811567,0.7116103469419046,0.9397365065872236,0.10374299807953088
0.5202287614842018,0.2945758510475597,0.2689095779070514,0.7138852964047897,0.936506587335316,0.10261373715393388
0.5198627432696785,0.2928189573596649,0.2690958589732074,0.7084089780171743,0.9382065448363619,0.10259088174551621
0.5199754711225832,0.29245470525306533,0.2660414806973907,0.7292987242930016,0.9425074373140205,0.10259262026253248
0.5210265109799397,0.29417493890381197,0.267793737682867,0.7349841919007432,0.9379855503611907,0.10264427747196483
0.5201950548299057,0.29257555417996334,0.2672203820747582,0.731074606469283,0.9346026349340946,0.10259595334292672
0.5203074103442273,0.2897587269579414,0.2642686431243378,0.7218518684268347,0.9320186995324775,0.10259764756651583
0.5059935437259284,0.29462679090955807,0.26904282439065785,0.7330184592552342,0.9437654058648377,0.10375480227787062
0.5210054356774299,0.29109616589885284,0.26594042437493404,0.72372158383022,0.9461453463662792,0.10262556349898717
0.5206391696543702,0.2921401139246386,0.2652815804106396,0.7192493961297746,0.9455163620908706,0.10260270809056954
0.5207517254180134,0.2964874825896023,0.2705000921426347,0.6987322031068846,0.9433064173394996,0.10260442446087222
0.5218026282297403,0.2930425386735125,0.2706742359675709,0.7086640709714345,0.939005524861841,0.10265607059694777
0.5209710484883279,0.29493115135530856,0.2689702643344878,0.7111646490405008,0.9435614109646622,0.1026077353945529
0.5210831974955354,0.29578135751594414,0.26982198631720605,0.7136414809099019,0.929281767955672,0.10260946283821236
0.5067690965229517,0.28264738991627814,0.20739140194786387,0.7341742400034754,0.9272078198044937,0.10376660647621036
0.5217808370359038,0.2701436714726296,0.18321151898472493,0.7160334141590967,0.924606884827881,0.10263736769732694
0.5214143870337775,0.25567482149056786,0.1665699637498524,0.728538051716443,0.9334466638333652,0.10261451228890928
0.5215268583172392,0.23722349198895534,0.1492608513944038,0.7151220445462028,0.928567785805285,0.10261624526924716
0.5225775314680243,0.213969537064985,0.1327567531387925,0.3264331695176468,0.8145856353590943,0.10266787479528752
0.5208408229122123,0.21426324002839375,0.1348161399190446,0.3496500830700042,0.8160985975349604,0.9010564565280591
0.5193312746845677,0.21176015308098112,0.12973587799580316,0.3478015724669885,0.8014619634508335,0.901333954849254
0.5033954520717456,0.21138524420721103,0.1315978984839161,0.3391240439920984,0.8217254568635326,0.9045496576615052
0.5167854362137168,0.21475495067481598,0.13223247194983861,0.34460878076487944,0.8057118572035051,0.9019595995079737
0.514797273332261,0.21001967114350778,0.12894880326792718,0.3499852301020647,0.8054398640032332,0.9021658961449993
0.5132880448777533,0.23329003924824201,0.15096244896575145,0.32581163855250317,0.8321631959200886,0.9024433944661943
0.5127170514568631,0.2349326911190639,0.14991626596166963,0.3303813921602674,0.7908712282192027,0.9028647356921107
0.5102636543310037,0.23401683920829253,0.1513107339595786,0.33546935296807834,0.8115597110072486,0.9029977267071766
0.5087540184942809,0.23462918315747333,0.15220124394106288,0.3449215714250147,0.7935401614959119,0.9032751142948036
0.49281820839704116,0.2580229594295136,0.16878924223782962,0.7131938769590267,0.938716532086687,0.9064908171070548
0.49230667025151753,0.2354060701377767,0.15092920191994882,0.33470057968126654,0.8268933276667667,0.10193839526993397
0.5212427646036097,0.23470825785743485,0.149295681000472,0.3216306396181834,0.8038419039523887,0.901069412355505
0.5197334948476784,0.2360885366304827,0.15229675975323037,0.330538839788481,0.8151806204843979,0.901347021410268
0.5191624482355621,0.2602807265382074,0.16918449496429322,0.7126074490716487,0.9363705907352369,0.9017683072694005
0.5029585296397383,0.23307413082821235,0.1486352553612604,0.3317688373380161,0.8198045048873155,0.10217583018625727
0.5214328262416927,0.2345266651431135,0.14950887289526676,0.3368352756705453,0.7952401189969578,0.9010776066395307
0.5054969335416075,0.23540308608563126,0.14959093362512055,0.326526804197931,0.8099617509561767,0.9042932430116412
0.5188868250682672,0.25811439586496554,0.16950481622889652,0.7106950461019759,0.94046748831272,0.9017030851978985
0.5031480083645605,0.23511812072727628,0.150961132010006,0.32729494213491916,0.8220994475137786,0.1021770925489315
0.5216227001460365,0.23570915257245859,0.15147432421024598,0.3199247253412494,0.8147386315341691,0.9010855130162799
0.5210516066004858,0.2364391457722525,0.15236061329323175,0.3399092569556017,0.8188695282616436,0.9015069206823372
0.518598134381131,0.25954241768441205,0.17034730269977696,0.71809766573666,0.9323246918826271,0.9016400224309711
0.5033377311432439,0.2358592008697627,0.15030650540281645,0.3436353057067081,0.7991840203994798,0.10217838813167611
0.5073858425335467,0.23181811127628787,0.14829197701263705,0.33469883246925103,0.8225754356139987,0.9040319782315026
0.5207756736725209,0.23305132580417703,0.14852232253268782,0.33414655463490295,0.8140246493837822,0.9014418647111871
0.5187873975250419,0.2573999576404054,0.16741825367949686,0.7186096385665603,0.9418954526136076,0.9016481059814287
0.5035272471019248,0.23354431124339714,0.14850728267673755,0.3410759180695755,0.8143306417339318,0.10217968371442071
0.5229402843670354,0.2325504520257924,0.14922417583692094,0.33773000705992806,0.8151806204843979,0.9012457001956258
0.5204866600833515,0.23384739546600725,0.14984502418926762,0.33442015215278165,0.8195495112622666,0.9013786912106917
0.5189769272508631,0.2545172702956579,0.16574225153040215,0.7189664272019944,0.9324776880577019,0.9016561895318866
0.48929013354576956,0.23670066602828096,0.15115981083114868,0.31403447654342065,0.8072758181044719,0.10333636780811187
0.5226639991254189,0.2351277129620038,0.15050598103751942,0.3312477313543989,0.8089587760305221,0.9011804781241239
0.5206756954436584,0.23778404681024853,0.15206192994353201,0.3349260494499917,0.8111347216319018,0.9013868854947175
0.5191662160517176,0.26017735389417374,0.1701378004944405,0.7243068998554063,0.9379855503611907,0.9016643838159124
0.5048441363951963,0.23553075309788063,0.15142999924258443,0.32288267586473207,0.809570760730935,0.10223214927889883
0.5223747546237503,0.2340228073125834,0.14920808020300327,0.32590439962677986,0.8107097322566688,0.9011174707239803
0.5208648935065394,0.23551626193991854,0.1518154932163056,0.3359621461751723,0.8034849128771384,0.9013949690451751
0.5049288381038797,0.25838465372604774,0.1679214259492163,0.7282170809273265,0.9442243943900621,0.9046106718574263
0.5045675110426209,0.23710605550179656,0.15151786121783123,0.32489220793872,0.8089077773055351,0.1022079706043446
0.5225634614500119,0.23606828834375598,0.15232182396644314,0.3365866553426151,0.8247683807903741,0.9011255542744381
0.5210538850623068,0.23450790798849536,0.15003420764881698,0.35147115450250377,0.8186315342115904,0.901403052595633
0.5204826607289164,0.2559303736423055,0.1690462323179877,0.714872352065445,0.9331066723331105,0.9018243938215496
0.5042778732387676,0.23531548654407036,0.150410728616501,0.3306964859635142,0.8188355291116522,0.10218471101840404
0.5227523403655359,0.2334260219144928,0.1480539798690366,0.3348428583324363,0.8093497662558775,0.9011336378248958
0.5068162386552197,0.2343764022944268,0.14877456493204927,0.3294784012231755,0.8144836379090066,0.904349340637147
0.5202058792444482,0.2583006765269953,0.16803646590698165,0.7249017064185861,0.9400764980874783,0.9017592824836155
0.5044662690528008,0.23500878176688,0.15049674464033316,0.3425593010707193,0.8216234594134448,0.10218598445443508
0.5229410659651719,0.23584939765950905,0.15240625964338078,0.31679967781410445,0.8248703782404618,0.9011417767421375
0.5223698209810705,0.23608640542008286,0.14951943067494047,0.3064124229633376,0.8084997875052977,0.901563173334838
0.5199160465103949,0.2619071797796479,0.1711301587425255,0.7006807415977867,0.9382405439863533,0.901696319376899
0.5046548288209665,0.23580698263911004,0.15154899670769917,0.3453220403608357,0.8060688482787555,0.10218729111053648
0.5087031054169606,0.23527307331159952,0.1497967395008857,0.3319087731367105,0.8135996600084354,0.9040881201504354
0.5220926533908772,0.23609706147208212,0.1508175949006057,0.331132296233285,0.8130046748831319,0.9014979512633361
0.5201041776198552,0.25559382834366084,0.17024360848176162,0.6994414123477142,0.9438164045898247,0.9017044693674975
0.5048432271381169,0.23344285883423724,0.14998724212955153,0.3245091714136896,0.8188355291116522,0.10218859776663787
0.5242563948781771,0.2330445048581406,0.15018038752319224,0.30205424084690224,0.8188355291116522,0.9013018421145587
0.5218025484429014,0.23507293620611439,0.15301312613111556,0.31355931429393746,0.809570760730935,0.9014350545967603
0.5202925027208467,0.2562281262630595,0.1673710247690823,0.7290379926090551,0.9326306842327767,0.9017125529179553
0.49060502848094645,0.2355883029303893,0.15207775997292958,0.32484217414009486,0.8133106672332815,0.10334530954372101
0.5239789550740612,0.2354585029198119,0.14930095767693788,0.33001670136139993,0.8207054823628823,0.9012368415101926
0.5219903979517517,0.23437725334824422,0.14989489365128614,0.32875291114311067,0.8212494687631988,0.901443248880786
0.5204807276971763,0.2584225917742645,0.1699164279804269,0.7072363604986018,0.9367275818103735,0.9017206364684132
0.5061579499840323,0.236877999897659,0.15139516963651622,0.3248693353450629,0.8160475988099734,0.10224112977125674
0.5236885472489852,0.23505119499935084,0.15158197814898172,0.30733495090751206,0.8176795580110365,0.901173878403476
0.5221784452068081,0.23445846104653373,0.1518397650427001,0.3506029886776294,0.8107097322566688,0.9014513324312439
0.5062422690287764,0.2584991079489893,0.16898528493411036,0.7100473863753283,0.9356566085848499,0.9046670352434951
0.5058802138734975,0.23812357616103857,0.15292790028073067,0.33322073081351755,0.8183255418613271,0.10221698985345126
0.5238761339306004,0.23702186732721794,0.15213581226753792,0.3409228781807647,0.80839779005521,0.9011819176605066
0.5223663666802594,0.23503883505178863,0.15248436065251414,0.3245642880109052,0.8043518912027139,0.9014594159817017
0.521795004049681,0.2589125949492674,0.16947974980231273,0.7122545916632494,0.9459413514661037,0.9018808679411862
0.5055895585527752,0.23513836901400303,0.1518160177852328,0.3162821853826101,0.8150276243093231,0.10219371365747554
0.5240638989592683,0.23523790476414563,0.15219412131318238,0.3467245750968999,0.8052698682532764,0.9011901119445324
0.5081276836700406,0.23522042776610996,0.15057194392008455,0.3277710574091379,0.8218274543136204,0.9044058147567836
0.5215169716327268,0.25747924510382125,0.1660702222051842,0.6881582745360091,0.9441223969399744,0.9018156458696841
0.5057767919820697,0.23787249919355502,0.15229597179315407,0.3333589591095605,0.8077348066296963,0.10219502031357694
0.524251548218797,0.23625094845120542,0.15094635333183382,0.3299013059496503,0.8167105822353733,0.9011981954949903
0.5236800710706371,0.23817579617961943,0.15301708142509396,0.3110339972911067,0.8237994050149382,0.9016196474544746
0.5212260688163575,0.2591182728442065,0.17084466708399038,0.7224313868848786,0.9394645133870654,0.9017515754272887
0.5059642663363304,0.23543974755312197,0.15260362150877796,0.33365566747728037,0.8132596685081808,0.10219543556445662
0.510012557012355,0.23362679731034097,0.15056481907883304,0.33830404562574157,0.8198895027624076,0.904144594270072
0.5234017401570372,0.2348894232569193,0.14823234658450513,0.32987164305475103,0.8136676583085318,0.9015544807497566
0.5214130829100663,0.259341214973727,0.17273914223108766,0.7196040801689174,0.9429664258393586,0.9017575771866696
0.5061515623435393,0.23398934444862068,0.14937800290810385,0.3148069030917193,0.8130046748831319,0.10219552968798935
0.525564639345625,0.23460850934383787,0.150379329735484,0.330326196144324,0.8107097322566688,0.9013584269677631
0.5231105682556407,0.23305985422163283,0.14952892603653378,0.3269348179129101,0.8134636634083563,0.9014866564394087
0.5216003473154291,0.2595765188387378,0.1703425528056093,0.7391026485867815,0.9334466638333652,0.9017634903591963
0.49191229610716913,0.2337649111869916,0.14867060953625583,0.3244248684339426,0.8164895877602021,0.10335438969629004
0.5252860612492669,0.23585600405416296,0.15075505831634972,0.33571833068028445,0.8216234594134448,0.9012897721556559
0.5232973038776354,0.23346864612248977,0.15024476341874982,0.3421194801551859,0.8156396090096223,0.9014924145849402
0.5217874271159464,0.2587510377582184,0.1665301208584674,0.7098513015359544,0.939005524861841,0.9017694699718637
0.5074641296932336,0.2357345161217306,0.15135717048317487,0.3257297181345955,0.8180195495111775,0.10224939049542321
0.5249945545560348,0.23656212841264984,0.1516532199213837,0.31932499481693544,0.8087037824053596,0.9012215602778203
0.5234842835534925,0.23299420149857705,0.1488721967268935,0.3425979779912438,0.8079388015299855,0.9014985049311757
0.5075479046230216,0.25804896126914867,0.1685322477309295,0.7187517583802743,0.9396175095622539,0.9047235093631317
0.5071852002218931,0.23723947964281059,0.15151733000879106,0.3463965757503573,0.8100637484061508,0.10222207252421857
0.5251810117063158,0.23809395019096685,0.1529268445027633,0.342600479681175,0.8314492137695879,0.9012274291569198
0.5236710191754872,0.23480459679197768,0.1516962279332998,0.3308001671128875,0.8270973225668286,0.9015043738102752
0.5230994813267529,0.2591148632651524,0.17017527286548362,0.7040596907982721,0.9385975350614899,0.9019320268495628
0.5068934138053889,0.23753574113145604,0.15249860590827513,0.3316996636259486,0.8201444963875701,0.10219588403540666
0.5253676440747546,0.23536301682701463,0.1527608793050121,0.34806571915623796,0.7972800679982583,0.9012335195031552
0.5094312423033451,0.23159495638331307,0.14871071581878986,0.33062274567458805,0.8248703782404618,0.9044622888764202
0.5228203131206728,0.25992521310941846,0.17107369343492468,0.7184652553190991,0.9432554186143989,0.9018610466325293
0.5070795358509446,0.2339109080390222,0.14861308845068766,0.3299486792208881,0.812103697407565,0.10219598369561779
0.5255541794474268,0.2357850322447485,0.1513046693230365,0.3227428989034937,0.816761580960474,0.9012394437490386
0.5249825852785701,0.23546681678588513,0.15018302143468315,0.339671636121496,0.8148746281342483,0.9016670414215423
0.5225282901596566,0.25925617395740275,0.16861668340786712,0.7097394402575994,0.9453973650657872,0.9017928347546937
0.5072658891218893,0.23677569285882533,0.15217353917624615,0.3287753072244002,0.8024139396515011,0.1021961055025425
0.511314107207534,0.23693725183780245,0.15179675481741306,0.32427607744707854,0.809519762005948,0.9042012455634174
0.5247031573741507,0.23399978594923737,0.14990175288801752,0.31629250981724666,0.8214194645132693,0.9015961276446495
0.5227142435577359,0.25993331242410916,0.16912275298022655,0.7174035460541461,0.9458903527411167,0.9017988143673612
0.5074521366361613,0.23763826093374407,0.1538474341961481,0.3143026735877972,0.8148746281342483,0.10219621623611042
0.5268651648274747,0.23276444199887655,0.1500046569325856,0.3359125888889152,0.8132596685081808,0.9014019452599538
0.5244108152657767,0.23565139176442373,0.151773799946764,0.33654388835759974,0.8203994900127327,0.9015278493266732
0.5229003846895557,0.25843282229935505,0.16935705600762674,0.7131644126109475,0.9345516362091075,0.9018046832464606
0.4932117727831926,0.23712097576252367,0.1505801223259324,0.3348432157167123,0.79719507012328,0.10336362487585415
0.5265854196530357,0.23421953305108623,0.14879461807331631,0.33274012838116795,0.8237484062898375,0.9013310757764882
0.524596458903186,0.23643190466309194,0.1506268244540488,0.3389369334689858,0.8193795155119687,0.9015337735725566
0.5230863318298433,0.26128353791224845,0.17015970180049317,0.7103651407059619,0.9383765405864324,0.9018105521255602
0.5087625096913282,0.23631467557560293,0.15160466962848168,0.3237167313459406,0.8054398640032332,0.10225012133697144
0.5262928553930695,0.23393115811367715,0.14968143615197127,0.3350452569606843,0.80839779005521,0.9012627531650845
0.5247823027899177,0.23613159172917295,0.15260177555736332,0.3340627678768877,0.8153846153845734,0.90153969781844
0.5088458396921531,0.2614244230775901,0.17182567737895438,0.7115155606900647,0.9370845728856239,0.9047803156834722
0.5084824444308622,0.23703145777401727,0.15145005017048047,0.31251011347864077,0.8185805354866034,0.10222280336576679
0.526478211172078,0.23429136127810263,0.14901467141821348,0.3314573173775286,0.8217254568635326,0.9012686663376114
0.5249680528097791,0.2380474855132225,0.15235401744764945,0.33899594158387236,0.8248193795153611,0.9015455666975395
0.5243963128343836,0.2586050391182596,0.1716101127504468,0.7029938914688283,0.9345006374840068,0.9019733304703951
0.5081895488208463,0.2377753092051948,0.1515017700106556,0.3303744827309336,0.8179685507860768,0.10219663702366849
0.5266638141338436,0.23565885100082323,0.15178198277935384,0.3313485534295648,0.8158436039099115,0.9012748231239873
0.5107271773823694,0.23555718582820895,0.15102287178070167,0.31406084356110875,0.8164555886102107,0.9045192059303285
0.5241160169743075,0.25896140360086595,0.17110482892479262,0.6991141277697233,0.9405864853378034,0.9019024609869295
0.5083745397706192,0.2367780368326795,0.15235982090641348,0.32170767578432047,0.8187845303866652,0.1021967588305932
0.5268491949440173,0.23654678262501402,0.15214082112611269,0.3262588454097386,0.8169145771355488,0.9012807473698707
0.5262773986484999,0.23584406963350943,0.152261403364864,0.31609078624818676,0.8153846153845734,0.9017083450423746
0.5238229176731832,0.25893710565679384,0.17052224090356533,0.7206755976467756,0.9359116022098988,0.9018342048156667
0.5085598151370094,0.23517694714051104,0.1510569045732096,0.3353817938204844,0.8089077773055351,0.1021968917108747
0.5126080873525489,0.23628568789589424,0.15210493574207712,0.3337795606929237,0.810981725456827,0.904258206910753
0.5259968681212492,0.234471459284459,0.150644504861603,0.34203835392455795,0.8202294942625485,0.9016375198523362
0.5240077853444691,0.25995121494905354,0.17181248568778976,0.7073904328308764,0.9464513387164288,0.9018401179881934
0.5087449109047886,0.23719898485728524,0.1529168179321298,0.3449160121140562,0.8146876328090684,0.10219701351779942
0.5281581340263015,0.2341489849806523,0.1490985803128529,0.3225200499527916,0.8240033999148864,0.9014433596143541
0.525703540410742,0.23534127740817928,0.15162234782266487,0.31242481776479414,0.8183595410114322,0.9015692636810733
0.5241928626517631,0.2613690062434095,0.17243201487102,0.7018070182885845,0.9382405439863533,0.9018462083344287
0.49450350200066895,0.23717937486092155,0.15283449602449792,0.30894159177447533,0.8106247343815767,0.10337295971562939
0.5278772092581971,0.2353713289051597,0.15009726880200008,0.3345847474665129,0.8131576710582067,0.9013724901308885
0.5258880545168165,0.2346423977347093,0.15275639722873555,0.31165270889140717,0.8101147471312515,0.9015751768536
0.5243777709986919,0.25870372023872845,0.17039268565877688,0.7154098580163897,0.9367275818103735,0.9018520772135282
0.5100531466113281,0.23465923644238193,0.1508735267857953,0.31931447183547856,0.8073778155545597,0.10225095183873079
0.5275835968181846,0.23590267791950528,0.15135875747018246,0.31741529208401387,0.8183595410114322,0.9013043225464799
0.5260728971569364,0.2336587672542669,0.15083606105486513,0.34497148609554795,0.8139396515086901,0.901581178612981
0.5101361242985023,0.26126520807246717,0.17099638481260956,0.7208318937034333,0.9414874628133703,0.9048374542045162
0.5097719377394982,0.23618295711808007,0.15121732970334584,0.3247987320958916,0.8066808329791684,0.10222368923431012
0.5277678161822883,0.2331838971034455,0.14849145264733998,0.3229097576509721,0.8247683807903741,0.901310324305861
0.5262574387972934,0.23618721953887975,0.15341418231634318,0.33224296714403545,0.8197195070122234,0.9015872025190755
0.5256855868074339,0.26017607552551947,0.171930166197159,0.7133751899149969,0.9441223969399744,0.9020148555583634
0.5094779592186929,0.23344903970198244,0.1502199625966861,0.3228941121615605,0.8187845303866652,0.10219751181885502
0.5279523490617382,0.23673242678460893,0.15112920433694993,0.32223779579356315,0.8048448788779297,0.9013162374783876
0.512015606866481,0.23540649745261358,0.1518862015662964,0.3308279636676792,0.8168295792604567,0.9045763444513727
0.5254041670480363,0.25999981083719775,0.17041933464562622,0.7106029203775235,0.9435614109646622,0.9019440968084655
0.5096618979208563,0.23463067428958195,0.15053289341551784,0.3210512799975953,0.8214194645132693,0.10219763362577973
0.5281367473986731,0.23511002141258558,0.15060677131278175,0.32065565560418063,0.8029239269018262,0.9013222170910551
0.5275647796396745,0.23780408233352093,0.15269544099137417,0.3356711559558665,0.8171695707607114,0.9017499808639104
0.525110032082448,0.25873633026094567,0.16945573915369633,0.7083486992026402,0.939005524861841,0.90187588493063
0.5098461416903457,0.23831134974310514,0.1533263181277254,0.334951860536584,0.8103187420314271,0.10219778865277482
0.5138945847435887,0.23553715030493655,0.15139411164517785,0.3195848926042384,0.8233914152145871,0.9043153011383698
0.5272831033108321,0.23541310384726746,0.15067722291173646,0.33152168625655354,0.8274543136420789,0.9016791778205858
0.5252938515736858,0.2576341959002163,0.16600135759323703,0.7012675268694406,0.9475563110921712,0.9018818645432973
0.5100301492282133,0.23499919132008068,0.15182788809390996,0.3366737379778413,0.8185805354866034,0.1021979381430915
0.5294434937508785,0.23704573616852498,0.15446353265432716,0.3234309033439533,0.8239014024649123,0.90148499543589
0.5269886679712608,0.23312741645199314,0.14979832206115126,0.31664790862494163,0.827641308967145,0.9016108995026093
0.5254778337674986,0.2597996737317126,0.16983990953155903,0.7198891536929888,0.9385465363365029,0.9018878441559647
0.49578765240707234,0.2356439289521679,0.1508136329665143,0.33112880180925397,0.8216744581384319,0.10338243850904291
0.5291615452081144,0.23546532207792015,0.15191021221491283,0.3113489322568972,0.8271483212919293,0.9014142366859923
0.5271721902174114,0.23521509974011034,0.15068830304696634,0.33608913672120666,0.8304802379939247,0.9016168791152768
0.5256617314811285,0.26068526138204917,0.17146762699227183,0.7190616899662023,0.9465023374414159,0.9018938237686323
0.5113363148573837,0.23695089194194713,0.1525075789143123,0.31417115617426794,0.815979600509877,0.10225191522077168
0.5288668470413063,0.23734327781375292,0.1529698547280504,0.3365226438478659,0.8176795580110365,0.9013460248081567
0.5273559627752142,0.2361264728907713,0.15396247194054247,0.3464802433802805,0.8028219294517385,0.9016229694615121
0.5114190528711493,0.25780577085290146,0.17010270971059419,0.7156321113266315,0.9414364640882695,0.9048947034591281
0.51105402651655,0.23861848183513237,0.15259755465886482,0.33549647446368236,0.8171695707607114,0.10222465261635098
0.5290501252335957,0.23630870925924027,0.15218198318661413,0.3102310342419008,0.8187335316616782,0.9013520044208242
0.5275394975369476,0.23856477068444287,0.15450231976774476,0.3273789671491183,0.8219294517637081,0.9016289047807523
0.5269674797156174,0.25813869380903764,0.16883145786292741,0.6979778046098364,0.94046748831272,0.9020565578200401
0.5107589916805697,0.23615460951666262,0.1544754051763753,0.31927627142732184,0.8193795155119687,0.10219850842096626
0.5292335849018324,0.23697476435911055,0.15229464819729563,0.3406175528810593,0.8138206544836066,0.9013580947670595
0.5132965607930764,0.23780983767435743,0.152589376253017,0.33213507680207943,0.8078198045047884,0.9046338151731206
0.526685030549547,0.2571849020621213,0.16994096541134146,0.7069172163402286,0.9437654058648377,0.9019857326300016
0.5109419062951823,0.23258157091590093,0.14892311754013735,0.3113461923107821,0.8172715682107992,0.10219866344796136
0.5294168512043176,0.2361337229395728,0.15326853586437914,0.3302874795144357,0.8185295367616163,0.9013641408198676
0.5288447889526693,0.23374530119062786,0.1502352658437855,0.3126451253162006,0.8287632809179968,0.9017917938591552
0.5263897572917169,0.26069975432793946,0.17135258703450648,0.6828335665001004,0.9478963025924259,0.9019176314857338
0.5111250105208729,0.23803789327849498,0.1536608868614607,0.340028305628838,0.7960900977474239,0.10219882954831322
0.5151736413078556,0.23699181225438115,0.15086693094021297,0.31165961832074096,0.8114917127070385,0.9043726611265499
0.5285619899760641,0.23521893842192954,0.15009806118881835,0.3387175789423149,0.8169145771355488,0.9017209686691168
0.5265725348607,0.26044036528231085,0.17027052085976002,0.7021837410247409,0.9397705057373287,0.9019236110984014
0.5113080355855022,0.23349188203721832,0.15140572298944788,0.318874730338673,0.8136676583085318,0.1021989956486651
0.5307215819219375,0.23548685052122936,0.15098672300551697,0.3230096267014022,0.8180195495111775,0.9015269634581299
0.5282665377454023,0.2376331456711988,0.1523244645180471,0.33458808305308785,0.827641308967145,0.901652812158065
0.526755497034527,0.2614033219491178,0.17346500618393723,0.7358096304499664,0.9333786655332688,0.9019297014446366
0.4970645287568414,0.2376512627475257,0.1517835631262484,0.32286536258203324,0.8138716532085937,0.10339202803602433
0.5304385482781573,0.2545511604744575,0.1683488655167732,0.31838050759447567,0.8470038249042773,0.9014561382680913
0.5284490055537145,0.26627287846318565,0.18692263387430627,0.3152028848694104,0.8396090097747901,0.9016588471375167
0.5269383058924668,0.2835909493501757,0.21334210964446754,0.70070218465434,0.940127496812579,0.9019357474974448
0.5126121064190268,0.2785724101440037,0.2135758858895695,0.32949575421523836,0.8419379515511309,0.10225301148309401
0.5301428175757819,0.29688370535529907,0.2789943562138199,0.7049897635216045,0.9383765405864324,0.9013880481971804
0.5303455700146693,0.29429152540991027,0.28143527326300505,0.7364404931156472,0.9397365065872236,0.10263513087925503
0.5167569970552672,0.29359349947214997,0.2814482020056948,0.7123452481412347,0.9453973650657872,0.10384874863688971
0.5317649465982353,0.29636897799414413,0.28567383003532937,0.7812532648542705,0.9409264768379444,0.1026814285840003
0.4704192744498408,0.2929304282456323,0.2797181088320718,0.764136225832236,0.9469103272417669,0.10249860746337265
0.4707013791244994,0.29313759816664414,0.2787307656400004,0.7684662143002394,0.9382065448363619,0.1024993272315641
0.4717542227902043,0.29827187092989327,0.2814336900387282,0.7908342210692565,0.9346366340839722,0.10255955521915307
0.47062756847583564,0.2981714831068142,0.2789943562138199,0.7738837628291526,0.9380365490861777,0.1025006671077359
0.47086376849645983,0.29700263619283723,0.2779893348275653,0.8035403042301155,0.9371355716106109,0.10250103252851
0.4564666469708314,0.29440832485825574,0.27096473958340017,0.7030585383134011,0.939005524861841,0.10381056770267262
0.517501374474584,0.2953418677820669,0.27237979060359374,0.7035607426397603,0.9395155121120524,0.10240228033264341
0.5335256184272525,0.29611982000998455,0.27533733447360303,0.688421587328615,0.9397365065872236,0.10273348443427714
0.5324463787719642,0.29613069007698783,0.2708196196923972,0.7122245316747104,0.9458903527411167,0.10269038692964462
0.5320705702429147,0.29840209800499756,0.27716188754862386,0.7149005060045126,0.9410284742881458,0.1026651728962304
0.5321793816571194,0.2967553966556231,0.2726333548281169,0.7385277364149601,0.9439184020399125,0.10266659028589971
0.5036868580145373,0.29220213715347315,0.26870667376066826,0.7235038176781086,0.942354441138832,0.10353604811445459
0.5340563429609739,0.2941470180808529,0.27168084035676526,0.6881439791649733,0.940127496812579,0.10273831241783825
0.5334244214935295,0.2982797570520268,0.2754244064303385,0.7197445321893436,0.9437654058648377,0.1027224664442696
0.5335092295846646,0.2976002742538806,0.27371067221538115,0.70721602930424,0.9490352741181596,0.10272516834332672
0.535012889856453,0.2992546486329555,0.2755294204704148,0.705051630710698,0.9474203144920921,0.10276348215782531
0.5337125868390848,0.29716696538774856,0.2741610716336718,0.7003832390427867,0.9481682957925841,0.10272586596480458
0.5338082055776212,0.2993552496021055,0.2771940777761748,0.7168873243222993,0.9451763705907297,0.10272715047419241
0.5197200909715525,0.29812288771928985,0.27236422330133403,0.6944598726353919,0.9465363365915209,0.10239896939896277
0.5346702951806335,0.29708426798769294,0.2732425944922387,0.6955341300593652,0.9475563110921712,0.10275253060795851
0.5340980824291037,0.29676498781759375,0.2745521037936426,0.7083378188369074,0.9438674033149255,0.10273063858158171
0.5341941914655903,0.2990519547257964,0.27598325000507967,0.7257379062054499,0.9385465363365029,0.10273192309096953
0.5357156038398054,0.2973253266571618,0.2752492071151732,0.6933821604967516,0.9427964300891745,0.10276854268187903
0.533932832620728,0.2948927867074262,0.27188031444210853,0.7202634541579418,0.9363705907352369,0.10270947739675317
0.533542308895381,0.29833517281345057,0.27269588831365343,0.7145354181120049,0.942626434339104,0.10268346608164995
0.5194762636419736,0.299134439004812,0.2757690002517488,0.6874503757041912,0.9484742881427337,0.10235374580982627
0.5344772416925174,0.297624998082447,0.27419906669227684,0.7166007418423961,0.939005524861841,0.10270319880345238
0.5338557710494731,0.29860756272525885,0.2752426107605156,0.7078496319160361,0.9403654908626322,0.10268736943991895
0.5339642154442172,0.2999503299246006,0.2740338938813439,0.691762415539672,0.9441223969399744,0.10268878129290986
0.5355069133827297,0.3000837540656146,0.27490725183119924,0.6988255201122568,0.9435104122396751,0.10272400564086362
0.5341695867687739,0.29657295074197054,0.27410592604853024,0.6936498016100321,0.9440713982149873,0.10269127279818793
0.5342773396775775,0.297938310505841,0.27317768628095546,0.6941324689293089,0.936506587335316,0.10269267911450046
0.5202111705199015,0.29356515222831814,0.2699082666175357,0.7019678809221006,0.949494262643384,0.10236283703575211
0.535212000260791,0.2969263329603596,0.2713985162534694,0.6993376914889771,0.94619634509138,0.10271242290965969
0.5345903897561102,0.3000445367547795,0.27774500573860694,0.7047122347766905,0.9442753931151628,0.10269659908280467
0.5346986589326979,0.29836096242600973,0.27631438726121765,0.6974772283674007,0.944785380365488,0.10269801647247398
0.5362412151322373,0.2977933769347037,0.2750552741377293,0.704920272134625,0.9471143221419425,0.10273321867371416
0.5349037705589148,0.2993780553323725,0.2734433877466984,0.7032879790185251,0.939005524861841,0.10270051905110884
0.535011376409622,0.29717272001341377,0.27248981794005367,0.7177695075526616,0.9416404589884451,0.10270191429406457
0.5209450451751505,0.2960944566395053,0.27239878818823055,0.7159511760662769,0.9496982575434458,0.10237191718832113
0.5359457147165814,0.2980175977189469,0.2725201612644404,0.7113213421907982,0.9408244793879703,0.10272165808922382
0.5353239436995536,0.297430829796424,0.27192147561726154,0.7102474024417367,0.950956226094263,0.10270582318901199
0.5354320533024626,0.2978185271841429,0.27678325650796365,0.7021352161819472,0.9456863578409411,0.1027072405786813
0.5369744414803046,0.2972724685270107,0.2723979966867607,0.7035258381088145,0.9438164045898247,0.10274245385327825
0.5356368895858608,0.29862141668349407,0.27571042457878553,0.7148213652420841,0.9417764555885242,0.10270975423067295
0.5357443077028283,0.2993143271745525,0.2760785014522148,0.7135019422048474,0.9395155121120524,0.10271114947362868
0.5216778103239981,0.2991823949755785,0.2770515963783407,0.7143514843380117,0.94046748831272,0.10238101948760374
0.5366783769247618,0.29531948828494026,0.27208902315394123,0.6940954598020719,0.9400764980874783,0.10273088219543114
0.5360564275606814,0.2979783803902325,0.2744879872166315,0.7169724611986901,0.9455163620908706,0.10271503622186251
0.5361644245233452,0.29776652153815175,0.2752755925559375,0.7007312916181434,0.9468763280916619,0.1027164646848886
0.5377066991222756,0.3032942464220607,0.2795814322874255,0.6989543769983986,0.9418444538885069,0.10275167795948557
0.5363688884681612,0.29945414547241694,0.2771289057532019,0.705180527306204,0.9454823629408793,0.10271897833688028
0.5364762618419201,0.29770172773579745,0.2732900883431621,0.7076390134494426,0.9469103272417669,0.102720373579836
0.5224095801711348,0.2955136565709633,0.27310064082845237,0.693215222330545,0.9544581385464426,0.10239009964017277
0.5374099555963743,0.2961193937679046,0.2713169851832961,0.6954111898684576,0.9483212919676589,0.10274009522828166
0.5367878873342584,0.2963005607765244,0.2704056321084346,0.7133453681826418,0.9417764555885242,0.1027242714014266
0.5368957090787658,0.3011722479646136,0.27527084317084516,0.6995542663601688,0.9440203994900003,0.10272568879109592
0.5384378187848942,0.29573787742672364,0.2738940509988124,0.7091459838127954,0.9457373565660419,0.1027609131390497
0.5370998914229714,0.3003474053532501,0.27463152397189244,0.7106104651566811,0.937594560135949,0.10272819136973081
0.5372070842594505,0.2988948722898987,0.27509247760632954,0.7059840859958693,0.9454823629408793,0.10272959768604333
0.5231402871324158,0.29281341567624686,0.26968504593873643,0.7061924807380797,0.9412324691882077,0.1023991908660986
0.5381404745110259,0.29504390132510155,0.2699185570219925,0.6836301363417041,0.9414874628133703,0.10274935255455936
0.537518262319709,0.2975282336209955,0.2745581724806537,0.7091829135213046,0.9435104122396751,0.10273349550763393
0.5376259307483298,0.2991453090181775,0.2745660880929626,0.704836008864242,0.9396685082872409,0.10273492397066004
0.5391679278142143,0.2954384189436856,0.2724465458729772,0.6956961442644372,0.9409264768379444,0.1027701261719002
0.537829812718551,0.2996798582451864,0.27660383551962003,0.7037318899985494,0.9424054398639328,0.10273742654929492
0.5379369210748486,0.29901508190731463,0.2743895695422797,0.7034606353331461,0.9410964725881286,0.10273882179225065
0.5238699343367355,0.2967001938364466,0.272948133147723,0.7313694882062596,0.9481172970674834,0.10240825994531083
0.5388699483745261,0.29439383137598707,0.2685921610278753,0.7097583022054941,0.9435104122396751,0.10275854344069629
0.5382475953829053,0.2979760358799999,0.27355315102799793,0.7135453842490507,0.9435614109646622,0.10274273068719803
0.5383551042378465,0.2977215495301343,0.2734296672812017,0.7000871660248906,0.9492902677432085,0.10274413700351055
0.5398970115044257,0.2985316857348612,0.2748262485393411,0.7058298548261392,0.9454823629408793,0.10277936135146432
0.538558751540894,0.29676903729614623,0.27512440400005717,0.7142073393467341,0.9400254993623776,0.10274663404546705
0.5386656064566417,0.29743551881688934,0.2745027631059562,0.7032020479548546,0.9446323841902995,0.10274803482510116
0.5245985389930214,0.2945862946936902,0.2722446972832243,0.6952216967835059,0.9521801954950888,0.10241735117123665
0.5395984366358935,0.2974434048317472,0.2717196270275087,0.7135583692110745,0.9438674033149255,0.10276777862026042
0.5389758959105322,0.29745875079817585,0.27442598148727637,0.6901690376002805,0.9508542286442889,0.10275193264669179
0.539083282738543,0.2982818884412195,0.27527664797976553,0.7169603895520378,0.9453973650657872,0.10275337218307466
0.5406250147869653,0.3016918776460667,0.27599723430439965,0.7032120150052157,0.9412664683383127,0.10278857992099323
0.5392865551998898,0.3001517450053958,0.27712125397471626,0.7174603304446494,0.9533871653208053,0.10275586368835275
0.539393281830916,0.30039983724132124,0.2765368165270819,0.6956990033386443,0.9458903527411167,0.10275725893130849
0.5253260657447516,0.2954533386680343,0.2713937668019759,0.7076955595837617,0.9441223969399744,0.10242644239716248
0.5403257897339144,0.2979675104126256,0.2754935362705327,0.7191949545917469,0.9476753081172546,0.10277698057975415
0.5397031613994749,0.299868698201262,0.2752304734528946,0.6949120034537617,0.9497662558435422,0.10276115675289908
0.5398103667515368,0.2988209135140159,0.27445447775356296,0.7054015893355261,0.9433064173394996,0.10276257414256841
0.5413519486129674,0.2977302881721864,0.2729304547322027,0.6906171180635237,0.9465023374414159,0.10279778741716536
0.5400133820176602,0.29883242294413914,0.27558192749377297,0.6911921890728012,0.9458903527411167,0.10276507672120329
0.5401200022662347,0.2967010464993993,0.27292702467116275,0.7046183221308586,0.9490352741181596,0.10276647196415901
0.5260525975076611,0.3007299874784237,0.27507004998278656,0.6847813505130866,0.9427964300891745,0.10243550040301791
0.5410522285686223,0.29698643774224864,0.2724660711252605,0.7074575416560163,0.9458563535911253,0.10278622683267503
0.540429406242652,0.29635128751748285,0.27172411242384176,0.7148915316882511,0.9437654058648377,0.1027703808591064
0.5405365177278445,0.2985404243769133,0.2751565942276081,0.7169089262163089,0.9481172970674834,0.1027717982487757
0.5420778805665796,0.2992670106169679,0.2761700589159519,0.7101686984823121,0.9466553336166044,0.10280701152337268
0.5407392075888198,0.3019246238798049,0.27577691588397807,0.7039893258052854,0.9471143221419425,0.10277427868069702
0.5408456588770276,0.2995617799812046,0.2745333701756314,0.7023740282969724,0.9465363365915209,0.10277568499700955
0.5267780976736711,0.29884244040182756,0.2761072615744584,0.707122076949044,0.9433064173394996,0.10244459162894373
0.5417775941921192,0.2969646977870348,0.2732879774512386,0.7000210102244862,0.9524861878451247,0.10279542325549039
0.5411546122924702,0.29874247885658706,0.2785624266018509,0.7020558768726988,0.944496387590334,0.10277959389195694
0.5412615329150272,0.3019340019207355,0.28060756192890324,0.7039288087345672,0.9447343816403873,0.10278101128162626
0.5428028425625353,0.3003478315953301,0.2752484155473022,0.6996911842472002,0.9418954526136076,0.10281621348286642
0.5414639568198707,0.30023849202703823,0.275989582525914,0.7151675117679697,0.9489162770930761,0.10278350278690435
0.5415702704366687,0.3014386701833546,0.2780463273601385,0.7189159168910013,0.9450403739905369,0.10278490910321687
0.5275026400847187,0.29935738098057063,0.2742579061944153,0.711110326630565,0.9469103272417669,0.10245369392822636
0.5425019366667345,0.2969406131427955,0.27296897756912275,0.7061445515357456,0.9464003399914418,0.1028046418250193
0.5418788233534673,0.30188860374215515,0.27827508921323824,0.6851702640239874,0.9520271993199003,0.10278879585145066
0.5419856156913014,0.29929407909880124,0.27672652780921375,0.6975120137702544,0.9460943476412922,0.10279021324111998
0.5435266806591694,0.3004426778959046,0.2770811481127227,0.7159283431819838,0.944496387590334,0.10282544866243054
0.5421876926016167,0.30103136405082165,0.2765373441947285,0.7041306911410832,0.9518062048448428,0.10279271581975485
0.5422938216135713,0.30116734582310833,0.27732547726808215,0.697425765031672,0.9435104122396751,0.10279412213606738
0.5282260532773231,0.3005420000601459,0.2769056849858678,0.6800416011180888,0.9485762855928215,0.10246275193408179
0.543225190598549,0.30029241583390637,0.2771426261301638,0.703794471956195,0.9477773055673424,0.10281386593122663
0.5426019177116035,0.29894176256606886,0.27332412556241203,0.7165264456223743,0.9416064598384537,0.10279801995765799
0.5427085473468631,0.2991934781278633,0.27616610109873063,0.6911234918731015,0.9476753081172546,0.1027994373473273
0.5442495994862586,0.2999582160109756,0.27509379690824826,0.7096424302813762,0.9454823629408793,0.10283465062192428
0.5429103924060099,0.3007391523983144,0.2764120133898321,0.6938668132842278,0.9417764555885242,0.1028019177792486
0.5430164275510942,0.30019629077133336,0.27528324433442314,0.700447409374992,0.9456353591159541,0.10280332409556112
0.5289485206047684,0.30011316709343916,0.2747381211809113,0.6948243251780757,0.950208244793771,0.10247182101329402
0.5439475055487755,0.2993786947455544,0.2751325834683231,0.7150519575187637,0.9514152146196011,0.10282305681736358
0.5433240918615247,0.3002964654912517,0.2798492444237548,0.7002294049666964,0.9450913727156376,0.10280722191715172
0.543430608856541,0.29912143760225385,0.27613892409009533,0.7048220311681179,0.948746281342892,0.10280864484349944
0.5449713878433444,0.29684448804446395,0.2743381179626699,0.6972485818495566,0.9438674033149255,0.10284385258141801
0.5436321848306602,0.30143994890959447,0.27579987121500826,0.6882772040811538,0.9514152146196011,0.10281114188545591
0.5437380165975267,0.2984796801425079,0.27706848307105403,0.7002456063872038,0.9431024224393241,0.10281253712841165
0.5296699284881412,0.29744447061574,0.27422571590046324,0.7050612403767833,0.9505652358690213,0.10248090116586304
0.544668771380286,0.30162324730740697,0.27554287704675395,0.7170754275795115,0.9513642158946141,0.10283226985021408
0.5440451674561788,0.3006986561824465,0.27734579411037025,0.6990793423668695,0.9428644283892709,0.10281643495000226
0.5441515811976387,0.299494428488576,0.2755637215345549,0.713981710740553,0.9424564385890335,0.10281785233967157
0.5456922860296154,0.3006541104880261,0.275886151599446,0.706198040049038,0.9446663833404045,0.10285305454091173
0.544352856797774,0.29854703162977275,0.27589776118408615,0.696165508946778,0.948372290692646,0.10282034384494966
0.5444585727955009,0.29891256271292216,0.2741444487969155,0.6986827649487193,0.950956226094263,0.10282175016126217
0.530390340444026,0.2994671468696113,0.27605633768462884,0.7086434618115245,0.9473183170420043,0.10248999239178888
0.5453889718228235,0.300375113233962,0.2754837736665247,0.714167749110838,0.9428984275392622,0.10284147180970785
0.5447653203395029,0.3024229398481241,0.27905768120082636,0.6954501050451662,0.9517722056948514,0.10282563690949599
0.5448715838939706,0.30189542415181314,0.27853524972601784,0.7084758882954942,0.9388525286867662,0.1028270542991653
0.531986047507063,0.3015573877210599,0.27630277766551065,0.7144555228716607,0.9493412664683092,0.10410042389004688
0.545545172552055,0.3022439042286969,0.27637375449740387,0.7026585061805839,0.94619634509138,0.10285577858668245
0.5451719056249513,0.30131227957303847,0.276136021696702,0.7137932898084289,0.9479813004675179,0.10283085246054478
0.5311035543754405,0.29592650420812144,0.2708858470727969,0.689601829045073,0.94619634509138,0.10249897288414678
0.547040793752219,0.2998934221728627,0.2730280809936194,0.7024438373588637,0.9427964300891745,0.10290420237593166
0.5291323663787293,0.3011600991713704,0.27676689754929806,0.7031440722834319,0.942626434339104,0.10397591506628327
0.5441185660292831,0.30164775819372625,0.27787297512520703,0.695244688505255,0.942354441138832,0.10275810050642463
0.5442173318110766,0.30023486868328997,0.27532546102193906,0.7126320688773216,0.9448873778154621,0.1027142721602439
0.5428713838380137,0.2997825905963774,0.27572045104532417,0.7009279720979773,0.9414364640882695,0.10268147287742747
0.5429705147619313,0.30056651085706876,0.275358970529275,0.6907974779947581,0.954526136846539,0.10268280168024244
0.5288958253084788,0.29903149351470176,0.27216765183072117,0.6832851413873746,0.9450403739905369,0.10235068956335182
0.5438879213629075,0.2997484885659668,0.27262411975895323,0.7141447970984527,0.9460943476412922,0.10270235722833625
0.5432578118389397,0.30155866662609265,0.27562810201179044,0.6973753341394071,0.9482702932425582,0.10268643374127005
0.5433574609079788,0.3005123739112814,0.27446978122199944,0.7000579399329954,0.9435104122396751,0.10268774039737147
0.5448915306038149,0.3001259553391988,0.27511596065370053,0.692631772645466,0.9412324691882077,0.10272287615847088
0.5435454296277547,0.3024962592072491,0.2754961748190359,0.7006935280129907,0.9521461963450975,0.10269006580229767
0.5436444935933045,0.298715623513673,0.27511094743478487,0.681874148556781,0.9481172970674834,0.10269138353175586
0.5295696420630569,0.2998286283347498,0.27348982604099153,0.7036527095267568,0.9454483637908879,0.10235914960794053
0.5445616905582709,0.3011600991713704,0.27727191488508374,0.6989388903464431,0.9453973650657872,0.10271091693313607
0.5439314258410795,0.2992369582081441,0.2730813794099923,0.6884538313321733,0.9411304717381199,0.1026949823727131
0.544030974785457,0.3041943268394947,0.2771990909950904,0.698801694493864,0.9475223119421798,0.10269631117552806
0.5455649293379325,0.30283685309048214,0.27728906541162035,0.6914415638786471,0.9450913727156376,0.10273142478991393
0.5442187585874985,0.3004556792448249,0.2771043673484041,0.7017305777629073,0.9365745856352987,0.10269860336038393
0.5286845425613476,0.30217974978946255,0.27672177842412143,0.7040667590650622,0.9434084147895874,0.10233151050938893
0.5421935818090318,0.29871903371850195,0.27413099225377696,0.6991585228386621,0.9435104122396751,0.10264852964097278
0.5400931156658118,0.3034255393526749,0.27791756649420224,0.6984081746967405,0.9442753931151628,0.10259778044679733
0.5401806483992893,0.3005535094902692,0.2763244137211826,0.6985497782887227,0.9451763705907297,0.10259874382883818
0.5402681041619339,0.2995890616019572,0.2749383866570559,0.7124209738983602,0.9491882702931207,0.10259972935759261
0.5403555934037625,0.29866169968892553,0.2735895629729946,0.697257397328362,0.9372375690606987,0.10260070381299029
0.5404429897173895,0.3008915457422296,0.2774888031094498,0.6981065820772501,0.947386315341987,0.10260165612167435
0.5405304454800341,0.2981806480267048,0.27557031790027936,0.6896150919726449,0.9478963025924259,0.102602630577072
0.5406177917313295,0.2987729575432494,0.2722863861260239,0.711210870740183,0.9460943476412922,0.10260360503246965
0.540705174590705,0.2982445893091406,0.2720895508215878,0.7098657160350821,0.9422864428387356,0.10260456841451052
0.5407925249095666,0.2855102545012076,0.21320015730870373,0.7019751874450746,0.9317127071822142,0.10260553179655137
0.5408798232887593,0.29167781827276196,0.21853977761907414,0.7005128504068443,0.9445303867402117,0.10260651732530582
0.5409671276128534,0.2762760649088019,0.18877119706673448,0.6901933000216773,0.9205269868251662,0.10260750285406024
0.5410544760543767,0.25914939173431506,0.17163754969737238,0.7061342668104729,0.9327156821079825,0.10260847730945792
0.5411418169865501,0.238731870452874,0.1543564077112606,0.31706366566589805,0.8160985975349604,0.10260944069149877
0.5447301618776197,0.25968053156106263,0.17022540129190922,0.6952766942526296,0.9492902677432085,0.9020868877442919
0.5412512044304472,0.2365499794406138,0.15249491400544585,0.308511777618667,0.8066298342540676,0.10261012723961983
0.5448395615242085,0.23672198170813585,0.15341022702236481,0.3168632525058497,0.8282532936676716,0.9020918153880642
0.543320398200196,0.23787548324570043,0.15479018415999274,0.3260776912912242,0.8285082872927205,0.9023683171071478
0.541801240195305,0.2580758177384575,0.16927974738531162,0.7035947338553341,0.9437654058648377,0.9026449295597996
0.5414048100536166,0.23940304081528954,0.15482764767755186,0.3156872596913385,0.8114917127070385,0.10261021582647416
0.5449932309768504,0.23736203496837102,0.1528239404581952,0.3245936332308925,0.8254143646407783,0.9020965769314844
0.5434739969397944,0.23633726962411208,0.15479282249822562,0.3187752980912464,0.8249893752655453,0.9023730786505683
0.5419547948174745,0.2609687338203674,0.17264362420554918,0.7222452293865018,0.9458903527411167,0.9026496357364359
0.541558350282866,0.23801146769987938,0.15436194777887555,0.3040870426081872,0.8259243518912172,0.10261031548668531
0.5451466857872482,0.2371520946526322,0.15191892404317187,0.31867110072014126,0.8224734381640246,0.9021013384749048
0.5436274567564254,0.23874913468745534,0.15621974736849,0.32080607467496813,0.8178155546111157,0.9023778401939885
0.5421082452474191,0.25675500366900744,0.1671385721198388,0.6962308308505385,0.9453973650657872,0.9026545633802081
0.5417117265579829,0.23787974566650014,0.15527778757809269,0.30676289780989774,0.8148746281342483,0.10261041514689642
0.5453000673814881,0.2384324121486288,0.1557503489268714,0.3054942630492019,0.8286612834677953,0.902106210751893
0.5437808477373522,0.23519399682370984,0.15280336053463,0.3031163869148592,0.8174585635358653,0.9023827124709767
0.5422615673926416,0.26272925128111313,0.1737412614452861,0.6863031721785715,0.9543561410963548,0.9026592584834876
0.5427509107167876,0.2362569165554963,0.15541419984624155,0.3042879719899678,0.8130046748831319,0.10266973511922847
0.5492670834282474,0.2396475113881192,0.149634997415004,0.32686643838812235,0.8171695707607114,0.9027033968836585
0.5475494586328558,0.23733155436862555,0.14565290615391063,0.3173405193516239,0.8296812579685593,0.9030262959676988
0.5462254557952968,0.2579059466813353,0.16196675853189224,0.7013572303226898,0.9439864003398952,0.9032565553488212
0.5456650208328178,0.2347937261885959,0.14684526460562575,0.3163343634868905,0.8194475138121788,0.10283654416593561
0.549409567078897,0.2375768759952726,0.1485476501370497,0.22830338922995486,0.769179770505616,0.9027076047592394
0.4253848798781088,0.2375246595525481,0.15483926123519293,0.3395837990083541,0.8212154696132075,0.8874839538422873
0.527663853304801,0.2571205348594326,0.17080429741030723,0.7105179423385888,0.949545261368371,0.905727309156281
0.5272671897474956,0.23630764365404033,0.15399941310254545,0.31141401590447404,0.8094177645558602,0.10384738661400435
0.5308554398330263,0.2354408113703937,0.1529062645791981,0.3195568577932626,0.8285082872927205,0.9051799531300773
0.5293360900268311,0.2358954368103447,0.15305718770762802,0.3299646423852114,0.8153846153845734,0.9054568977834327
0.5278168078047822,0.2581195093395826,0.1703322628438267,0.7078966080936342,0.9450913727156376,0.905733842436788
0.527420090117583,0.23566460634165973,0.15486037015442733,0.32638039577290656,0.8094177645558602,0.10384837214275879
0.531008373682297,0.23920567857435185,0.1561701457243626,0.32757036628354164,0.8187335316616782,0.9051863203102323
0.5294890157409733,0.23578460314198343,0.15268145912676226,0.3183259469283557,0.8183255418613271,0.905463253890231
0.527969671253901,0.2579033881560986,0.17191090322933927,0.6941476379063525,0.9380875478111648,0.9057401542501591
0.5275729435542353,0.23550283459922822,0.15537910906239522,0.31289021151073615,0.8082447938800215,0.10384935767151322
0.5311612158549242,0.23613755804553563,0.1540202542038887,0.3089685147232595,0.8197195070122234,0.9051927428571713
0.529641932068428,0.23674606688875358,0.15583873768441642,0.3256117416141866,0.8147896302591562,0.9054698536108786
0.5281225778817791,0.2567761030095516,0.1704098348572909,0.7030282003593142,0.936880577985562,0.9057467982642341
0.5277257397320962,0.23726846732251927,0.15590813571877474,0.30482583532518825,0.8058138546535929,0.10385036534698126
0.5313139945109704,0.2365595716753413,0.15513372147302318,0.32152779236545403,0.8111857203570025,0.9051992207708944
0.5297946791226278,0.23574367746576486,0.15226641665018073,0.304128816859103,0.8144836379090066,0.9054762761578178
0.5282754050357079,0.25936636575954464,0.17301513410128747,0.706059692624903,0.9452443688907124,0.9057532208111732
0.5278784570617874,0.23441455489402613,0.15380732791361407,0.32938099415331235,0.8136676583085318,0.10385135087573569
0.5314667033926423,0.23586858212896405,0.15526723201179,0.31966240528274326,0.8258733531661164,0.9052055768776928
0.529947313849473,0.23698009238511017,0.15616512801230384,0.34101031820026684,0.8143816404589188,0.905482477237621
0.5284280075349277,0.25607402830841003,0.16977552920925948,0.723923585364828,0.944496387590334,0.9057595326245442
0.5280310529903267,0.351468899221604,0.21259540237690366,0.3290092747970188,0.8027709307267514,0.10385234747784695
0.5316192470686247,0.39244024270195427,0.25855382101539987,0.3228980036792315,0.8108287292817522,0.9052120658647725
0.5300999251096008,0.4220228912736911,0.3051172595262049,0.3106983737466782,0.7940161495962457,0.905489010518128
0.5285805302473081,0.4392041302285412,0.33903204947928894,0.7011663871193625,0.9442753931151628,0.9057658444379155
0.5281833726373781,0.45700592329881046,0.3441476567240418,0.1813553258615931,0.8123416914576183,0.10385334407995817
0.5416845345773447,0.4491220611064508,0.3386580362609488,0.18138550497822414,0.8272503187419034,0.5705199675752978
0.5371450701732123,0.4519614805890537,0.33812320171906324,0.17182623007597553,0.8245643858903122,0.5699610398912468
0.5326056151557665,0.43391138720377653,0.3342343841253136,0.7020296686924665,0.9375265618358526,0.5694766137516892
0.5276563414520958,0.46062477934731255,0.345035262762773,0.1642074723731035,0.8129196770080398,0.10385838245729831
0.5411579539530367,0.4531557987392174,0.34037862898222515,0.17939832927616162,0.82213344666377,0.570496536352327
0.5366187023138096,0.4558406947402621,0.3435446171547673,0.17096052623166835,0.814228644283844,0.5699419383507816
0.5320795601859305,0.4334218095556823,0.332512999017219,0.7142258439103526,0.9454483637908879,0.5694575232845807
0.5271300646435564,0.4532284780200512,0.3398510542972221,0.17877195376861132,0.8222694432638491,0.10386339868792485
0.5406322650639934,0.45795523270976,0.34488565880345956,0.17716289063044466,0.8187335316616782,0.570473171569497
0.5360933137987489,0.4526396864488882,0.34428499418126896,0.17765481023153085,0.8173055673607905,0.569922847883673
0.531554421982523,0.4347449658110584,0.3321032332171033,0.7216746852447189,0.9456353591159541,0.5694385103309696
0.5266047512219925,0.45473664014465914,0.344661645737842,0.18212791124734773,0.823544411389662,0.10386841491855141
0.5401074397501517,0.4516420940372273,0.3434881540605375,0.1882699174128617,0.8332171695707302,0.5704498732268075
0.5355687075076045,0.4599720425245132,0.3478079769625263,0.18036735688556593,0.8143306417339318,0.5699038460034188
0.5310300660030309,0.4322315428507921,0.3276017456768548,0.7071159219976257,0.9464513387164288,0.5694194641572883
0.5260802619515448,0.4534681497936248,0.34239619190404663,0.17340856881217825,0.8165575860602985,0.10387342007582118
0.5395834373358697,0.4491321915075628,0.3364357210279585,0.18792861542938333,0.8144836379090066,0.5704264530771935
0.5350450398851581,0.45355979899253107,0.34458275455526133,0.1700153242406568,0.821759456013524,0.5698848330498077
0.5305066455633414,0.43429578461243923,0.3292865880297266,0.6962755435943893,0.9458903527411167,0.5694005397905316
0.5255566556554534,0.4542633666137095,0.3417521230765308,0.18398202087068594,0.8165575860602985,0.1038784363064477
0.5390603454302254,0.45067263467560137,0.33853019859205696,0.17743231866510467,0.824615384615413,0.5704031768812179
0.5345221638733144,0.45480591342229515,0.342822316729229,0.18102982820498148,0.8258393540160114,0.5698658200961968
0.5299841293744993,0.4314321673097427,0.32860544745131876,0.703683484283848,0.9334466638333652,0.5693814825434934
0.5250338797682716,0.45247556358088975,0.3404306100001784,0.18275206303051472,0.8201954951125572,0.10388344146371746
0.5385381045842004,0.4511433532571707,0.3395831080306102,0.17620792013589193,0.823595410114649,0.5703800003454533
0.5340001889834207,0.4568268801700849,0.34398419927563445,0.18140774222205747,0.8164555886102107,0.5698469289495105
0.5294623578628239,0.4337052855698569,0.3321421509194099,0.7097291555323266,0.9383765405864324,0.5693625803234503
0.5245119912358982,0.4580159775699403,0.34508473603138234,0.17434765556113574,0.8118997025073895,0.10388842447427364
0.5380167523445443,0.45310688102399943,0.34060620336178293,0.17179894974291565,0.8084997875052977,0.5703567130761207
0.5334791058287909,0.450798495880381,0.3406573919929179,0.18678915522974116,0.8157416064598237,0.5698280599495379
0.5289415093753691,0.4307931796547075,0.3312149675938138,0.707742416633268,0.9442243943900621,0.5693437223968345
0.5239909062039305,0.4557082271408286,0.3414203276966594,0.1668035117531974,0.8169145771355488,0.1038934074848298
0.5374962104888641,0.4551188008551589,0.34434884550789935,0.19719181731373547,0.8270973225668286,0.5703336029804968
0.5329588549604076,0.45745340596565126,0.3446280047120012,0.17095631703908565,0.8212494687631988,0.5698091688028516
0.5284215682676559,0.43179023568791197,0.33196114807907945,0.7080671598119634,0.9442753931151628,0.5693247980300777
0.5234707510797549,0.4493323214613352,0.33638954789551134,0.18557246031714225,0.8112877178069766,0.10389840156874279
0.5369765071772212,0.4552184420930646,0.3431832688452936,0.17920355484579942,0.8201954951125572,0.5703104596648026
0.532439445764957,0.4570268063000439,0.34183827190262295,0.19690956315450725,0.8176115597110538,0.5697903440963059
0.5279024500595018,0.4386954753866833,0.3367576248528274,0.709750916263792,0.938716532086687,0.5693060397636729
0.5229514517085421,0.4604039702161201,0.34410926580403334,0.18273482916654382,0.8109307267317263,0.10390336243258537
0.5364577362764855,0.4538832352017028,0.3384098797444548,0.1908065515844295,0.8146196345090857,0.570287393862606
0.5319208970158131,0.45693728473568107,0.34299883527991193,0.1791197680877843,0.8253293667657999,0.569771541536474
0.5273841078174719,0.4364615735434402,0.3329108900819155,0.7064380434449826,0.9463663408414504,0.5692872039837706
0.5224329289292324,0.4490194358163997,0.3355442902841379,0.18535338375601906,0.8166085847852855,0.10390834544314155
0.5359398070486829,0.45677136499985393,0.3430754843176688,0.17565218758687673,0.8124946876328067,0.5702643280604093
0.5314032337441419,0.45497386245661553,0.3408478946215837,0.18079550324808713,0.8196515087122407,0.5697526946832149
0.5268667198886186,0.4378005100530017,0.33469138104921486,0.7044747330706771,0.9431364215893154,0.5692684567907226
0.5219153651564432,0.4535217518806949,0.34217653253918756,0.1840738289202266,0.8179685507860768,0.10391331738034094
0.5354226882048572,0.45738423102406556,0.3439794493814668,0.1923885726457204,0.8131576710582067,0.5702413619184237
0.5308863745986558,0.45470296451724207,0.34139526127007563,0.17323865244367265,0.8153846153845734,0.5697339474901668
0.526350132957055,0.4368927503052083,0.3313483453303206,0.7097579051118539,0.9435104122396751,0.569249687450961
0.521398613332078,0.4565518252976749,0.3438682341287908,0.19298500729282342,0.8074798130046474,0.10391826717082674
0.5349064923852516,0.45452733633135517,0.3404369424546116,0.1842564919945726,0.8130896727581103,0.5702183293362973
0.5303703696416857,0.45427061487458276,0.3383854729024292,0.17852261867212937,0.8263833404164416,0.5697152667372596
0.5258343845695288,0.43437922722096356,0.3269712647339127,0.7018024120023618,0.936506587335316,0.5692310288447673
0.5208827247700261,0.4556110353645402,0.34056557029695067,0.18833571582899045,0.8166085847852855,0.10392322803466932
0.5343910537583958,0.4537848741203796,0.34057177216249485,0.19180206533961397,0.8231194220144289,0.5701953521209551
0.5298552470332916,0.4547472979845866,0.34057401430731865,0.18593524506653858,0.8128516787079434,0.5696966081310659
0.5253194966283097,0.4290926632760158,0.32151422730532214,0.7239623417040806,0.9356566085848499,0.5692123148717897
0.5203676744391221,0.45592978720185984,0.3440187654905536,0.19319324319757758,0.8087037824053596,0.10392815567844155
0.5338765006090118,0.45372520022918383,0.33867610843517015,0.18848474507203838,0.8202974925625313,0.5701724856391805
0.5293409723556222,0.45331544284710545,0.3404705834804524,0.16070864060273737,0.8148236294092612,0.5696779495248723
0.524805509809041,0.4339107471254853,0.32946693128549887,0.7205356618480809,0.9435104122396751,0.56919371163238
0.5198534044547962,0.4527263205092277,0.33823375738718103,0.2046552319846855,0.8087547811304603,0.10393310546892734
0.5333627766169795,0.45377379611732804,0.34151570849319585,0.1918773940031,0.8206034849127946,0.5701496080840494
0.5288274955463463,0.45536198590762156,0.34183866809603214,0.18689668818742144,0.815979600509877,0.5696593462854624
0.524292261409149,0.43825524098071583,0.3313053373184045,0.7046442920549068,0.9408244793879703,0.5691751083929703
0.5193400981703333,0.45313981466121855,0.33988825663700317,0.19243157788691945,0.8107097322566688,0.10393804418605634
0.5328499412313144,0.4525884265477442,0.3387691187113647,0.16791259428938854,0.827641308967145,0.5701267969690588
0.5283149010856469,0.4540839122615007,0.3387903582194882,0.1770509499333618,0.8110837229069148,0.5696407430460527
0.5237799516779549,0.4379092053592504,0.33539257255551874,0.7125241785353655,0.9382405439863533,0.5691565051535605
0.5188275453239473,0.4516793991588656,0.339588254118187,0.18238062163976887,0.8191415214619155,0.10394298290318535
0.53233789119846,0.45442428730232354,0.3396154298873345,0.19294251827335596,0.8120696982575737,0.5701064330659192
0.5278031295245076,0.4518109012770778,0.337968582261062,0.18177088435572974,0.8128516787079434,0.5696221730267135
0.5232684429440502,0.4324876278051297,0.3307611380038147,0.7240989419161998,0.9393625159370913,0.5691379019141508
0.5183158576172113,0.45546002694979915,0.34295806941281964,0.1808331477251479,0.8068338291541295,0.10394789947360078
0.5318266640651652,0.4472006211691627,0.3356111761424104,0.18661868293013972,0.8139396515086901,0.5700878408998663
0.5272922058940921,0.4552630866599138,0.3409693998360423,0.2027043506413082,0.8190395240118278,0.5696036694475148
0.5227577445941227,0.4289007291850563,0.3220804607282247,0.7180483467065868,0.9412664683383127,0.569119464775093
0.5178050028225001,0.45284035456904514,0.34007612092743605,0.20486318992389196,0.810981725456827,0.1039528049706594
0.5313163568271952,0.45829092516665904,0.34195516002517395,0.18865287451916424,0.8040458988524506,0.5700693483940246
0.5267820801320697,0.45722043892278186,0.3436153321448711,0.202640815658927,0.8143306417339318,0.5695851547949595
0.5222479442372494,0.44089313234970345,0.33700683493391775,0.7083576735189014,0.9373905652358872,0.5691010054893215
0.5172950137932184,0.4517584613433298,0.337258419962092,0.19319546692196088,0.8129536761580312,0.10395771046771804
0.5308068349420361,0.45413334847589315,0.3387918101908647,0.1991351935873189,0.808448788780197,0.5700509223283234
0.5262728492342075,0.45471127838331526,0.34282218614034,0.19639266636347252,0.823629409264754,0.5695667176559016
0.5217388916864398,0.43548242539896453,0.3290722053413334,0.7173578802855596,0.9400764980874783,0.569082501910123
0.5167859008547229,0.4548828479722159,0.33912347498184703,0.19155737623871882,0.8100297492561594,0.10396262703813348
0.5302981641164966,0.4536061599704405,0.3419795646538285,0.20610339277997203,0.8120696982575737,0.5700324076757681
0.5257644005602606,0.4600015612188936,0.34372588559961786,0.1932011850703752,0.8118997025073895,0.5695482583701302
0.5212307903199118,0.4397026582451435,0.33547766560364356,0.7352569555219781,0.9392605184870035,0.569064075844422
0.5162775726432582,0.4407253978667657,0.32845201657354495,0.1959671805283385,0.8464938376540658,0.10396754360854892
0.529790300546038,0.5137984680959771,0.38191841231179646,0.1946994987923787,0.8406629834253181,0.570014092343635
0.525256831105994,0.5700052196775515,0.44146322061328347,0.19179650602865594,0.84339991500201,0.5695298323044292
0.5207234179860718,0.5461620351400122,0.466240988204636,0.7404742894376628,0.9313557161070776,0.5690456608520778
0.5157946479356728,0.5420161872581581,0.4709011877258662,0.742916613869758,0.9337356566085191,0.10397310243365823
0.5094159742311835,0.5622509393685302,0.4735829965652466,0.5936182207528522,0.9512962175946313,0.10294138670803753
0.49940663294134513,0.46803365874937497,0.3889104225294253,0.5631844082611839,0.9529961750955636,0.02267538154787807
0.5280928746494817,0.301335724675365,0.28848335148814,0.7370985964050241,0.9372375690606987,0.022619139968734048
0.5210675476981028,0.2986224823602111,0.2875255605616597,0.7416978937795957,0.937594560135949,0.10413420870161776
0.5075216081323206,0.4605195955320247,0.4048466981617555,0.7841492290605676,0.932528686782689,0.10292571790817753
0.4771869637519681,0.5572490314703611,0.4910492383414113,0.7840142172230076,0.9334466638333652,0.10286511342645768
0.4782227155122314,0.6048091012982539,0.5464878074023714,0.768498100919522,0.9375265618358526,0.1028718681741005
0.47781554199439835,0.6159118671552193,0.5879272032902025,0.7921983568503439,0.9346026349340946,0.10288563235659232
0.47824879861224723,0.6307500798578125,0.6150341365996078,0.6332238638823362,0.946247343816367,0.10288526693581819
0.46959976098165823,0.624295426669216,0.609447809530749,0.603332044499743,0.9412324691882077,0.022419715456933234
0.49594498579653346,0.6279985835317725,0.6088909696543736,0.5887952405309349,0.9503612409689595,0.02233482599643393
0.5252877414662378,0.626495633217832,0.6117920350250909,0.5495846261544057,0.9412664683383127,0.02229032439016025
0.5230383752460344,0.6244140378251941,0.6066945088080435,0.5387156570090978,0.9403654908626322,0.021968107424898513
0.51867719844561,0.6243173645480802,0.6101688151342517,0.5655272210271249,0.9318147046324157,0.02164816492712175
0.5157610248228908,0.6240718462493325,0.6101479651794244,0.5655981022418437,0.9340416489587824,0.021326520454406122
0.5128454134627214,0.6231785794474294,0.6147518211284588,0.5677746916101301,0.9323756906077278,0.021004878196361862
0.5099299460317535,0.6247714625492158,0.6131653874636526,0.563029025519898,0.936931576710549,0.020683230401639205
0.50844869866537,0.6266195723998098,0.6170687336246512,0.5374631045408174,0.9289247768805353,0.020360016834266234
0.5040877565321202,0.6256137912770489,0.6245370015206301,0.5528072395888701,0.9303867403314143,0.020040087624517613
0.501171860442446,0.6218653283142137,0.6176628024012596,0.5735978712921828,0.9272588185294808,0.01971844979581607
0.4840819243269272,0.6264111357316768,0.6316444456760624,0.5572048531037455,0.9194050148745418,0.01964856141176221
0.49605939198907123,0.6253058027674196,0.628948249925177,0.5582909042088233,0.9205609859752713,0.019074364676031522
0.4924143756011068,0.6217129431947681,0.6300737269453616,0.545467718133563,0.9216319592010223,0.01875368358535676
0.4894992492197652,0.6273427535932082,0.6347762549736106,0.564792121280975,0.9214789630258338,0.018432049078662253
0.4880184305120876,0.6208122207323219,0.631164232703734,0.5469871175278445,0.9227369315766509,0.01810884547731039
0.48365797241899733,0.6250150856440846,0.6323264959499515,0.5364868895365311,0.9117552061197784,0.01778892291157585
0.48074247057017594,0.6198594874388927,0.6282623483857463,0.5450272618682057,0.9155461113472256,0.017467297263566772
0.4636528848909709,0.6193874028801878,0.6329385151653761,0.5270679475266169,0.9144411389714833,0.017397535115780332
0.475630803114091,0.6201706763399779,0.6369802412813435,0.5521089504231373,0.9074373140670104,0.01682323096848877
0.4719862279004139,0.623216412007883,0.6366901347442717,0.5396086808958289,0.9012154696132484,0.016502562058506483
0.46907156459563026,0.6204173746713296,0.6372418395999251,0.5347716435590597,0.9050063748405819,0.01618094416184716
0.4675911285518928,0.6237943419153051,0.6425844966553087,0.5359829777075205,0.9035954101146899,0.015913730774440152
0.46323106157076,0.6281111157319121,0.6463669927596649,0.534801465291415,0.8981215469613062,0.015668850133010233
0.4603160165407054,0.6173086681726505,0.6388219430236692,0.5413846424908384,0.8931066723331469,0.015422249799270604
0.44322683793082573,0.6148437230972681,0.6389464894098829,0.5051019583586167,0.8987675308117105,0.01539972216221398
0.45520519388644853,0.6198673722022008,0.6445496823657677,0.523308781165944,0.9000934976625103,0.014928116755149486
0.4515609628512953,0.619806421730279,0.6452536450125645,0.5254599962506421,0.8929026774329714,0.014682470944765283
0.4486467250763213,0.62215615271324,0.6470146251144921,0.4920365054536642,0.8882957926051631,0.01443587061102565
0.447166697979247,0.6183216010081627,0.6465526060517901,0.5214923557290307,0.899787505312247,0.014158648016414803
0.4428070709208436,0.6143747137750462,0.6477914076672144,0.5251145247839444,0.8829239269017535,0.013880086652967867
0.4398923951004776,0.6190774834081159,0.6471303180167027,0.5249580698898308,0.8871738206544251,0.013599297330134479
0.4228036748738129,0.6166965351989959,0.6485419396398677,0.5266323358036662,0.8812069698257119,0.01345675886684295
0.4347823890879887,0.6205760532979963,0.6548431634082672,0.5076512995266604,0.8801869953250616,0.013097470517714635
0.43113865554724473,0.6142836009545963,0.6517694108320693,0.5027503301138703,0.877348066298282,0.012836191342212186
0.42822478072416814,0.6143078988986684,0.6498274433834084,0.5196868900765783,0.8738971525710895,0.0125810379476868
0.4267451657026524,0.6169984447527865,0.6562004467733632,0.5065000456459139,0.8659073523161851,0.012338357582251356
0.4223859297562069,0.6179153658446143,0.6606268567692654,0.5038019532003704,0.8680832979174511,0.012070783203412944
0.41947175768804223,0.6120028124825565,0.6551409282090017,0.4894399498518385,0.8749681257967268,0.011815627594216196
0.40238336192785695,0.6111710504103134,0.6553933189042203,0.48549252139649757,0.8696982575436323,0.011781460751836028
0.41436252138388596,0.613980618643893,0.658378293169577,0.4987111730277165,0.8611984700381754,0.011311494201576684
0.4107192071151613,0.6143445514265182,0.6602446739985613,0.5056219921894063,0.8604844878877884,0.01105021281140288
0.4078057327907296,0.6134733476584524,0.661601160550097,0.47933272543591654,0.8590565235869008,0.010795058309541812
0.40632656739151995,0.6189879797230349,0.6668960530592837,0.4832778110387823,0.8561665958351341,0.010552379051442046
0.40196773601128344,0.6182590414008717,0.669189592357708,0.5103007480013186,0.8526986825328322,0.010284806887274994
0.3990538830904766,0.6124343110713985,0.6656540863233282,0.47942207150489,0.847717807054778,0.010029650170742567
0.38196601392343155,0.608822696132057,0.6652542187183279,0.49392230314946484,0.8350191245218639,0.010037533293442435
0.3939455688718714,0.6078898982379217,0.6629795152071203,0.4930554477336022,0.8413769655758188,0.009525515670767374
0.39030263632841766,0.6091827848690784,0.6668998821911151,0.4904599245752399,0.8386910327241139,0.009264236495264928
0.38738958440490023,0.618458645703757,0.6745331790289117,0.47548631760256144,0.8369740756480724,0.009009079778732502
0.38591081731410837,0.6133129705000073,0.6750751450521618,0.4821782984593126,0.8295282617933708,0.008766399413297061
0.38155238236495226,0.6114418321343547,0.6722023001617043,0.4923002947586379,0.8387590310242103,0.008498826141794327
0.37863900816518115,0.6127941852570373,0.6776070865410796,0.47008302473532027,0.8322991925201677,0.008243668317926223
0.36155148036065343,0.6040787862713863,0.6739512395253877,0.45598540633222195,0.8453378665532227,0.008252368654357304
0.37353146459357855,0.6110632025820257,0.6776532574601558,0.46020210398476724,0.8272503187419034,0.007739534925286705
0.369888857455273,0.6127727837566295,0.6848671647607254,0.4679032586179148,0.8262813429663538,0.0074782546424485815
0.3669763092839573,0.6052492177009611,0.6771077500433045,0.45346326607851006,0.8130556736081189,0.00723673033546217
0.365497886371688,0.6113760900148895,0.6846400064949157,0.47624492529219253,0.8298852528686211,0.007100701898628363
0.36113992075688195,0.6067200925832126,0.6797590807640043,0.4632353434623715,0.8031279218018881,0.006940017525562611
0.3582269095090074,0.6093772756973466,0.681740357681639,0.4886129626374198,0.8122396940075305,0.006791683267326408
0.3411397944058172,0.6076116429740555,0.6861659929976909,0.45408916507369224,0.7983000424989086,0.006833760915798427
0.35312016067690255,0.6053649681718387,0.6888100859952181,0.4641503266273881,0.8002889927751085,0.006501090701725511
0.349478007228468,0.6083757319643907,0.6929734368476781,0.4580192008276067,0.8128006799829564,0.006346635091854976
0.34656582826684046,0.6086437602790227,0.6898098214088486,0.4508406611339082,0.8032299192519758,0.006198305262961493
0.3450878631120067,0.6095959571939955,0.6932132777293221,0.4418199643354319,0.8035699107521168,0.006062279040799046
0.3407302282214717,0.6115225034541879,0.6990494722504587,0.4702071959165113,0.7938801529960529,0.0059015924530619315
0.33781763624561645,0.6038606411531937,0.689420378781262,0.4443091458170336,0.7833404164895228,0.005753257087490052
0.3207309685745052,0.6038230231441225,0.6933035168650237,0.45149217266886277,0.7942541436462989,0.005796150842357605
0.33271173221533923,0.6051171792042926,0.6965627720647967,0.45439572136368156,0.7840713982149055,0.005462665629224833
0.32907001368340216,0.6039272414781889,0.6945003529662734,0.4470506803067802,0.7870803229918693,0.0053148019886522764
0.32615819454477535,0.6053823289545422,0.6998242849029903,0.43026918541044634,0.7841223969400062,0.005174698556519196
0.3246806455330651,0.6088924968485083,0.7015375004587211,0.4556686050263239,0.7881002974926332,0.005046914233816663
0.3203234455590267,0.6052795946008717,0.7024571561095435,0.4494847054818023,0.7710667233318418,0.004894444076818842
0.31741125721071217,0.6072535745958862,0.7080492822104245,0.45866908427863784,0.756107097322456,0.0047543362153430494
0.30032497439376726,0.6010700249584048,0.7039190433881362,0.4436534647988599,0.7711687207819296,0.0048145546798451675
0.3123061354043508,0.5961572989182427,0.6997717837428519,0.42020715025074296,0.7642668933276582,0.00448020419461271
0.30866477043762375,0.5997376966314253,0.7068755315687129,0.4154106561746056,0.7611219719506153,0.00433397431710117
0.30575340811776375,0.6056363935500276,0.71302702078891,0.43459135113374403,0.7624989375265159,0.004193870442033821
0.30427623457353237,0.5995610135679076,0.7081636692237445,0.43062386944958897,0.7515512112196348,0.004066085344196312
0.299919488289365,0.6043104660059604,0.7180109789399076,0.42717475380293624,0.752571185720285,0.003913619948741909
0.297007672279634,0.5979677013633561,0.7098196248716853,0.4148825216335623,0.7394475138121379,0.0037735087652590793
0.27992185535525316,0.6001965862801042,0.7157851023929771,0.41049503400650345,0.7399915002123407,0.0038345389068140156
0.29190338275951877,0.5975354518446753,0.7107194929857609,0.4045330700973122,0.7392435189119624,0.003499379402134372
0.2882624370648097,0.5987667443497626,0.7148601567854628,0.41068059586442063,0.7295197620059071,0.0033531490816885575
0.2853514658569076,0.5994801276966919,0.717544090461004,0.3907258065636958,0.7334126646833283,0.0032130471998254315
0.28387468655353,0.5999884535597633,0.7187298375735397,0.40872768934348014,0.7270378240542641,0.003085262434188627
0.2795183376391117,0.5969904555744723,0.7188468584983507,0.40081031722341653,0.707420314492083,0.002932794491862162
0.2766069221280252,0.5940966938025296,0.7199838229140294,0.4055101587076064,0.7108202294941748,0.002792687737722048
0.25952149068359054,0.5976680267198,0.7282712151499755,0.38682722062606034,0.7123841903952552,0.002854525791388492
0.2715034273474082,0.596158586226538,0.7267502308656622,0.3912870984236694,0.7078623034424254,0.0025186080939693352
0.2678628758935533,0.5943151607477959,0.723874995534524,0.3904465703161306,0.7077773055673333,0.002372411768728871
0.2649523020553999,0.5944752160791672,0.7278808429065686,0.3943899484163451,0.7031024224394287,0.0022323880647646946
0.2634759942765985,0.598284951340998,0.7331047747414705,0.3643271008030544,0.6933446663832683,0.0021047942037989717
0.25911998735047614,0.594251438987183,0.7301383706588103,0.37746518213474145,0.7004334891627195,0.0019522941487378149
0.25620899111140805,0.5931308549954839,0.7306726784183977,0.38454131137871417,0.6772290692731531,0.0018122649080952406
0.239123927312213,0.5875415411704972,0.7291105475671797,0.3805370985328702,0.6913217169569634,0.001874512343762266
0.25110630358587205,0.5912395845584366,0.7372832871852857,0.36836248549962947,0.6807819804504334,0.0015383377444655446
0.24746614637287,0.5998755995325498,0.7415656509964574,0.3963477788984202,0.6688142796430157,0.001577170899397651
0.24455595738888292,0.5943931680546294,0.7399569286856732,0.3594622669114935,0.6656353591159814,0.0016279083558148897
0.2430800613727504,0.5930833318642523,0.7401583897141639,0.3726633272944657,0.6509817254568588,0.0016905653949496344
0.23872445932572672,0.5867701931917196,0.7403118205919377,0.38030650625619034,0.6656353591159814,0.0017289445422532888
0.23581380194605872,0.5961460170913777,0.7456093470126153,0.3755166436438393,0.6489077773055669,0.0017796726970508228
0.21872918025982147,0.5904261487501185,0.7455580410728173,0.3578011050877743,0.6340841478962602,0.0018778955864627725
0.23071188725775205,0.5935669306804865,0.7482581766240841,0.3634266512652575,0.6412239694006985,0.0018868698777408741
0.22707214931676845,0.5952990039916928,0.750930246631061,0.3474505416893323,0.6499277518061035,0.0019314241931928768
0.22416238054346893,0.5919842924072161,0.7514655946750188,0.364527950766107,0.62986825329358,0.001982151240654731
0.22268688001974812,0.6463339658904067,0.7418256778216286,0.3557738626374476,0.7117382065447373,0.0020448003069725848
0.2183316105743338,0.6420666282881922,0.6932205375862046,0.35999822419724237,0.7197620059498604,0.0020831701526565346
0.21542141595833408,0.6437671446668838,0.6579632639732214,0.3551748071723213,0.7223119422013724,0.0021338883414329544
0.19833716191733686,0.6347152933548538,0.6062549111935793,0.3544119108713797,0.7416914577135003,0.0022323631497119132
0.2103203257340338,0.5886890692399864,0.5053172918237145,0.6387608184687616,0.9093072673182405,0.002240213606009245
0.4044771841740289,0.6393531611947065,0.5660137015633083,0.613142004616849,0.928975775605636,0.09776500212221324
0.5168791482032375,0.6439868810411635,0.5721963329134863,0.6102521953619702,0.9381385465362655,0.022449444097911372
0.5154040503683879,0.6446334316324331,0.5739343382244257,0.5954617676853695,0.939107522311815,0.022126489647087313
0.5110491301077293,0.5968139870623371,0.5165818982462885,0.7444195735873482,0.928516787080298,0.021806695532291552
0.5065896280740207,0.6490474151046104,0.5715967307093761,0.6093189061801552,0.9299957501061726,0.10440490798174272
0.5024479101379811,0.637411381786354,0.5619066810028182,0.60596425911043,0.9380365490861777,0.02268968057350293
0.5144313599357413,0.6404450846975553,0.5714125561084015,0.593645898179552,0.9441223969399744,0.022115119524333808
0.5107922593508043,0.5878177760755112,0.5110396305405711,0.7549220253030451,0.9264768380788837,0.021794612285360674
0.5063333036222781,0.6409224972822598,0.5666279562834438,0.608782710638222,0.931100722481915,0.10441107584147559
0.5178008032187429,0.6424814991448876,0.5662166012829495,0.607492791658429,0.9354526136846744,0.022423757232162125
0.5134462042956685,0.640110026955163,0.56644641559396,0.5751166750460044,0.9348576285591434,0.022103973083387483
0.510536656735292,0.5958790615336583,0.518995769672541,0.7619908083146802,0.9338376540586069,0.021782546755800655
0.4919029169295328,0.6382730916557428,0.5637391308543607,0.6050225912528135,0.9339566510836903,0.1041597770824493
0.5168290943206659,0.6390873856695911,0.5654946881973364,0.5849317179617011,0.9397705057373287,0.022412418114807636
0.5131903576262942,0.638681257781734,0.5687050057642821,0.6119229271424107,0.9268508287292434,0.022091920841855617
0.510281601676521,0.597221616809872,0.5195505289801755,0.758775421984462,0.9364215894602239,0.021770494514268792
0.5072566316582945,0.6447061287925488,0.5755681380286487,0.6093430494734597,0.9280577985550735,0.10444474991947852
0.5158449314791858,0.6419221100527729,0.5663571060740786,0.5959845017529104,0.9354016149595736,0.02240130267926033
0.5129357406129147,0.6431156951523795,0.57406072170857,0.5962552799059462,0.9305907352315899,0.022079881888351898
0.4958525338132964,0.5943703540909531,0.5156092013728035,0.7479787238816127,0.9373905652358872,0.022010471873311427
0.5062857190641639,0.6416335205639813,0.5671939152483422,0.5919145699096657,0.9371355716106109,0.10442738135935108
0.5155900744795092,0.6395446840621828,0.5671568412840792,0.6237900308609265,0.9345516362091075,0.022389269262435008
0.512681693997215,0.642890505597127,0.5728268116430574,0.5957914745345636,0.936931576710549,0.02206786175955473
0.5112075504755427,0.5903681662389884,0.5137329267754456,0.7614929323089961,0.9333276668082817,0.021744923918765858
0.5053023816253597,0.6424302392437435,0.5653188358713246,0.6025165730008808,0.9352486187844988,0.1044097470386606
0.5153364180370983,0.6434597998114022,0.569435108322598,0.6125485084626812,0.934398640033919,0.02237725688498759
0.49825362080992175,0.6433352169752768,0.5714794441800449,0.606850889789559,0.9425074373140205,0.02230770623831587
0.5102379889385587,0.5954414839889779,0.51597002511335,0.7539205154338982,0.9330726731831192,0.021733644597538036
0.5050484223058485,0.6429136413878771,0.5695893138802222,0.613957634953167,0.9355546111346484,0.10440952557152477
0.5150834374361506,0.6431102598506887,0.5739901373073553,0.6055012876356916,0.9331746706332069,0.022365255580896966
0.513609688155332,0.6440753477278955,0.5680371874659278,0.5988548137100709,0.9403654908626322,0.02204233988682168
0.5092559443594413,0.5981199970863922,0.5187660881637904,0.7433278043338565,0.9313557161070776,0.02172252473264802
0.5047956197390642,0.6465136347939979,0.5743373709499571,0.5931406362321661,0.9334806629833565,0.10440982455215814
0.5006563870848488,0.6407533771549765,0.5655390220184819,0.5923442649373822,0.9364215894602239,0.02260493838864895
0.5126410487038986,0.6375815746705501,0.5625614182785577,0.5884397623045126,0.9245218869527889,0.02203100630614558
0.5090033101272438,0.5851177363227159,0.5112501885238749,0.7477609577295015,0.9321716957075523,0.021710463632430715
0.5045435014617605,0.6399524032061272,0.5656369194178462,0.6154542014631552,0.9341946451338572,0.10441056646706319
0.5160133715095778,0.6371119216941807,0.5611226164595031,0.6099318202133133,0.9340416489587824,0.022339691629408114
0.5116599897269158,0.6449707242850602,0.569138251003974,0.6177873251442831,0.9309477263068402,0.02201984214782839
0.5087517656894041,0.603775053030844,0.5272869910403184,0.7588711612610375,0.9288567785804389,0.02169841028356317
0.49011735129374,0.6508294610086653,0.5750719445176947,0.5866389426476464,0.9322566935827581,0.10416452755251286
0.51210408327489,0.6537428363528281,0.5812407422991178,0.6128861174753089,0.9291967700806936,0.02233222154291657
0.4943050793275976,0.6516103922825296,0.5739202169174408,0.6075041485365293,0.9287207819803598,0.02226328657488245
0.48919765747003563,0.6085342139189566,0.5330825613501067,0.7757223063818073,0.9198130046748929,0.021944661806563875
0.4847257118182795,0.6567058803420478,0.5845844376025703,0.6141405362836967,0.9353166170844815,0.10404550004036103
0.4947499873271122,0.6541210546816738,0.5780226336662493,0.6070608331969649,0.9317127071822142,0.02256482515367175
0.49183071359457076,0.6485343869904052,0.5773631376428581,0.6037698005283489,0.9258308542285931,0.022253204283523793
0.48891145550650794,0.6110400667912758,0.5327092055029538,0.7576475966284686,0.9218869528260711,0.02193306025065342
0.4844394094172011,0.6546727556825811,0.583773480601596,0.602798747741381,0.9277518062048102,0.10404515676630052
0.49446393555057666,0.6521670100859532,0.5808799185585714,0.5933892168507322,0.929366765830764,0.02254972109500815
0.4915448642575848,0.6486145398110639,0.5793566766358371,0.5986386756418831,0.9334806629833565,0.022238092473510433
0.4886258242535497,0.6037672755432271,0.4433566267021874,0.7839801068793417,0.9089672758179859,0.021921470875435434
0.4841537478139557,0.6356082383296832,0.4909962059722327,0.6214682640578992,0.9365745856352987,0.10404480241888318
0.49417861249384076,0.6071820574683745,0.4424283942387369,0.6128188101033489,0.9097662558435786,0.02253462257302294
0.49125974364039804,0.5683395500192399,0.40151395461801487,0.6093191444363388,0.9145771355715624,0.022223012776231774
0.48834093235863607,0.4842427743295994,0.3271530599610615,0.3662128984988551,0.7970420739480915,0.021909897002916966
0.5022542074040159,0.5633719345837126,0.3954661485489781,0.6150815290821257,0.9279558011048721,0.9054533543092594
0.493831270970412,0.5039400037095934,0.35679973910553336,0.20015175330541757,0.8009519762006221,0.022519476435603526
0.5092980802586515,0.5014793317825798,0.35305102789613285,0.22071453267816588,0.7959201019974671,0.5678108708362577
0.5047754367975972,0.4820260383848872,0.32760161287459477,0.36433138941436516,0.7930301742455867,0.5673094692407386
0.49869921372469683,0.5627879435997338,0.3970804087140062,0.6014449761042946,0.9331066723331105,0.9059174386923909
0.4933592072854478,0.505107252626994,0.3571738851261336,0.2254927604468686,0.7836294092646767,0.022504195203231256
0.5088262709529041,0.4988248019538766,0.35273136842945874,0.23272943464944595,0.7912792180195538,0.5677445414290766
0.5043039216080425,0.49065789642596375,0.32934384351077467,0.3896517079771784,0.7857203569909643,0.5672431398335576
0.4982276284478795,0.5647717214412175,0.39838477259184457,0.6127324422366744,0.935860603484798,0.9058284089037876
0.4928879539844604,0.5099358816769151,0.35820304952059046,0.23044753604786283,0.7959201019974671,0.02248893833224393
0.5083552313554907,0.5030427963139643,0.3527642148551102,0.23311370216476002,0.7966510837228498,0.5676783891956041
0.5038330603576813,0.4814509959814884,0.3251709862298664,0.3780624109691242,0.7861623459413067,0.5671769876000851
0.49775676625884957,0.569045781653418,0.4007504921319751,0.6104557455617738,0.9346026349340946,0.9057393791151838
0.4924174172005791,0.5065801299888157,0.35574999478751124,0.23436470596784487,0.8042498937526261,0.022473705822641542
0.5078849207907665,0.5070786580054181,0.35779103936227996,0.2247399900337439,0.7909222269443035,0.5676123255489861
0.5033630282646704,0.4834445716694411,0.32599289277718163,0.3760783325974526,0.7985720356990669,0.5671110014669646
0.49728670381555107,0.5600056412710182,0.3943488565747543,0.5947926649021678,0.9284657883551972,0.9056506372338566
0.4919476282227615,0.5037400775796345,0.35282899358418995,0.22653596514820307,0.797246068848267,0.022458491030410022
0.5074153580321048,0.49879475045689614,0.3505921674909186,0.21877087843903453,0.7953761155970369,0.5675463283425087
0.5028936720131227,0.4892743171374812,0.3302992605968567,0.37980426222046737,0.7820484487887143,0.5670451039206984
0.49681730094345733,0.564963226429412,0.3962702440998501,0.5975353906728345,0.9283127921801224,0.9055619285726
0.4914786339844417,0.5012584082239834,0.3523078841558802,0.2252829361675548,0.795410114747142,0.022443298384892087
0.5069465649817753,0.506927229427553,0.35898102065354026,0.2254803711253044,0.7922821929450947,0.5674804861630265
0.5024251011143854,0.4840104509408776,0.32687073563642843,0.3894163108674562,0.7836804079897774,0.5669792949612865
0.49634872284826104,0.5592650992949162,0.3932493755969738,0.6246737230471204,0.9256778580535183,0.9054732863514839
0.4910103093297935,0.5049922602376679,0.3581006744716916,0.21849382620648883,0.7835784105396897,0.022428132315430453
0.506478491577449,0.5017146231320934,0.35221065076781616,0.22365890259916466,0.7890012749680864,0.5674147768638257
0.5019572842795035,0.4817849809669681,0.3263089909299155,0.3885652200690968,0.8070718232044101,0.566913519221945
0.4958808349874464,0.5568154052469756,0.39210147712855126,0.6284127567602513,0.933684657883532,0.9053850316978559
0.4905427509416924,0.4985442062920125,0.348659828206111,0.24144861824715957,0.7853803654907097,0.022412982856004002
0.5060111753658729,0.50284670350204,0.3529853306180878,0.24117700619748028,0.8000339991499459,0.5673490786379819
0.5014901651883541,0.47909709912584975,0.3248163665682351,0.38248865493543516,0.7920101997449365,0.566847931729669
0.4954137105771741,0.5675886559389307,0.4019954889728307,0.6054032849253685,0.9239609009774767,0.9052966663106596
0.490075977280624,0.5005267057648419,0.35290247750141573,0.23761146269561384,0.7986740331491546,0.02239785554329114
0.5055446007025681,0.4988267257646066,0.3511673717064873,0.24079381083499407,0.8062218444538303,0.5672835132924193
0.5010238095477466,0.4792259372310621,0.323715300816818,0.37213253222603515,0.8057118572035051,0.5667823774574633
0.49494729736488674,0.5678670184784882,0.3982591792811475,0.6343338200245348,0.9239269018273717,0.9052085223905993
0.4896098181346633,0.5015805642765726,0.35130259318103774,0.2440762662809881,0.7888992775179986,0.02238275369929889
0.5050787237829963,0.49965528744539356,0.3531347995617702,0.20823657981341936,0.795784105397388,0.5672181140472088
0.5005581954554099,0.48125884733914626,0.32418522604073474,0.38793797095553884,0.7929961750955954,0.5667169782122526
0.49448161193372897,0.5581455880601298,0.3936646814647044,0.6026268061953122,0.9255248618783298,0.9051205999376748
0.489144453415312,0.4984705704695983,0.3487772475377022,0.24145000807489936,0.7935401614959119,0.022367667358006153
0.5046136103139656,0.5050372373591601,0.3534366502453721,0.24127961519402596,0.7884402889927742,0.5671526926552846
0.5000932665912234,0.48364705453670864,0.32690925935869697,0.37621088245444545,0.7866553336166362,0.5666516232604693
0.49401666679928535,0.5605221916037533,0.3921787857508664,0.6226154675835189,0.9287717807054605,0.9050327882183182
0.48867986528786345,0.5013317275831084,0.35287991882417585,0.23653438590679743,0.8002889927751085,0.02235261202211243
0.5041492477798948,0.49771691225231074,0.34883489921215943,0.2407850350655525,0.7929451763704947,0.567087448437069
0.49962913872432635,0.4850687971523596,0.32637627298159705,0.38177722197022224,0.7847853803654061,0.5665864011889674
0.4935523903098442,0.5676485515332217,0.3990929583505109,0.6037529637580181,0.9344666383339018,0.9049450872325295
0.48821592765782196,0.5035841702416589,0.3540829634310827,0.24311426722900964,0.797246068848267,0.02233756997424686
0.5036856111496166,0.5059961390048371,0.3542164739698495,0.23101204436631928,0.7967700807479332,0.5670222928057078
0.4991657586634921,0.48676259092106516,0.32853064436497653,0.38924012041944067,0.797620059498513,0.5665212234108925
0.49308889573142967,0.5641296406704173,0.3979461156600558,0.6162785678595506,0.923858903527389,0.9048574969803087
0.487752701225765,0.506347073549537,0.3558042135235463,0.23371311501416225,0.7963450913727002,0.022322554502437593
0.5032226534896971,0.4995974300892366,0.3527803127023989,0.24736432074730486,0.7797705057372468,0.5669572036144875
0.49870301063958244,0.4793574482889152,0.3244343055329361,0.3771410743058694,0.7891202719930561,0.5664561563663858
0.4926261092221025,0.5592925976304445,0.3930997694242893,0.5938490512857157,0.929281767955672,0.904770017461656
0.48729024106025687,0.5045974249042449,0.35577281685590023,0.24499533951049557,0.7945601359965622,0.022307558962670542
0.5027605062137543,0.49755919195515275,0.3494003380348727,0.2349734505177843,0.7854993625157931,0.5668922805236188
0.4982410291951096,0.4804574532271728,0.3244058083813011,0.3809131462098385,0.7880322991925368,0.5663912886423011
0.4921640517454655,0.5690223240355943,0.40056342244173154,0.6138385465705665,0.9331066723331105,0.904682648676571
0.48682847144201924,0.4955333173444875,0.34742486014926,0.24433382121581593,0.7816404589884769,0.022292581140274364
0.502298997232526,0.500533846750024,0.3524023419767094,0.214642692958819,0.8010539736505962,0.5668273906528208
0.49777982371676055,0.4855546398184695,0.32932695770340975,0.394541797024236,0.7890522736930734,0.5663264098448597
0.4917026682329535,0.5619393392439618,0.3947665373895688,0.6171258862683311,0.9304377390565151,0.9045956120921899
0.48636747403523195,0.4962977371015374,0.35056037462986345,0.23376827132074185,0.77773055673606,0.022277633215941513
0.501838264217422,0.5039140966301523,0.3532205544078243,0.24200351689953092,0.7881852953674979,0.5667626004422337
0.49731930346656217,0.47691062386571603,0.3213042005310585,0.3899287602097241,0.775622609434663,0.566261708221127
0.49124208352750376,0.5614830063325913,0.3935919899342969,0.6152753504877522,0.9321716957075523,0.9045085755078088
0.48590717155617114,0.5026662836686098,0.3522950842313828,0.2360794754329485,0.7871653208669613,0.022262703008979538
0.5013782289460509,0.5053580095553319,0.35337900078428586,0.23484375973499882,0.7942541436462989,0.5666979209652144
0.49685951537794804,0.481156220261167,0.3248667628125517,0.3856407048300923,0.776370590735155,0.5661970619641783
0.49078217059595275,0.5552901773478152,0.3905178234577219,0.6034861168320171,0.9229919252018135,0.9044217603905634
0.48544756963684943,0.5075845522861541,0.35750634009056315,0.24383157718009274,0.7801784955375979,0.022247789412052753
0.5009189414807436,0.5022775255030971,0.35371554384495385,0.23633345652501703,0.7870123246918865,0.5666333300750497
0.4964003843574232,0.48006783685612997,0.3229316546006222,0.40103642234196535,0.7873183170420361,0.5661324378539431
0.4903230126669249,0.5700149102483294,0.39638686883125196,0.6284060061683734,0.9216829579260093,0.904334945273318
0.48498869956622315,0.4997280740019186,0.3516700127671666,0.2284468194526803,0.7835784105396897,0.02223289906917522
0.5004603893059154,0.5058614364951687,0.3528750383411191,0.239926955419131,0.7857203569909643,0.5665688831385232
0.4959420668497705,0.4888398416482066,0.32737839219579545,0.3897826297502476,0.7951211219718743,0.5660680573575573
0.48986456186831706,0.5623219201175855,0.39481772602070375,0.6401503682428016,0.925320866978268,0.9042482408896406
0.48453059732659165,0.5035749981700555,0.3543755777174983,0.2246222517695189,0.7836804079897774,0.022218030873011274
0.5000024973280723,0.5008410843298143,0.353459346151614,0.246072456008676,0.7915852103697034,0.5665044362019966
0.4954844157968932,0.47463762182093405,0.31956962151842827,0.3719312851693428,0.7964300892476786,0.566003699007885
0.48940679754941696,0.5588077115059151,0.39292206450675,0.6316212733704993,0.9269528261792175,0.904161757973099
0.48407318469556415,0.49956385279786986,0.35346923991998747,0.2267586155520851,0.7830684232893645,0.022203184823560915
0.49954539070304094,0.5010049872826456,0.3525660628162658,0.23087965334678273,0.7847853803654061,0.5664401221457516
0.495027521936767,0.48671571144398124,0.3279884238040614,0.3910120316593231,0.7911602209944704,0.5659393960249969
0.4889498511238437,0.564867000134345,0.3965790890358144,0.6335290303445857,0.9324266893327149,0.9040754965236932
0.4836164873300852,0.49842612257484975,0.3512872943606804,0.2541403266182549,0.7884402889927742,0.022188360920824133
0.4990889035993509,0.500974724810139,0.3506830706379205,0.2390845609714849,0.7822014449637891,0.5663759852632153
0.4945712914025209,0.4814795491946474,0.3248364197095021,0.4017313362117594,0.7886952826178231,0.565875181628963
0.4884935724046042,0.5626742313669901,0.3944067760671026,0.6386310879766124,0.9271568210795067,0.9039892350742874
0.4831604961563567,0.5001474325583655,0.3528932433176005,0.22948188373439726,0.7842753931151947,0.02217355805746526
0.49863325503969724,0.49956662408656094,0.3522909961351443,0.24579647592895792,0.795886102847362,0.5663118705273925
0.49411580554544177,0.4845841166395718,0.32827971892136054,0.3870256086085455,0.7957501062472829,0.5658111333332809
0.48803794418277224,0.5612805234653238,0.3921629557214688,0.6353841327020233,0.923858903527389,0.9039031950920173
0.48270521054860005,0.5033779506044789,0.35335248459969654,0.23672352160747323,0.7899022524436532,0.022158770696805895
0.4981782541614459,0.5020040708264151,0.35041551835134666,0.2380072856358484,0.7837824054398652,0.5662478443784241
0.4936610268187822,0.48014425290687623,0.3241955160025174,0.40883637387271565,0.7841223969400062,0.5657471514777397
0.48758307753414476,0.5587224452106392,0.39344739926030026,0.627625042106817,0.9297917552059971,0.9038171551097475
0.4822506724340174,0.5027311854618267,0.3498992871927227,0.2482139820085607,0.7801784955375979,0.022144007697531463
0.49772393851134433,0.5045143041227944,0.3549185884518607,0.24066126097800122,0.7858903527410348,0.5661839732564508
0.4932069520936464,0.47475261242233197,0.32100894790641,0.3860954961758494,0.7808414789628841,0.5656832803557663
0.4871289317830785,0.5606351529066582,0.3934080809378424,0.6402875640953811,0.9252868678282766,0.9037313365946134
0.48179680609333353,0.5048053430732032,0.3527081501676606,0.2527711874573051,0.7780025499362182,0.02212926905964198
0.4972703800539935,0.5035579502747849,0.3531014219270785,0.253860772695778,0.7964300892476786,0.5661201021344773
0.4927536157878878,0.4785617040300152,0.32160156471164175,0.39151205197066274,0.7928941776455076,0.5656195421140744
0.4866754662539283,0.5639144813922983,0.3957898983252617,0.6189689566884806,0.9263918402039053,0.9036456841798312
0.4813437147801043,0.5037779101400881,0.3543983997858873,0.23387913986499687,0.7927921801954199,0.022114547031787685
0.4968175224692706,0.49845266436879754,0.3500578641580733,0.23712172710954715,0.773786655333538,0.5660564856997102
0.4923009740969655,0.4831930745388334,0.32713828570963127,0.4036153866955443,0.7816404589884769,0.5655558370924529
0.4862227557273009,0.5593370276459111,0.39436719435349576,0.6090522975103381,0.9242668933276263,0.9035601424986169
0.4808912392335416,0.5039689860255175,0.3531809771209594,0.2387413132291707,0.776370590735155,0.02209981725258363
0.4963653532415928,0.49860516570357527,0.35078715662260296,0.24738894055297767,0.8000339991499459,0.5659927806780887
0.4918490426653581,0.48194408869639976,0.32585252300168344,0.39080343837029274,0.7796685082872727,0.5654922206576858
0.485770731680383,0.5578504905127345,0.3893522467951162,0.611008142524214,0.9226349341265632,0.9034746118907594
0.480439546849563,0.5069781764412641,0.3563034282859163,0.24558577804363635,0.7907182320442416,0.022085107405421807
0.4959138661131708,0.4993173690179007,0.35178690088971754,0.267759725150843,0.7923501912451911,0.5659292528301758
0.4913977745596321,0.48147540120125176,0.32366279522993757,0.4003428188811833,0.7961410964725246,0.5654287371032002
0.4853194119478772,0.5581025347493678,0.3926807672269874,0.6200178398288654,0.9258308542285931,0.903389391336892
0.47998851278523214,0.5004448615641175,0.3508177653301727,0.2540487171155341,0.7786145346366311,0.022070419704973563
0.49546310488854095,0.5014012100483424,0.3503189489745828,0.2502317736302584,0.7838844028898393,0.5658658024957607
0.49094727616223777,0.47948021637793,0.32304273705103814,0.4075678979494759,0.7804844878877475,0.5653653199888552
0.48486877431462716,0.5608301622341008,0.3930137534004572,0.6396921618917415,0.9229069273267214,0.9033041264895975
0.47953826063192695,0.5024557086383643,0.35140022497588197,0.23839393571300183,0.7833404164895228,0.022055754151238907
0.49501307582549625,0.5003089897494144,0.3500703962646797,0.2414048188186808,0.7746026349341264,0.5658024407481996
0.49049740980176715,0.478637896589738,0.32207940495025733,0.38196167196594755,0.7881852953674979,0.5653019803880078
0.4844189261017511,0.5605130195321499,0.391838282969478,0.6372876804835268,0.921036974075605,0.9032190831094388
0.4790886348835328,0.49924393880722806,0.349940316450964,0.23599541070938512,0.7682787930300492,0.022041107422210788
0.49456373199060133,0.5044096477463219,0.35143241403034625,0.24570276182994588,0.7959881002974498,0.5657392672477042
0.49004831940742166,0.4794672181400047,0.3230928699042057,0.4053477871182585,0.7916362090948041,0.565238773667442
0.4839697290120628,0.5585542905645773,0.3933237824899069,0.6251669530572179,0.9227369315766509,0.9031341504628477
0.47863979104616483,0.5029060627178747,0.35550526899606844,0.24994888412120608,0.7780025499362182,0.022026486161903294
0.4941150702549608,0.5041641133562205,0.35568627404976993,0.24249039341139067,0.7815894602634899,0.5656761048205654
0.4895998641788948,0.4795000445015326,0.3222775592024728,0.4054107661695441,0.7862643433913945,0.5651756666070873
0.48352122121808927,0.5663245370723156,0.39548567269457596,0.6282049576585009,0.9221929451763344,0.9030494392833929
0.4781915848777327,0.4961931969403972,0.3490620773983081,0.23983868150298515,0.7843603909901731,0.02201187597495259
0.4936671438098008,0.49626331948392244,0.3485385908095435,0.246369879144948,0.7878793030173483,0.565613030980281
0.48915210356520555,0.49407534951582366,0.35030047839358136,0.39645007022005396,0.82147046323837,0.5651126259868733
0.4830734562239454,0.509728072571576,0.36629045040639036,0.6267662476918436,0.9284147896302102,0.9029647281039379
0.47774412526380594,0.5074232007068467,0.37571374463993473,0.2461682349946157,0.8105397365064846,0.021997296793400904
0.49321989007720823,0.5643252936520075,0.4263174460071384,0.23620281271749577,0.8126986825328686,0.5655500900202781
0.48870509075757873,0.5447221808118188,0.45678919903282766,0.7964789468695461,0.9155971100723264,0.5650496628801567
0.4844131811364263,0.5427961709300828,0.4571315411255177,0.8018784673472084,0.9189970250744182,0.10402875712489232
0.47505482536241095,0.5525990057188314,0.4572872296417123,0.6730382591383062,0.9279558011048721,0.10262813251776283
0.46598064746931955,0.4778005830004718,0.39491851850933707,0.6340158671470812,0.926034849128655,0.021457704297643654
0.4796734198507213,0.3080766294578548,0.2930480318771462,0.7894557899171337,0.9251678708030795,0.021665810321168995
0.4882680703911375,0.30857707592140254,0.2943501536101608,0.7941456643509623,0.9214279643008467,0.10412814050209601
0.4740747031767891,0.46349958192875185,0.4057307428865465,0.8529644449899629,0.9215469613259302,0.10261435726191419
0.44361729720092224,0.5508931613141401,0.4724906426420885,0.8365097978686158,0.9170760730980874,0.10255718552079969
0.44430641456817677,0.5948540780621605,0.5274102182574156,0.8407379715273537,0.9189460263493174,0.10259143541335579
0.4446885716265241,0.6176339101892919,0.5732035937885195,0.827325895584148,0.9179770505736542,0.10258523433355254
0.44464706275800525,0.6283355543573258,0.5937713216795217,0.6772220377281049,0.9184870378239793,0.10258595410174401
0.436011388327898,0.6286824303050396,0.595169486007002,0.6627370147699376,0.9235019124521386,0.021118570565211534
0.4627728357397496,0.6195881693363952,0.5848959031697996,0.6179668511788738,0.9266468338291816,0.02112544379777202
0.4918221404204579,0.6303948900440256,0.5957325454558895,0.6129611681732468,0.9283127921801224,0.021281844996430824
0.4881619144706799,0.6249223636882656,0.5933161640669222,0.627705255022073,0.9207649808754468,0.020988662372676395
0.4710880417925991,0.6198516026755845,0.5883568850025831,0.6246423526495697,0.9195580110496167,0.020790801418854542
0.48308109573559355,0.6197439693986793,0.5943520659627055,0.6142413980682269,0.9091712707181614,0.02042123256528099
0.4794519459775297,0.6222672009329838,0.5956473085386496,0.6279984292563983,0.9090692732681873,0.020128322346103632
0.4765526674527165,0.6224550764269572,0.5965673847299622,0.6126565973514568,0.9077433064172737,0.019834758798875574
0.4750878270765151,0.6216732869475629,0.6005970922413952,0.6173584640132104,0.9139821504461452,0.019546569151698424
0.47074293398778355,0.6223994539810349,0.6005588230567919,0.6041997735216136,0.90913727156817,0.019233683704204883
0.46784325809322036,0.6247024127626033,0.6021570097216123,0.6321417440042931,0.8964555886102517,0.018933106292785093
0.45076968516334404,0.6179960371644475,0.6038485785089556,0.6230050561536074,0.9052273693156394,0.01874382276113393
0.46276313616319786,0.623262987537175,0.608769189981911,0.599117610280945,0.9076073098171946,0.018338139261720593
0.45913430555249146,0.6205056268066791,0.6068935793958532,0.6029839125056582,0.9011474713132657,0.018031456001365964
0.45623540875294877,0.621142468947889,0.6150296655901862,0.6143128749234057,0.8923926901827599,0.017730887448631605
0.45477097419451473,0.6221439054051536,0.6180508063376956,0.6142722919534098,0.8978155546110429,0.01744270333813286
0.45042639399534945,0.616554895527959,0.6117941598612517,0.5885871634636368,0.8911177220569471,0.017129811246625236
0.44752705915041346,0.6196009530229378,0.6122507561650018,0.5909092479415758,0.896149596260102,0.01688653734926577
0.4304538375955196,0.6177499646079616,0.6199861779407743,0.6077730206400935,0.886323841903959,0.01673960054865666
0.4424476568663933,0.6194666796160346,0.6197901175375256,0.6086454353669148,0.8812069698257119,0.016423899146531036
0.4388191422741494,0.6175646458512969,0.6200477760557259,0.5868251001460234,0.8898087547810292,0.016183410198404625
0.43592063032877215,0.6207321930666362,0.6262752724360896,0.5937622466160377,0.8802889927751494,0.015949035957898483
0.43445647830961676,0.6150381066498449,0.6227101957651395,0.593224621537001,0.8767360815978691,0.015726942070074117
0.43011226732013963,0.6156360613529703,0.6227641577501384,0.5900427102006249,0.8792690182744991,0.015480291906228925
0.4272133173293704,0.6184428761771407,0.6330794183632855,0.6057665064777686,0.8767360815978691,0.015245914343715743
0.41014049345711445,0.6136976790081747,0.6249855411539373,0.5938371384765193,0.875138121546911,0.01509897865044231
0.4221345815001256,0.618162064175966,0.6377898702597173,0.5931975000413969,0.8742881427964448,0.014783279462988047
0.41850643611756944,0.6218398682168196,0.6376561162501404,0.5981422291733025,0.8656523586909088,0.014542787192854602
0.41560823393286306,0.6135646929095667,0.6340874760518791,0.5874594175263712,0.8754271143220649,0.014308412952348463
0.41414451463997803,0.6174287633090245,0.6365432997120801,0.594297171458323,0.8625074373139796,0.014086315742517053
0.4098006572157109,0.6155663679122101,0.6421707733478436,0.5922381218074415,0.8651083722905923,0.013838846150269285
0.40690201698561124,0.6236948973495002,0.6484103990012915,0.5906165502196186,0.8597705057372877,0.013595833584130097
0.38982955856836954,0.6174260992960248,0.6430185387085608,0.5840931356129977,0.8691882702931935,0.013454522048771067
0.401824041478013,0.6145331778503302,0.6448474471665022,0.5607373981241375,0.8549086272842032,0.013091895082570113
0.3981962308872924,0.6153282873947237,0.639836596557845,0.5784085416112641,0.8509987250319,0.012830727747971261
0.3952983791389002,0.6201651337625957,0.6489976063277975,0.5710377688864983,0.8641223969400471,0.012575672906321323
0.3938349865027222,0.6121605256280017,0.6428797603468122,0.5765615796734438,0.8547386315341328,0.012333097737775394
0.38949147419564634,0.6145011024186413,0.6480366491741004,0.564670054696075,0.8346791330216092,0.012065624126483782
0.3865932156908176,0.6108917223895345,0.6437330591350314,0.5599692601871493,0.8522226944326121,0.011810574821512234
0.36952108486895163,0.6099554201561512,0.6481221516958604,0.5587352519918514,0.8462898427537766,0.011803361636898255
0.38151586909124724,0.6111530280941805,0.6508969663846935,0.5628925444358703,0.8410199745005684,0.011306631890609535
0.3778884214524232,0.6070015303592531,0.6455970716570449,0.5543523309416516,0.8370590735231644,0.011045465663346365
0.3749909608159889,0.6098201812680266,0.6513386667016083,0.571922017003788,0.8346791330216092,0.010790417465710495
0.3735278904560637,0.618055289104591,0.6585961110097632,0.5441621536643582,0.8368210794729976,0.010547836760486175
0.3691846691362848,0.6156674931305117,0.6570110053675574,0.5466113875257879,0.8324691882702382,0.01028036757853728
0.3662867986145182,0.6141665810547052,0.6598989011808201,0.5575052147329524,0.8215894602633398,0.010025311629551656
0.34921504013123617,0.6118503200874197,0.655578400987305,0.5477321843243554,0.8199405014873946,0.010039987149307431
0.3612101738511768,0.6112576934102938,0.6603305527933914,0.5494928975235931,0.8116957076073277,0.009521370913320316
0.35758311419541533,0.6107534082649269,0.6634452305993936,0.5544601418648798,0.8151296217594108,0.009260202471385787
0.35468596644854733,0.6141130862433265,0.6648911594730706,0.5392162332515333,0.8174075648107646,0.009005153166414235
0.35322325153116907,0.6120781557763901,0.6650796722812067,0.5618645087115794,0.8137186570335189,0.0087625680318472
0.34888041318821905,0.6116330152954754,0.6656172779635854,0.5422821535356999,0.8054058648532418,0.008495099957233986
0.34598285555601915,0.6123234774030373,0.6680435531209261,0.5391206131030497,0.8053038674032678,0.008240045115584044
0.32891145095083596,0.6077566797086492,0.6657234755042025,0.5348633324805085,0.7916702082447955,0.008254722850011175
0.3409069200883921,0.6080543339933531,0.6685445939143718,0.5434674780507485,0.8030599235019054,0.0077361021846813404
0.33728016393550986,0.6138134115997707,0.6757796389079989,0.5381094141490899,0.7964300892476786,0.007485628390736039
0.3343833822694333,0.6064608072374189,0.6702566363834721,0.5347775602542939,0.7923501912451911,0.0073373871486968915
0.3329210209172655,0.6090070494075004,0.6732348820009866,0.5406801983736871,0.7898512537186662,0.00720144619138174
0.32857849546388174,0.6073487460133224,0.6747054678276121,0.5317635798182243,0.7934041648958328,0.007040841546484882
0.32568129765468257,0.6052016945697296,0.6755524585084791,0.5309564869951635,0.7809604759880813,0.006892594767767337
0.30861026570097305,0.6046860024425245,0.6734767149165313,0.5299255921966655,0.7845813854652306,0.0069398182051403625
0.3206060411574141,0.6009926613057189,0.6728355456050265,0.5248646337563665,0.7839864003399271,0.006602160551168557
0.31697963231195025,0.6055599774992813,0.67820735275649,0.5178931783958665,0.7673608159794867,0.006447805708844818
0.31408320421108415,0.602469168161762,0.6776209422435445,0.5153788608868601,0.7682787930300492,0.00629956446680567
0.3126212611922661,0.604332511160516,0.6795894258767947,0.5129510303726204,0.7807394815129101,0.006163617972812123
0.3082790120203689,0.6052700113057852,0.6815859971880449,0.5195977028450607,0.7731406714831337,0.0060030155425866245
0.30538210832736246,0.6068095068718842,0.6848599049038429,0.5076563823252509,0.7601189970250743,0.0058547676565334
0.2883114518411318,0.6017106038695271,0.6830633337962229,0.5110260395345636,0.7557161070972143,0.0059019866645637084
0.3003076277962178,0.6076795306073459,0.6904463647749619,0.49722775031720823,0.7526731831703728,0.005564332332598939
0.2966815787737547,0.6065582135650898,0.689639900917119,0.49727166887377927,0.7471993200169891,0.005409975275603847
0.2937854354023943,0.5949520207682877,0.6808408879743436,0.515636495240416,0.750021249468773,0.00526173071155766
0.29232381465982993,0.6045290402269181,0.6929589171339129,0.5083207596941379,0.7482532936676307,0.005125786100034766
0.2879819816310554,0.6042671981438159,0.6916995533018913,0.4934100126446528,0.749987250318668,0.004965179904867959
0.28508542211657106,0.598351891372349,0.6902236775185737,0.5026171051976898,0.7325116872077615,0.004816934676420365
0.26801505943364434,0.6012547000609219,0.6950208050233959,0.4973217026724046,0.7425924351890671,0.004864155123987056
0.28001157988014214,0.6003241549563032,0.6943198746948702,0.4925066643232847,0.7196430089246633,0.004526497470015249
0.27638582810276713,0.6045561094596814,0.7019700816871127,0.49021309116868905,0.7250318742030686,0.00437213709101312
0.27349007897225963,0.6035684221701808,0.6993740188403024,0.48291153186535496,0.7145771355716306,0.00422389584897397
0.2720288305682783,0.5980054266481185,0.698420587148008,0.4819658533619755,0.7151721206969341,0.004087950462316101
0.26768726349563554,0.5981004907898635,0.6986947131464543,0.4763258529760006,0.7061623459412658,0.003927343159813614
0.26479108257752637,0.6028688058702975,0.7019113830881722,0.4832566459477765,0.709307267318195,0.0037790957166946625
0.2477210784660424,0.5959946868495629,0.6982648986318135,0.4480412701008305,0.7023034424138359,0.003826315832060649
0.259717947471517,0.59704908173975,0.7080426863648421,0.4907417022221001,0.7005864853377943,0.003488657070753164
0.2560925461304562,0.6038202518554314,0.711418564082646,0.479492952719609,0.6958266043347976,0.0033342948092803778
0.25319711301841075,0.5938824821263501,0.7041051878893014,0.482904265051745,0.6975945601359399,0.0031933439331520473
0.25173619314847384,0.5970636712337624,0.7100357162824911,0.4837820802520687,0.6838249043772748,0.003065690276059653
0.24739502657447554,0.5971379596499652,0.7133389068966294,0.4618556813199648,0.6717552061197694,0.0029133541066790067
0.24449912412808095,0.5927140710556276,0.7111181653704206,0.46326182960815165,0.6752571185719489,0.002773382447491749
0.22742949391962775,0.5970858415432909,0.7104417813262934,0.46510267630391766,0.6623884402889644,0.0028371697441542014
0.23942665860574275,0.5929970106913457,0.7113833493500237,0.4502462516643684,0.6754611134721245,0.0024995051139676183
0.23580161395878774,0.6018254782555927,0.7163944655632009,0.45980044376802653,0.6698342541435522,0.0023534220691671303
0.23290651563857745,0.5960349688716339,0.7164550233937821,0.4550189995408407,0.6759031024223532,0.002337161952054494
0.2314459430760598,0.5928648649189859,0.7152019898028227,0.429254412613727,0.6518487037823206,0.0023994086125865453
0.22710508313383615,0.5972281069891936,0.7227889829192831,0.448585645771745,0.6511347216319336,0.002437598848423337
0.22420961247504323,0.5908107499825945,0.7165835317140872,0.4452651884644141,0.6426349341265905,0.0024880286869889074
0.20714023445558016,0.5903387548202992,0.7210046738870075,0.4495858849412444,0.6557586060348513,0.002587179966634258
0.21913780714968922,0.5907380707017608,0.7233392490837861,0.4438579680233994,0.6645643858903441,0.0025945698820226326
0.21551306600561304,0.5936730799769958,0.7257586627910244,0.4364313242235023,0.6498937526561122,0.0026388865632378878
0.2126183056061346,0.5962878534345153,0.7298435275077968,0.43218329588277027,0.6304632384189972,0.002689315737402051
0.2111580331047107,0.5904440459112783,0.7283543272310546,0.44480102570875557,0.6439439014023947,0.0027515561968543
0.20681761777856122,0.5894636176102201,0.7325740305091943,0.41530804717806014,0.6268763280918392,0.002789737131071386
0.20392235456554975,0.5948762483716892,0.7361200943232478,0.41502468115664004,0.6073098172544178,0.0028401596612214744
0.18685338048651712,0.584416296336081,0.7287327030036373,0.4284829787995281,0.6302082447938346,0.0029393037431849093
0.19885122508165898,0.5921964658452614,0.7381847489264818,0.41146910470513465,0.6177985550360745,0.002946685464289258
0.19522685314727095,0.5871371118144185,0.7357663976373238,0.4110805882878741,0.6045728856778396,0.0029908919656044383
0.1923324472516712,0.5891503010745913,0.7382602248776082,0.4259875629477803,0.6043858903526598,0.003040578449728596
0.1908725045358497,0.6492520256064215,0.7267566939089845,0.4214222567887824,0.6662813429663856,0.003104423217112796
0.1865323842645612,0.644504271700147,0.6807821672416929,0.40843205312858766,0.6709732256693997,0.00314423315284748
0.18363751497951375,0.6488224401007405,0.6499827113591129,0.4149049574242156,0.696642583935386,0.0031994586407723133
0.166568833765115,0.6382553017702741,0.5979206840272568,0.39685018177159925,0.7010624734381281,0.003311687776255558
0.17856711296386507,0.5911855533686016,0.50134035107694,0.710078280260511,0.8779600509986949,0.003316538903132345
0.3727117026910802,0.6390191762092268,0.5523255955506284,0.6734106138444236,0.9156991075223004,0.09810328209883674
0.48514504672777115,0.6449665762916647,0.5609326649602167,0.6561965251368018,0.9187420314491419,0.02158967767122041
0.48368543066865666,0.6408007930105166,0.5552525352283448,0.6578333451203964,0.9199490012748583,0.021315314217333126
0.4793456042006712,0.5925087096239776,0.5099226085976094,0.8172992811771222,0.9112452188694533,0.02101631254458476
0.4748785108403073,0.637478625765497,0.5495848003740773,0.6747715728763921,0.9221929451763344,0.10389887772308481
0.470763670118004,0.6366268210182687,0.5482124992867412,0.6437906050583297,0.9277518062048102,0.02168241039033513
0.4827621767874679,0.6389592984942176,0.5505881103818742,0.645583760807946,0.9200509987249461,0.021302798002151697
0.4791383827601088,0.5934690058536412,0.5085028085685965,0.8037154225253036,0.9122481937951079,0.02100996308180052
0.47467171618111337,0.6372916978734633,0.551739572377608,0.6537774703920034,0.9188950276242167,0.10389774824069209
0.48616608485618373,0.6426134303658648,0.5547292943237614,0.6509722817917836,0.9179260518486672,0.02158935765120913
0.4818265390501386,0.6442197408083417,0.5540461816317918,0.6653491761518109,0.9189970250744182,0.02129035708579645
0.4789322667583842,0.5889563466247796,0.5031112028135309,0.8017934893082739,0.9137271568210963,0.021003640195072577
0.4602909590926876,0.6343940920559168,0.5492755703115589,0.6736207955080133,0.9171780705481751,0.10370818344577844
0.48524361538913796,0.6387172666554362,0.5468325399357423,0.6451841257687683,0.9183170420739089,0.021576854724055856
0.48162019463903105,0.6340419953578948,0.5462134047325502,0.6594746522621215,0.9126561835953453,0.02128403087706147
0.4787266357354869,0.6010138661340262,0.5090890973461372,0.8179843471246471,0.9114492137696288,0.02099731730834463
0.4756941072440104,0.6444617547678413,0.5569310451267835,0.671116325921276,0.9131661708456704,0.10392883115320581
0.4843088671968454,0.6347677332886017,0.5459168329387851,0.6624302996424927,0.9155971100723264,0.021564430417735796
0.48141489527907444,0.6434725834979449,0.5522093714393776,0.6668211228561263,0.9205269868251662,0.021277719063690314
0.4643469878405724,0.5916285662149728,0.5073467316943261,0.8098780775600916,0.9176370590733995,0.02109007881818701
0.47477240466929116,0.6391012421130465,0.5539538397936394,0.6470998643250161,0.9156991075223004,0.10391092553527397
0.4841033090772173,0.6429654197881955,0.5554179625769429,0.6703308747015893,0.9198130046748929,0.02155811638969328
0.4812100474187613,0.6435298150792361,0.5596431992825844,0.6514267157532647,0.9187930301742426,0.021271409464990516
0.4797512073257706,0.588151010131152,0.5013997136871808,0.8280079039106456,0.9112452188694533,0.02099705265511731
0.4738382785014563,0.646545710225687,0.5537647957764631,0.6826117897022264,0.92239694007651,0.1038928759637038
0.483898823230132,0.6393134155510919,0.5519267770834826,0.6738831552758835,0.9139821504461452,0.0215518112203362
0.4668312418225593,0.6434854744601789,0.5576698240994225,0.6558404512699194,0.9146961325966458,0.02136418426286105
0.47883057233025106,0.5897375997257175,0.5022383820930849,0.8246674330838646,0.9105822354440534,0.020984580733363043
0.4736334303282539,0.6434446739389335,0.5562524034442354,0.6556927324358832,0.9154951126221249,0.10389179077473826
0.48369480045960556,0.6437607438839714,0.5571163928143884,0.6488426686010951,0.9143391415213955,0.021545517124335913
0.4822362491636851,0.6450819870561866,0.5552926415108789,0.6595543886650097,0.9098682532935527,0.02127117360249086
0.4778975356438857,0.5966634077503612,0.5058592578469645,0.8270850582915596,0.9118062048448792,0.020972180788427927
0.47342960937149714,0.6446301418445677,0.5575597974269739,0.663750953670013,0.9076413089672997,0.1038907055857727
0.46931680837627576,0.6393230167254603,0.5486037900791134,0.6624993939358323,0.9162770930726083,0.0216383052102346
0.4813164664793437,0.639503204128226,0.5530783630279924,0.6578839745594813,0.9149171270717034,0.021258720505443137
0.4776937716330303,0.5933022279122838,0.5049349762507505,0.8236067165530112,0.9177730556734787,0.020965899980455786
0.47322633409414383,0.6336580199002844,0.5460210517257277,0.6702292981485072,0.9162090947725119,0.10388962593348551
0.4847226918081864,0.6475678151328025,0.5573228560613408,0.6658199703712553,0.9120611984699281,0.02154531891124934
0.48038425582143285,0.6466018690500654,0.5609560160242748,0.6569811424598451,0.9184360390989923,0.021246330526529134
0.47749106299868105,0.5970580213806889,0.510854150050706,0.8203484838190498,0.9120611984699281,0.02095962360182637
0.4588490553990252,0.649077792004521,0.5580546629153273,0.6618617409689094,0.9124011899701827,0.1036173154799474
0.48086212485940827,0.6515967503904567,0.566158301090789,0.6649103876797411,0.9158011049722745,0.021508549830023174
0.4630781389855132,0.6548951739491425,0.5712795767786748,0.6582630401481129,0.9096472588184952,0.02131475169080812
0.4579856851390187,0.6059767793184196,0.516934147387578,0.8077950037439974,0.9162770930726083,0.021009785908091858
0.4535061046689588,0.6538405645075729,0.5645346606594597,0.6632030438657035,0.909817254568452,0.10348575292790758
0.46355660626833917,0.6550688711725866,0.5705031704990225,0.6813209971164254,0.909426264343324,0.021576974316309203
0.4606522980437484,0.6466692203048997,0.5558000346790968,0.6527420090166465,0.9024734381639519,0.021290351549118056
0.45774802423701066,0.6077514589583409,0.5170578969602315,0.8171125677476498,0.9082022949426118,0.021003718815905795
0.4532683242431359,0.6523831169660117,0.5603488662250519,0.6540814852826973,0.9077773055673788,0.10347286354060228
0.46331915656678824,0.653056951341427,0.5682583032289055,0.6514612628999343,0.9145771355715624,0.02157091165346586
0.46041506016843403,0.6538398135777341,0.5685434075475153,0.6534482400551771,0.9097152571184779,0.02128428334959631
0.45751097816299957,0.5973932936744639,0.4366344197694402,0.8123013017881087,0.8887377815552782,0.020997655045726767
0.453031165528881,0.6335168272112944,0.4834165833812048,0.6620342781554382,0.9198130046748929,0.10345998522665377
0.46308226693756005,0.596013871319018,0.42672985014548703,0.6800651487709337,0.8966085847853265,0.02156484899062251
0.46017832166486583,0.556659497909,0.3874332342171043,0.6545353633130826,0.8934636634083972,0.021278228438102724
0.45727432413961466,0.48108983448755427,0.31962951755108027,0.4287141667166674,0.7679728006800133,0.020991603456240213
0.4711842982000718,0.5527971081620389,0.3832589249648195,0.6511039977521325,0.9113472163196548,0.8986742009880769
0.4627853350521396,0.4919931033173256,0.3424212583306304,0.2761063157862551,0.7696897577559412,0.021558681130889646
0.47827134074104327,0.4963011520443761,0.3458334198392499,0.275099365734242,0.7752146196344256,0.5624942200399555
0.4737657497613461,0.47945026858078443,0.3188799063407634,0.45098786374621236,0.7631109222268151,0.5619951438493627
0.4676840091938357,0.5625392070302481,0.386388633773288,0.6559296782108011,0.9068423289417069,0.8991488493535875
0.46236795507665773,0.49944418676426083,0.3453483263838648,0.2807115298560612,0.775571610709676,0.021552265227964655
0.47785415882465676,0.5005670950626042,0.34669873723200334,0.2855039735770717,0.7580110497237911,0.5624356419825284
0.47334877122317787,0.475403212670947,0.3170516596807513,0.4701018469738507,0.761920951976208,0.5619365879386492
0.46726696901642306,0.5624113165269753,0.3894911668126089,0.6479244689775956,0.9154271143220285,0.8990704499875039
0.4619512196536828,0.49906341169810664,0.34731681223048605,0.2784213717067685,0.7697917552061426,0.021545851539711017
0.4774376652653163,0.48967618796832324,0.34120620839941534,0.27568833502091517,0.7722906927325539,0.5623770639251015
0.472932493557638,0.47668502308698035,0.31803451592712995,0.43591688941303475,0.7735996600084718,0.5618781649082172
0.46685057370440575,0.5125999948007048,0.34056688946606717,0.675198845632905,0.9255758606034306,0.8989921613549878
0.4615350953040296,0.41701681750284436,0.27790384602870555,0.2778973272302159,0.80266893327655,0.021539457783499603
0.47702174116498597,0.36759233549514114,0.23195624546231275,0.2780708174414803,0.7743986400339509,0.5623187073348103
0.4725167728355255,0.2687429316494006,0.18359754195411532,0.43910801332185656,0.7458223544410885,0.5618197418777853
0.4664348410924899,0.29265548064891356,0.20911067771339473,0.8110849642597855,0.9109392265193037,0.8989139834560399
0.4694155388015475,0.29021697295247273,0.20856027653326073,0.8495469379970446,0.9099872503186361,0.10202593015537076
0.4592140079116862,0.2827209220388575,0.2077497157256955,0.47959155107039186,0.796498087547775,0.10234259493953725
0.45640887191243573,0.30009760804172914,0.23983467313844542,0.42409271151699013,0.796549086272762,0.8909132617070464
0.48601366790047695,0.3130195042582907,0.2942942172982292,0.81388840564799,0.9171270718230744,0.8947340791745259
0.4703228015227885,0.31016814874589893,0.29467627833352816,0.8439703931747227,0.9068423289417069,0.10204029229912934
0.45981369205423706,0.3003729818447693,0.2433460467888037,0.8669676742348611,0.8936676583084591,0.10234888460619482
0.4283846244266192,0.2839309042278745,0.21402549458107017,0.8609919311763656,0.8939226519336216,0.1022247633499189
0.42883521324909735,0.2709774664192222,0.19038176532893325,0.8645263425368657,0.8992775180620356,0.10222701124134759
0.4285495075284218,0.25554203742784504,0.16840797358934892,0.8793959109758944,0.8926476838078088,0.10222870546493668
0.4285963273844371,0.2306162284019616,0.14504630527069592,0.5000243219854428,0.7688227794304794,0.10222799677010201
0.42667774676204706,0.23216957325980325,0.14310855650716242,0.4707933061289775,0.7708117297066792,0.887877777776577
0.45359412738749727,0.23041843705825882,0.14212781181671852,0.43460020632191365,0.7673608159794867,0.8910527860026193
0.48493558812681137,0.23259030852095466,0.14388165158379754,0.4338956033673065,0.7627709307266741,0.8950815611106431
0.48343452233530604,0.22891602669863104,0.14233150834991995,0.4229350247192778,0.7669018274542623,0.8953665228743155
0.48193338145030484,0.22991500475463744,0.14179482785661976,0.44194755052192614,0.756107097322456,0.8956513960511336
0.46600618676726935,0.230353002462442,0.14099772434473926,0.41755051438120283,0.7476073098172265,0.9000753571163324
0.4794037631745649,0.228647265333442,0.14009824357058884,0.4217211491715218,0.7549511262218402,0.8962482942756226
0.4774238136442208,0.22790447771953623,0.14050405186335513,0.41352982214930356,0.7565660858477941,0.8964640032659208
0.4759227134348638,0.22553054891648155,0.14037318408956326,0.4216002341581775,0.7629409264767446,0.8967098317866921
0.4753603610851229,0.22365856307286786,0.13787922847376072,0.42208738863558515,0.7564130896727193,0.8970183355069032
0.47291458062997327,0.22606296889981164,0.13845416929818033,0.439904464035368,0.7477093072673142,0.8972008244268271
0.47141307992197135,0.22318411844895514,0.1367852875635951,0.4215498032659126,0.7445133871652843,0.8974464314804627
0.45548580607787637,0.22137692354701066,0.13496467924690672,0.43456232358866864,0.7507862303442607,0.9018350242440692
0.4688834053261095,0.22277106055144213,0.13718976783376097,0.412301174718144,0.7521121971949469,0.8979674329175027
0.4669033832053864,0.22353899358738102,0.13853253148509181,0.43598526893782275,0.7497832554184924,0.8981831419078009
0.46540217661357675,0.22272544692751517,0.13846103074828273,0.4469036365319319,0.7314407139821242,0.8984288596950044
0.46483976856949294,0.21848315462335524,0.13362510284981696,0.45133154829153055,0.7414704632383291,0.8987373080484315
0.4623939530707126,0.219077808811046,0.1346820981712376,0.43023995931855086,0.7471993200169891,0.8989197416015715
0.46089238978479763,0.2197666689349516,0.13597233852872007,0.44749451186807665,0.7390905227368876,0.8991653486552069
0.44496505586590507,0.2191929031122788,0.1354631082625715,0.44032788498357434,0.7465873353165762,0.9035579278272585
0.4583626369665432,0.21862723302844034,0.13396520943779622,0.4446979004904783,0.7248108797280111,0.8996863057988198
0.45638255289368646,0.21786633370199224,0.1340857938899185,0.4501591293197784,0.7296217594558811,0.8999019483489775
0.45488129311064984,0.21726741709350178,0.13369975985367313,0.4384162762011816,0.7405524861877666,0.9001477768697488
0.4543188318753404,0.21654424305181608,0.13410108828353387,0.4596383104348625,0.7249638759030859,0.900456114489608
0.4518729663142289,0.2165589469732325,0.13420636727518578,0.4422405659187951,0.7305227369315617,0.9006385923361752
0.45037138112604413,0.2122126473105323,0.13045989378386705,0.45821913747528753,0.728771780705415,0.9008842658299512
0.4344440030897232,0.2160874864014652,0.13254066172798668,0.4618231593508584,0.7383765405865006,0.9052806099433119
0.44784140615619883,0.21281816852574845,0.1300028990733368,0.4354907285187133,0.7238419039523478,0.9014050457998554
0.4458613471145072,0.2136619776581209,0.13078733988972188,0.4537450437253705,0.7267318317042282,0.9016207547901537
0.44436003414024405,0.21202572299435493,0.1316828697966359,0.453103578659505,0.7043943901402372,0.9018664725773572
0.4437974727802736,0.2087968999041635,0.12815592950802915,0.46032154975164374,0.7228729281766846,0.9021749762975684
0.4413516103480575,0.211091966770711,0.12993034477193136,0.4586130940754145,0.7123841903952552,0.9023573544839242
0.439849956324168,0.20966607616166433,0.12981134509344563,0.4657058615428986,0.7124861878452293,0.9026029615375597
0.42392250131701426,0.2099947349090726,0.12775961215011417,0.4630870686972395,0.7056523586909407,0.9070031813257974
0.4373199281630966,0.20797077874535289,0.12794800543621623,0.47400833507492,0.7067743306416787,0.9031237415074639
0.43533976273895236,0.20983658550914958,0.13073087679549208,0.4435302466424047,0.7116872078197503,0.903339516937903
0.4338384247335241,0.20680384986709796,0.1287506512290827,0.4591409903602739,0.7085932851678081,0.9035851129181817
0.4332758111209958,0.20693940343058365,0.1279765025878512,0.4560123689903699,0.7149171270717716,0.9038935612716089
0.4308299070744681,0.20224462583651354,0.12357198061777575,0.4548045689753042,0.6953166170844725,0.9040760501915328
0.4293281310236474,0.205799116470255,0.12638414815561785,0.47170463603250723,0.679643008924586,0.9043215465116003
0.41340061656747595,0.20557575060175406,0.12629997365645834,0.4552800488996991,0.6893837654057506,0.9087256419747151
0.426798021511289,0.20550627171237645,0.12561843245789933,0.46821775678070154,0.7004844878877066,0.9048423264815045
0.42481782479818797,0.20397103856707713,0.12550022737960287,0.4699571063421135,0.6858988525286804,0.9050579247382349
0.42331640544147264,0.20335016798836877,0.12667015995633812,0.470437510227643,0.7065703357415032,0.9053036425254384
0.4227537229932392,0.20424321487510483,0.12737306018505462,0.4638259011236041,0.6863578410539048,0.9056120355120816
0.42030779391554596,0.20278045003511314,0.12535061456680544,0.46740550174032247,0.6802719932001082,0.9057944136984375
0.41880601160693454,0.2001430861049409,0.12333635842125912,0.4757193718598085,0.6836719082022,0.9060401314856409
0.4028784373888561,0.20133346187345053,0.12456750177302081,0.4921862097559,0.6820229494261412,0.9104478811564968
0.4162758464002332,0.19946573487478014,0.12297250236244153,0.47446276903640117,0.6736931576709821,0.9065606899884092
0.41429555269136653,0.19904713082402858,0.12288489713823078,0.4727887016693857,0.6721631959200067,0.9067764543454916
0.4127941051745907,0.19853794675542707,0.12299018719673774,0.4974169654366123,0.6736931576709821,0.907022006032343
0.41223128880962356,0.198725933100948,0.12287250226062646,0.46371487374189324,0.6797110072246824,0.9073305097525542
0.4097853997817946,0.1968631103892967,0.12201734424076657,0.4949682080875506,0.6844028899276964,0.9075127772053423
0.40828355802416505,0.19592573003521613,0.11968619976903913,0.4951886744764131,0.6700892477688285,0.9077583178188369
0.39235589431967055,0.19691191904089528,0.12143370044157192,0.4729359439910539,0.6688652783680027,0.9121702310718465
0.40575322010242276,0.19668919325068554,0.12188542732912033,0.4646896592090761,0.6589885252868726,0.9082790534953139
0.40377291700686957,0.1947183063714359,0.12108752921705054,0.4665639808986841,0.6695792605185034,0.9084946517520444
0.4022714006543895,0.19398149043767735,0.12031786486546664,0.47731159822764413,0.6583425414363546,0.9087403695392479
0.40170856238715213,0.19437622207126548,0.12099492177437807,0.4678581884897881,0.6734891627709203,0.9090485410587552
0.39926255133239286,0.19307352329021416,0.12083554578209621,0.4786305844618768,0.6514237144070876,0.9092310299786791
0.39776066264132837,0.19167107778349401,0.11872972469161874,0.5036123012779627,0.653293667658204,0.9094765262987466
0.3818329710896622,0.1909847726089688,0.11713472528103946,0.472865261323155,0.6573735656608051,0.9138922044930653
0.39523027465725535,0.1908398431500663,0.11869964497971822,0.49706891286125554,0.6416659583509272,0.9099971955350828
0.39324990272599747,0.18999815807638096,0.1187811745005318,0.4943924620190854,0.6386230344240857,0.9102127937918133
0.3917483519556648,0.1892598510105138,0.11808882319800501,0.48496113068760716,0.6575775605609806,0.9104585115790167
0.39118537163656475,0.18613460617609756,0.11464947485338298,0.49014042303259076,0.6438929026774076,0.9107668381255192
0.3887393993801114,0.18665935237164566,0.11664659950738326,0.47739212881781223,0.6464258393540376,0.9109491720184479
0.3872374512400296,0.18686311539549563,0.11535608247852575,0.49169687126347283,0.6258563535910753,0.9111947790720835
0.371309676459739,0.1870125146748676,0.11578458003742101,0.48222134340987566,0.6422439439013488,0.9156142222077113
0.3847069537446086,0.18512987993096738,0.11362097668359733,0.48514609690506405,0.6523586910326458,0.9117153375748518
0.38272655678218515,0.18486793057217388,0.11531649633817687,0.4904478529285876,0.6399999999999864,0.9119309358315822
0.381224943433939,0.18421040210183118,0.11388799776113093,0.479648097204711,0.6180535486612371,0.9121765428852177
0.3806619725015259,0.18364067878479098,0.11479830191947515,0.4807011895376785,0.6322991925201222,0.9124848251382931
0.3782158688314552,0.18293668921256034,0.11400593723490729,0.477827422865851,0.6167445813854329,0.912667092591081
0.37671392694916417,0.18273975071060314,0.11470436645420223,0.5102336391761784,0.6207394815128282,0.9129125889111486
0.3607860232583726,0.18256625909890065,0.11270988677854782,0.4935860839645765,0.6142626434337899,0.9173361734822164
0.3741832698800649,0.18024944387387684,0.1130922134183669,0.4893212982722417,0.6276243093922176,0.9134332138540577
0.3722028197264158,0.17973152577607795,0.11237795859641644,0.485959503516999,0.6132426689332533,0.9136488121107882
0.37070116257363006,0.1774447745635319,0.11135051177785615,0.5015252565254695,0.6177645558860831,0.9138943527242829
0.3701381177992795,0.1779320028739873,0.1110030125307343,0.4797470529397696,0.6135486612834029,0.9142026792707852
0.36769201287764997,0.17818542381532504,0.1120085691100969,0.4904017900663611,0.6136506587334907,0.914385079603855
0.36618997712848955,0.1779100471158412,0.11114918355162556,0.4953789617486446,0.5994560135995926,0.9146303987502138
0.3502620715603606,0.17922787534521767,0.11336503352792257,0.4953635942247814,0.6096557586059816,0.9190579254362993
0.36365929502822425,0.17465757331158166,0.10685522167640985,0.49176580671935666,0.6111347216318563,0.9151510015464092
0.3616787666521839,0.1755774730917702,0.11173257059978414,0.5181508127494219,0.6063068423288769,0.9153666662432806
0.3601770500503805,0.17685481189940588,0.11154101661989296,0.4855579227189861,0.587675308117241,0.915612162563348
0.35961388012020334,0.17465245983696456,0.11035155104407585,0.4936190427366871,0.6011899702506298,0.9159204448164234
0.35716780335863474,0.17316987402508305,0.10858953065777799,0.5061876123700546,0.6078708032299573,0.9161027122692114
0.35566569877376963,0.17264960480171718,0.11056765352173664,0.5122353087960967,0.5808754781129437,0.9163482085892789
0.3397376818169553,0.17195284918693432,0.10788399651757061,0.49297626726180943,0.5887292817678826,0.9207795445101007
0.3531348790020963,0.17030018491826077,0.10570112576918517,0.5078695421911397,0.5929791755205542,0.9168687670920473
0.35115434123936806,0.17198887593991835,0.1098349281187847,0.49246977432413974,0.5805694857627941,0.9170843653487778
0.3496525589307562,0.17062415035417608,0.10737897165632351,0.4843032259450504,0.6047258818529144,0.9173299059622724
0.34908938774902065,0.16955441504013777,0.10780748028207376,0.5042434816185555,0.5663238419039089,0.9176381439219206
0.34664324966109694,0.16874662908489296,0.10755918432320669,0.5010361562892267,0.5963450913726547,0.9178204113747086
0.34514111691617133,0.16583516682389113,0.10593543322332732,0.507309044518446,0.5416574585634635,0.9180659076947761
0.3292130345654374,0.1672090466019549,0.10722620478984993,0.5024077574307437,0.5912452188694033,0.9225009421167664
0.3426101657308793,0.1652061915667075,0.10421245670148313,0.5055903438263079,0.5598980025498577,0.9185863554639766
0.340629593550299,0.16291134282739891,0.10300637756293421,0.5230603593848335,0.5844113897152283,0.9188019537207072
0.33912774866377404,0.16246225817690185,0.10353910497562702,0.5105509169944444,0.5433744156396187,0.9190473393072067
0.33856448799562244,0.16694625691691312,0.10641353021297895,0.5137747217098281,0.5661368465788428,0.91935573229385
0.3361183236249752,0.1620400389353546,0.10364991960815184,0.5271226273208285,0.5637399065022919,0.9195379554532108
0.3346161220443449,0.16141703535831817,0.10312378804104139,0.5130928325114223,0.5398385040373341,0.9197834960667054
0.31868796710323144,0.16252002613664945,0.10310216340636377,0.5187522110670235,0.5315767105821578,0.9242223618701456
0.33208514582788773,0.16133561310864608,0.102398457510603,0.499922904269817,0.5422864428388721,0.9203038773957652
0.3301044109447333,0.16303475278263313,0.10427578124581532,0.5094638731552668,0.546570335741535,0.9205194313590684
0.3286025785737907,0.160602419517396,0.10208842842115332,0.5012331941533363,0.5419464513386174,0.920764927679136
0.32803925845662185,0.1594519056078332,0.10281455797852296,0.5081040656948541,0.5307607309816831,0.9210732099322113
0.325593003348001,0.15700124607867122,0.10160846998649004,0.5148953199615758,0.5403484912876593,0.9212609033298274
0.3240908080251619,0.15648759218960023,0.10013088990750188,0.5195137572495898,0.5347726306841878,0.9215190232766372
0.30816259269636204,0.15740983236778658,0.10109317508379934,0.517392244769155,0.5368975775605804,0.9259743883816965
0.3215596722350256,0.1535126048400861,0.0987960501243538,0.5159610001629276,0.5271568210795294,0.9220647182993221
0.31957895612524556,0.1578182041055194,0.10082482598366521,0.5241796869369335,0.5046323841903586,0.922292940182795
0.31807706117638945,0.15565379187922304,0.10028814991710705,0.5179351909029661,0.5233659158520823,0.9225509493960368
0.3175136834875403,0.1539550813080011,0.099988680820702,0.5045947109430313,0.5298767530811119,0.9228718552758545
0.3150674139859988,0.15140596057353733,0.09730051960654937,0.4999982726426666,0.5390565235868507,0.9230666356218169
0.3135651185384982,0.15127871372441212,0.09822955995041516,0.5431199416971235,0.49757756056101243,0.9233246448350588
0.2976368556504845,0.15027249277131696,0.09648389637581303,0.542366178549899,0.5007734806629287,0.9277838856149953
0.31103395458830185,0.15032193971327856,0.09709445476637713,0.5465420946856285,0.4951976200594572,0.923870229124176
0.3090531978028772,0.20185863002005092,0.13763120475952675,0.5209531819847988,0.4728091797704792,0.9240984510076488
0.3075512246316303,0.23460211571263834,0.1676285460582806,0.5224014619081772,0.5253378665532864,0.9244043414156572
0.30698776872038946,0.26333882572953105,0.20599983346596587,0.5207887852178874,0.5464683382914473,0.9247948544162661
0.3045414616721005,0.2891216584650229,0.24543366068942873,0.5192774468244958,0.5383085422864724,0.92517013047793
0.3030391630957041,0.31929726090474386,0.2989272366235698,0.6269609427034779,0.824717382065387,0.9256085246733055
0.3004880561903378,0.31515450435072656,0.29170343046387337,0.8262465950709483,0.9099872503186361,0.10097249957708192
0.4639271532464435,0.31505347746847534,0.29265013992710126,0.835811468993519,0.913387165320728,0.10240940050106034
0.4628511304087861,0.31489447612077087,0.2948886800548756,0.7962123381997293,0.9195580110496167,0.1023877410151762
0.4938756440300205,0.31087022434100453,0.2932258695969456,0.8033165419640418,0.9195580110496167,0.1025755229996464
0.4949248534834143,0.3168913621577633,0.30180535929717855,0.8377822050188906,0.9172630684231535,0.10261285128539055
0.463533307885462,0.31384242878029434,0.30033305257459975,0.8618662122432945,0.9040373990649186,0.10239671597085569
0.4331406199874652,0.3136175690977925,0.2972950326598384,0.8842782964063383,0.9038674033148482,0.10229012937505912
0.41893912890842033,0.3133667054301417,0.29672589861423937,0.873529408377731,0.9062813429663947,0.10387503124923432
0.4338526971910861,0.3128304515923986,0.2917598953288,0.8571098246247852,0.9098682532935527,0.10231237574885323
0.4336232074000983,0.3127880365719996,0.2904366657832365,0.858004000083072,0.9088652783680118,0.10229320776824714
0.4333605056332184,0.31105053868667165,0.2834210411104004,0.8283041357659979,0.919167020824375,0.10229517882575603
0.46348569422861674,0.3133622297095092,0.286652729659707,0.8025943080518243,0.90726731831694,0.10243252167004101
0.4945817757061035,0.3130819535504124,0.28424822477685563,0.8071855444255063,0.909426264343324,0.10259119179950639
0.4946921578259311,0.31124087079397494,0.28339887751988413,0.8133971611060917,0.901487462813293,0.10259367776810607
0.4803764911539581,0.3132253952742698,0.2852529818866128,0.8114508860489371,0.9144921376964703,0.10412859450972445
0.49538615001262576,0.31683893116365625,0.2899100118605698,0.8089880318756597,0.9113472163196548,0.10261542030416616
0.4950179259266614,0.3150038159751312,0.2890171291453727,0.7986307575947038,0.9128771780705165,0.10260110245383477
0.49512853551720326,0.3144907932247105,0.2877508916897082,0.8087323035715754,0.9082022949426118,0.10260360503246965
0.49617770492073277,0.3149407271410968,0.2872099902979095,0.8173208036524038,0.9108372290692159,0.10264093331821378
0.4953439443390435,0.31488467201655307,0.2861244931767748,0.8030301580309587,0.9209689757755086,0.10260852160288507
0.4954541221419846,0.31282405706723493,0.2884313722408836,0.8178463967941516,0.9042073948149891,0.10261101310816316
0.4811383519035646,0.31215437873089213,0.28573425285027954,0.8103590373767169,0.9121121971950288,0.10414808361767748
0.496147894367315,0.3165710172764283,0.2908466949745013,0.8071087465155529,0.9089162770929988,0.10263277225425846
0.4957795169654622,0.3150080783959309,0.28536696739443335,0.786402735466899,0.9214279643008467,0.10261844333057027
0.49589006397809055,0.3113195181790996,0.2864081366705242,0.8028234310820361,0.9068933276668076,0.10262094590920513
0.4969390381385317,0.31317360274931866,0.28419518997296894,0.7970615229486173,0.913421164470833,0.10265826312159249
0.4961051661681566,0.3142256506261736,0.28526802174256305,0.8061201024803384,0.9153421164470501,0.10262586247962056
0.49621517813962734,0.31413059006028504,0.28598042839972787,0.8117228157735283,0.9022184445387893,0.10262833183818507
0.4818993181019029,0.3164742528149767,0.28906910794995494,0.8003554941101683,0.9071313217169745,0.10416751735884658
0.4969086384140602,0.3150818241759287,0.28799310995314426,0.8139228336665676,0.9093072673182405,0.10265006883756678
0.4965401827898157,0.3152482847600327,0.28650787360252733,0.8021737064684609,0.9206969825754641,0.10263575098723536
0.4966505649096433,0.31581480410976037,0.2878287286436812,0.7969249624458619,0.9155461113472256,0.10263824249251345
0.4976994527125638,0.31614836535625956,0.2899300650018368,0.7927046115318297,0.9190480237992915,0.10267555970490082
0.4968653886279948,0.31431772535198854,0.2868870324657701,0.8104905150808821,0.9044113897152783,0.10264315906292888
0.4969753255059701,0.31187900471330054,0.2869039191584834,0.8015653193027974,0.9085082872927615,0.10264564503152859
0.48265931934881756,0.31453384653547256,0.2868192218610935,0.8033369128677679,0.9069953251167817,0.10418696217337245
0.49766852670784134,0.3142254378627192,0.2897559213982378,0.8144673284655743,0.9143391415213955,0.10266735434751831
0.49729995531445814,0.31333494771329173,0.28642106563455105,0.8149798572265701,0.9063323416913818,0.1026530475705437
0.49741018005083415,0.31424078365035507,0.2867556328189267,0.7951306551246902,0.9139821504461452,0.10265553907582178
0.49845895333617296,0.3160492551330256,0.2876479887518256,0.8074232049689758,0.9140671483212373,0.10269285628820914
0.4976247221685761,0.3134029390464171,0.28709917145997976,0.7857987163312741,0.91666808329785,0.10266045564623721
0.49773455579299375,0.31496971303287724,0.2873091991195918,0.8312945288398588,0.9031874203143389,0.10266295822487208
0.48341838411726146,0.3162813621824367,0.2902812552664396,0.8062222746738801,0.9172290692731622,0.10420637376782793
0.4984275332788255,0.313421694413107,0.28464427011147464,0.8027784403726375,0.9142371440713077,0.10268465093082664
0.4980587553783282,0.31553026606624224,0.2903480103144859,0.7998522970497095,0.9185380365489664,0.10267032200713842
0.49816888624783395,0.31093096848601354,0.2829115385996187,0.8084005715448179,0.9107862303441152,0.10267282458577331
0.49921751372663525,0.3165230614665753,0.2890749129580787,0.8047158602416229,0.9150871228218875,0.10271014179816067
0.49838314363607106,0.3127899550189451,0.28705035866127704,0.8073203577162462,0.9139821504461452,0.10267774115618873
0.498492842717976,0.3147229002741216,0.2873300439836658,0.8090590322184705,0.9126051848702446,0.10268022158811002
0.48417658155582677,0.31609976946811535,0.2895363948356388,0.795653230354775,0.9124011899701827,0.10422576321556985
0.4996584001565556,0.3159904305077191,0.2907678026852351,0.7968550342558784,0.9094772630684247,0.10271853540260861
0.4997464041017201,0.31536423190301105,0.2867065557437265,0.8090394157926604,0.913387165320728,0.10272249966433998
0.49939779130798456,0.31545694670711727,0.2889424581972792,0.8032734573041147,0.9166170845727493,0.10270691945133434
0.49902334384854763,0.3121130298520715,0.2872675102767922,0.8140279443530447,0.9065363365915573,0.10269239120722388
0.4991332588242532,0.3164152136382876,0.2894891643758645,0.814657020097346,0.9096472588184952,0.10269488271250198
0.4848164366511116,0.31565729657605673,0.28818493263627487,0.7943324969085266,0.9163620909475867,0.10424222929711882
0.500294468036532,0.31301865177413074,0.28538754820334694,0.7916865031485356,0.9124521886952834,0.10273279788615605
0.5003945880043674,0.3151039900156369,0.289147736848072,0.8242198688423534,0.9105822354440534,0.10273538905164527
0.5004796298240088,0.31740779538120223,0.2894216176050112,0.7995682956784658,0.909426264343324,0.10273928687323587
0.5004517485476558,0.31526512257374123,0.2895290066032382,0.8000325378528519,0.9177730556734787,0.10275585261499597
0.500696574933619,0.3144488055191484,0.28625193487359457,0.7962414054541687,0.9146961325966458,0.10274219916607204
0.5007948144351624,0.3168709011075822,0.28811263597125397,0.8130852440519643,0.9207649808754468,0.10274475711149086
0.5008815740185217,0.3156462132092206,0.2890619842153889,0.7963174091768419,0.910123246918829,0.10274868261647346
0.500786756590164,0.31362460280728327,0.2860134105050217,0.8187333451481928,0.9162770930726083,0.10277246265018322
0.5010990854582476,0.31732957441695037,0.2894590848853011,0.7994675530220274,0.9172970675732586,0.1027516447394152
0.5012003881486438,0.3138746123816387,0.286052196954428,0.7891889429911323,0.9113472163196548,0.10275426912497479
0.5012847603846136,0.3175970609893415,0.29040975229855254,0.8059647197390525,0.9138971525711668,0.10275811157978142
0.5009505714869888,0.3140061180757073,0.28986251845232064,0.7867615095705325,0.9122991925202086,0.10274321237821848
0.5005599132191278,0.31271173316072914,0.28592871298629474,0.8054312641432346,0.9105822354440534,0.10272813600294683
0.500669590398763,0.31517176858530793,0.2865300371930436,0.8063882598153507,0.9060263493412322,0.10273061643486815
0.5007792300316498,0.3127008634513115,0.2863888750307271,0.7970125613028198,0.9166170845727493,0.10273309686678944
0.5008888227311021,0.3146783540433227,0.28770313400496156,0.7986434248818159,0.911296217594554,0.10273558837206753
0.5009984686217805,0.3144174738655855,0.2867999599999592,0.8049852088575551,0.9201529961750339,0.10273806880398881
0.5011080425478589,0.31517006290181676,0.2870474558252095,0.818577247638355,0.9162090947725119,0.10274053816255332
0.501217594571667,0.3156526068404202,0.28954140745694423,0.8039824679981242,0.9146961325966458,0.10274304074118819
0.5013271497243714,0.3187049506909073,0.2914108159561207,0.7959967163532731,0.9144411389714833,0.1027455211731095
0.5014366422991623,0.31415829937133943,0.2865543121181575,0.8001225192716492,0.9172970675732586,0.10274802375174438
0.5015461843105049,0.31598147835128276,0.2874260872421428,0.7979566911410039,0.9093752656182232,0.10275050418366566
0.5016556643697134,0.31518413032079834,0.28756223611914256,0.7967738286065227,0.9113472163196548,0.10275297354223017
0.5017651506867122,0.3146745189373599,0.28660549986394407,0.7980190348424654,0.9085082872927615,0.10275546504750827
0.5018745650391114,0.315874696128195,0.2881983888252741,0.8039159548134442,0.9129621759454949,0.10275794547942955
0.5019840482272162,0.3169028728394363,0.28879628274964597,0.7961293456289937,0.912758181045433,0.10276043698470765
0.5020934478738055,0.3151843430842527,0.2868553695295927,0.7963081568950328,0.90726731831694,0.10276290634327215
0.5022028059060832,0.31488829435906157,0.28676777028148365,0.807753070655626,0.9110922226943785,0.10276538677519345
0.5023122046140047,0.3176603634807944,0.289360139676105,0.8067170533491732,0.9044963875902567,0.10276787828047153
0.5024215689040732,0.31890423495464687,0.2915123995035497,0.7958919630510721,0.9172290692731622,0.10277035871239283
0.5025308893896026,0.31866083177494536,0.290615558838329,0.8072677030995978,0.9109392265193037,0.10277283914431412
0.5026402223907152,0.3159620829063016,0.28911343579499876,0.8244779797082766,0.9087972800680291,0.10277533064959221
0.5027495553918269,0.3149833549249501,0.2897163430046874,0.7914497162110739,0.9098682532935527,0.10277778893479991
0.502858813299444,0.3140858319599959,0.2861812218755247,0.7981409425899093,0.912758181045433,0.102780280440078
0.5029680805937464,0.31593437538317537,0.288872536258005,0.8075061578303471,0.9082872928175902,0.10278276087199932
0.5030773291146757,0.31396093355454535,0.2851762007106072,0.8165526657154156,0.9115512112196029,0.1027852413039206
0.5031865682489185,0.31354957776466713,0.2860859707825289,0.7743181038524556,0.911296217594554,0.10278771066248511
0.5032957823519952,0.31509717085752864,0.2879121067719546,0.8015243789485256,0.9137781555460833,0.1027902021677632
0.5034048922628469,0.31557012256140454,0.28719415916182645,0.8032273150231604,0.9185380365489664,0.10279268813636289
0.5035141595571497,0.31530369980628514,0.29003587077578696,0.8121879315539224,0.9172290692731622,0.10279516303160577
0.5036232766644613,0.31836265183935436,0.2901398292702998,0.7982572910263945,0.9095622609434031,0.10279764346352709
0.503732434447417,0.31641755761214185,0.2907332375770015,0.8092185844429751,0.9183850403740053,0.1028001017487348
0.5038415233946671,0.3187332982923248,0.29011634673200415,0.7809578668955621,0.912707182320446,0.10280258218065609
0.5039506092130219,0.3208235401056787,0.29419368820074493,0.8164111018327977,0.9195070123246296,0.10280507368593417
0.5040597138047511,0.31355980828975766,0.2876487800319584,0.7858043947703246,0.9176370590733995,0.10280755411785547
0.5041687933653147,0.31564791710478357,0.2900831005715499,0.814666868019615,0.9118572035698662,0.1028100124030632
0.5042777947034862,0.3184606946694602,0.28953560244882054,0.8236399930000333,0.9147471313217466,0.10281250390834126
0.5043868899085284,0.31580308245256117,0.2898567138868711,0.7987654517573519,0.9113982150446418,0.10281497326690577
0.5044958734119951,0.316018563557754,0.2883464113310075,0.7954237102309232,0.9124521886952834,0.10281746477218386
0.5046048528478981,0.31680738674663905,0.289147736848072,0.8086613032287646,0.9097662558435786,0.10281992305739159
0.5047138197682175,0.3176115557231599,0.2919886571818997,0.794955854504414,0.914543136421571,0.10282239241595607
0.5048227491417889,0.3142211736539914,0.2881960140995274,0.7918798877511584,0.9070973225668695,0.10282488392123416
0.5049316879020482,0.31991898253726964,0.29099234275448793,0.807099176558832,0.9138971525711668,0.10282735327979868
0.5050406204045159,0.3158644656031045,0.2892820386669716,0.8136036497988304,0.9105822354440534,0.10282983371171996
0.5051495403914008,0.31529815901683117,0.28884984477850506,0.8169676285690926,0.9107862303441152,0.10283231414364126
0.5052583978003722,0.3172692550836788,0.29144353378491705,0.7929093133031888,0.9140331491711322,0.10283478350220576
0.5053672323684055,0.3139502757146179,0.28990737352233686,0.8048829572452854,0.9117552061197784,0.10283725286077028
0.5054761022929593,0.3037808396604238,0.2294348528995846,0.8053707470725164,0.9017764555885606,0.10283972221933478
0.5055849377996613,0.2898083880936999,0.20429638994320354,0.7933502857902781,0.9093072673182405,0.10284219157789928
0.505693760790781,0.27586620203896045,0.18424451251101318,0.7988623823148471,0.9065363365915573,0.10284468308317737
0.50580253371957,0.25984464548942016,0.16602272990362052,0.7942075712494199,0.904105397365015,0.10284715244174186
0.5059113003905664,0.23531207696501621,0.1480468572411561,0.4141619952239961,0.7687717807053787,0.10284962180030637
0.5051340263880406,0.23391538501120443,0.14674684706407623,0.4232313359933577,0.7830004249893818,0.8971798957824912
0.5036305888936239,0.2329326073725076,0.14430487467959793,0.42264196961304457,0.7745516362090257,0.8974643703184648
0.5021271639147895,0.23290468708592704,0.14612441393809297,0.4216760790433953,0.772426689332633,0.8977486898274434
0.5006236763580412,0.23304898361825105,0.14598483212267102,0.41644865894925776,0.7757756056097378,0.8980331422167034
0.49912023260583327,0.232141227446314,0.14333072362136534,0.40866919745032537,0.7725796855078215,0.898317506019109
0.4976168170136859,0.22876363621540088,0.14228981950712033,0.42331345495808526,0.7695367615808664,0.8986018808948716
0.4961133638747901,0.23207963153231634,0.14418323666287927,0.41159617466989706,0.7624989375265159,0.898881206319937
0.49460986693135656,0.22768387956386998,0.14074152001128643,0.4103912337290385,0.7655928601784581,0.8991261489721649
0.4931064231791482,0.22991841612161976,0.1437064544156021,0.42905856603053727,0.7645218869527071,0.8993713130915288
0.49160291059123473,0.2291338553535344,0.14259905620975177,0.43758186333569693,0.7657458563535329,0.8996164772108926
0.49009942929227845,0.23004885799841657,0.1432893003830858,0.438077475907634,0.7580960475987695,0.8998615305966884
0.48859595112221843,0.2275811487860558,0.14034178078180423,0.43319767158584965,0.7570760730981192,0.9001066947160521
0.4870924573076789,0.22628058479126067,0.14100141846093953,0.4263239806794885,0.7607309817253736,0.900351858835416
0.48558897600872264,0.22444994299906146,0.14043940814990646,0.4091461069118236,0.746077348066251,0.9005969122212119
0.4840854227451663,0.22463494708036513,0.13861511899724377,0.42581411244587963,0.7490012749681227,0.9008420320471485
0.48258190389946254,0.2259770732538137,0.14187741315540073,0.4324455762319126,0.7474033149170509,0.9010872847533665
0.4810784351160886,0.22407140999485473,0.14061196919323998,0.4326683457638867,0.7450913727155921,0.9013324045793032
0.4795748568213676,0.22534767962143412,0.1406109134152726,0.43318468662382537,0.7526221844453858,0.901577568698667
0.47807134736234946,0.22262058315137292,0.13879216433022484,0.434322320192724,0.7478623034422753,0.9018225113508949
0.4765677315208805,0.2234893320940369,0.13890615072339382,0.42699189218177036,0.7382915427114085,0.9020676754702587
0.4750642439641326,0.22046789258227573,0.13579688460948852,0.43250799935210216,0.7459753506161633,0.9023127952961953
0.47356070947395024,0.22284437633471074,0.13810007420547615,0.44335929783043526,0.7324606884827745,0.9025578929754184
0.472057109276959,0.21876683982512776,0.13500821625449197,0.44343514271565265,0.7370165745855957,0.9028029463612142
0.4705535591422976,0.21664484261923042,0.13543592806668195,0.42950176224200987,0.7427114322141506,0.9030481104805779
0.46904994642972353,0.21827534551801628,0.13673594045713283,0.4458393858676837,0.7393965150870372,0.9032931638663738
0.46754637126389786,0.2197920324842236,0.13660770880820283,0.4354788951282449,0.7428814279642211,0.9035382172521698
0.4660427929691755,0.21872826169861975,0.1350293318138394,0.45621830175201294,0.735639609009695,0.9037833813715336
0.46453919902997587,0.21758712368447375,0.13596733631025829,0.43429194252927283,0.7339226519336535,0.9040284347573293
0.4630356488953149,0.2157624535724218,0.13450373145576908,0.44687429131194456,0.7428474288142297,0.904273598876693
0.461531942315871,0.21571044631729527,0.13446520994687156,0.4447614354728595,0.7325116872077615,0.9045185415289212
0.4600283890523147,0.21440433974511797,0.1338805037295965,0.45079209658175046,0.7257118572035779,0.9047637056482849
0.45852477946863646,0.21498151514684488,0.13383776353557153,0.4399398450786818,0.726527836803939,0.9050088144008648
0.4570211198226275,0.21529823589774327,0.13516547626409708,0.43848378211996164,0.7264258393539649,0.9052539231534444
0.4555174914655753,0.2138538044733892,0.1339630934551195,0.43931172235911586,0.7235359116021982,0.9054989765392404
0.4540138474640445,0.2122392874405304,0.13264223332321232,0.4461052003502206,0.7136421589459587,0.9057440742184634
0.45251024100926207,0.20903071263706574,0.1299398401335247,0.44093305569075514,0.7148661283466708,0.905989083310832
0.45100656571877407,0.21129615532146967,0.13206202024906885,0.44837629800479917,0.7063663408414413,0.9062342474301959
0.44950290607276555,0.2082964534406157,0.13029816276484033,0.44218838781451475,0.7043943901402372,0.9064792454492078
0.4479992996179827,0.2093256975449851,0.13002823331781166,0.44575393131638097,0.7183680407989641,0.9067243542017875
0.44649562119859976,0.20803429489422423,0.1288163551472407,0.4510335295147987,0.7111262218444381,0.9069694075875833
0.4449919427792173,0.2092142237983326,0.13037203623536225,0.45270080658057243,0.7213599660008185,0.907214416679952
0.44348824871535575,0.2058238435170922,0.12629548051332676,0.44616778230786625,0.7084912877177203,0.9074595143591752
0.4419844989571513,0.2070634498882527,0.1287540797407629,0.46669676901186063,0.6960305992349731,0.9077045013048303
0.4404808048932902,0.20464434013989252,0.1276799219406022,0.45399187713192113,0.7040883977899739,0.9079496764975508
0.4389771202161161,0.2071401824022882,0.1277696387207477,0.4523395704963715,0.6890947726307104,0.9081946745165627
0.4374734261522546,0.20598476241777813,0.1281817816813182,0.44586198049579306,0.7025924351891035,0.9084397279023586
0.43596966951048,0.20300040990041635,0.12569258038642536,0.45874683521332704,0.6838249043772748,0.9086848920217224
0.4344659848333059,0.20242685505326974,0.12632925655479862,0.45427182814803824,0.7030174245643366,0.9089297239403825
0.4329622281915313,0.20305475934146888,0.1270345472241959,0.450460920486089,0.6918147046322929,0.9091748880597461
0.4314585247409837,0.2039279834683869,0.12784589377846642,0.44891185819690804,0.7024564385889107,0.90942005217911
0.4299547555836263,0.2001013111628331,0.12400707623562429,0.4518392325101197,0.6893837654057506,0.9096649283911971
0.4284510677775568,0.19940477725114553,0.12545114587766068,0.4761672934855954,0.6878708032298846,0.9099100482171338
0.42694726420234685,0.2002210934117743,0.12368016133880966,0.4671081183134147,0.6828049298767382,0.9101551016029297
0.4254435357206332,0.19996340826170866,0.12468966657203767,0.4631293988792511,0.7039524011900085,0.9104000996219416
0.4239397384032153,0.1958223591791107,0.12162710479961975,0.4625104887321305,0.6755631109222122,0.9106450976409534
0.42243596924585747,0.19580786623322044,0.12185851273775089,0.46014234139196497,0.6726731831703319,0.9108902617603172
0.4209322126040842,0.19435213867857593,0.12209282019189305,0.4328909961677685,0.6787080322991415,0.9111352044125451
0.419428440317831,0.19689380375249654,0.12473242004628865,0.4633744056550584,0.667063323416869,0.9113802577983411
0.41792465551599545,0.19510706990073318,0.12283502988958331,0.4700250490638973,0.6831619209519886,0.9116252004505688
0.41642085194078593,0.19571131453522328,0.12332183870749402,0.4793050082998529,0.642889927751753,0.9118702538363648
0.4004906200387319,0.194617492252639,0.12046087961931079,0.4678172481355165,0.6666383340415223,0.9164225108133499
0.41388586448009024,0.1919901425082466,0.12086984417912419,0.460023729521732,0.6737441563960829,0.9123897603702381
0.411903202197208,0.1928311839277843,0.12286827472201498,0.4661187198002843,0.6616744581385774,0.9126049710594807
0.41039936733304216,0.19003247557001746,0.11970862121727702,0.46369271591678785,0.6586315342116222,0.9128499137117086
0.40983394146909236,0.19571387306046,0.12191260752500988,0.47089774175626675,0.6625924351891399,0.9131577973239395
0.40738587160098705,0.191676618572948,0.12186061544020163,0.47752833193629174,0.6607224819379098,0.9133394668154609
0.4058816550115507,0.18869951431645954,0.11867510976217457,0.48999167175509095,0.6318402039947841,0.9135844094676888
0.3899513383164246,0.19179789374192596,0.12169280871777777,0.4776483336342643,0.6540246493837003,0.918140542119551
0.4033465636715188,0.18613567893301025,0.11700702484114966,0.4705575913443434,0.6495537611559712,0.914103916001562
0.4013638669707844,0.18819181780411026,0.11904582727109458,0.47363911740855746,0.6525626859328213,0.9143190159572369
0.39986003210661814,0.18716278288733884,0.11790861053112181,0.48138704967248325,0.6481937951550663,0.9145640693430326
0.39929451800781113,0.18466544770490634,0.11723234600902868,0.48813414712644976,0.62986825329358,0.9148719529552635
0.3968464368756819,0.18668813086375635,0.11868328595465147,0.4809905913824246,0.6380620484487736,0.9150536778135688
0.3953422077706623,0.18473621390257916,0.11621598817918227,0.47795282503732595,0.6180535486612371,0.9152984543654448
0.3794118012762313,0.1849045902517364,0.11665186733036514,0.4839811830031058,0.6311942201443799,0.9198584626921839
0.3928070826385577,0.18481826907882976,0.1161347131960338,0.48315999335582904,0.6380620484487736,0.9158180162661019
0.39082427955537025,0.18251830686490406,0.11653392785658878,0.477753960542473,0.637059073523119,0.9160330608549929
0.38932038211329134,0.18224761453727223,0.11582601434255554,0.47109700334475946,0.6268763280918392,0.9162780035072208
0.38875483922864396,0.1817520723607436,0.1137974952342802,0.49731590510526225,0.6054398640033014,0.9165859535595924
0.38630676748320214,0.17850705421702712,0.11356662735867323,0.46415985687474515,0.6401019974499604,0.916767556610973
0.3848024163512518,0.18268646151096596,0.11731308978313698,0.4733562676088694,0.5928261793454794,0.9170126099967689
0.3688719726229617,0.18052460602197817,0.11423654835947816,0.47189154800879973,0.6083297917551818,0.9215763832648171
0.38226717545000755,0.17799061115998316,0.11206396978624633,0.49074396565584766,0.6332341691456804,0.9175319504302901
0.38028437862461173,0.1764276758553422,0.11182623160705296,0.46507158387191483,0.6285932851677671,0.9177471057527489
0.37878041234682813,0.17613887181516802,0.11033097554725266,0.49084323906581817,0.6170505737355825,0.9179920484049768
0.3782148600754933,0.17735930444444264,0.11267716208830136,0.4917944768801561,0.610352741181373,0.9182997769902127
0.3757667094818804,0.17543807548268076,0.11298693442671498,0.4989456568220667,0.6145686357840532,0.9184813800415932
0.37426236147882586,0.17580254464376227,0.1132162285955404,0.49430502199958326,0.5908542286442753,0.9187264334273891
0.3583318751975555,0.1722446390671821,0.10845971644858246,0.49787803086187954,0.6068848278792984,0.9232941931038822
0.37172707364414714,0.17320717020708037,0.11038770424600253,0.5018589740204267,0.5909562260942494,0.9192457738609103
0.3697442079830462,0.17135158681666146,0.1087866313453971,0.49052917770603544,0.589086272843133,0.9194609291833691
0.3682402198029928,0.1718424446213381,0.110120939919505,0.4950805458782732,0.5925711857203169,0.9197058164688132
0.3676745273571327,0.17110478120961853,0.10892542298737176,0.49961626856109986,0.5951041223968332,0.9200137554478279
0.3652263423456681,0.17259460813066066,0.11214286318219799,0.4902505768082941,0.5786655333616864,0.9201952034722134
0.3637220193737787,0.16987093196722272,0.10979455623173054,0.5053349729064995,0.5678538036547707,0.9204402568580093
0.34779144579631804,0.17071899994453849,0.10898506005561667,0.48639432105267,0.5874543136421835,0.9250117814758114
0.36118660638327293,0.16919591755920343,0.10849877137989117,0.49989320166555373,0.5849213769655535,0.9209594865579626
0.35920365311309377,0.17107387508296437,0.1098349281187847,0.5125623948272677,0.5975860603483625,0.9211746418804214
0.35769965554635386,0.16649248074285128,0.10662197664034806,0.5073061854442389,0.5824054398640328,0.9214195845326494
0.35713390990926763,0.1648255309279573,0.10626418521807257,0.4938825540761127,0.5789545261367266,0.921727423851453
0.35468573741338494,0.16626527082874656,0.10737686895387277,0.518869512528245,0.5540671483213373,0.9219089161692656
0.35318129616923954,0.16537713538074236,0.10647580561945677,0.5202983745726328,0.540076498087501,0.9221538588214938
0.33725074918739306,0.162522582873958,0.10281482358304303,0.5049801697392649,0.5587760305992333,0.9267293144809569
0.35064581121413374,0.16392225351613066,0.10355203106227154,0.4990989349670616,0.5699277518061763,0.922673199255015
0.3486629048773895,0.16276279102598795,0.10525599472721905,0.49204337517363417,0.5506842328941275,0.9228882438439059
0.3471588478616314,0.16015760086355504,0.10371931764251019,0.5069931565279198,0.5611049723756878,0.9231330757625659
0.3465930609231229,0.1612703894883554,0.10418554211011369,0.5018118787147365,0.5639439014024674,0.9234410258149375
0.34414478579946284,0.1623094439546912,0.10503937210737313,0.4895411293112806,0.5604079898001828,0.9236225181327502
0.3426403314139548,0.15754474942883742,0.10434173970163846,0.5317045319939737,0.5394815129620838,0.9238743262661888
0.326709743130686,0.1595049713164469,0.10407366948625044,0.5201528397536164,0.5542201444962984,0.9284662258604874
0.34010479639651914,0.15743029520589588,0.09960977383907915,0.5083350947745378,0.542524436889039,0.9244186924860589
0.3381218306107572,0.15802665865293414,0.10278368145306213,0.5097999335026993,0.5460263493412185,0.9246463053349081
0.33661765782585995,0.15692451892842027,0.1030937083291408,0.49903119079209746,0.5365405864853301,0.9249039712740895
0.3360518064321001,0.15664040641181087,0.10089052990182326,0.5025417368248402,0.5323416914576455,0.9252243345594243
0.3336035988925863,0.15586266658976194,0.10217998451260044,0.48770977315350783,0.5272248193795122,0.9254185612375472
0.332099091315853,0.15411579102108902,0.10118631373551198,0.5254148467037874,0.5150871228219103,0.9256760721497335
0.31616836629984313,0.15357932316834177,0.09976993336469533,0.49421436552159825,0.5286357841054041,0.9302718474189092
0.32956345241908025,0.1526538808107711,0.09940740532847817,0.5114707844112314,0.5044283892902968,0.9262205491031716
0.32758041466871823,0.15047177703505654,0.09832586372265892,0.517587217746337,0.5312707182320082,0.926448150878664
0.32607624188382145,0.15309102925268644,0.10020054469289633,0.5113331914650123,0.5314747131321838,0.9267085519369729
0.3255103723424666,0.15158328729120263,0.0978717685281397,0.5159276045878136,0.5056353591158995,0.927076962517426
0.3230620577947212,0.14826069094341787,0.09742769990425398,0.5138064892010188,0.5150871228219103,0.927343830416101
0.32155752518682235,0.15082622485864552,0.09912639574621965,0.5240167197071259,0.48839779005504624,0.9277817816772048
0.3056267206968628,0.148556092438605,0.09796412143314709,0.5140089275386306,0.51406714832126,0.9325621498040947
0.3190217461155247,0.14813450969949257,0.09755620822455904,0.509881456826967,0.49611559711001973,0.9286874715291815
0.31703871775184966,0.14684076307487748,0.09687519823504023,0.5299323427885434,0.5055333616659254,0.9290956354605162
0.31553450742020406,0.14494426294788096,0.09567835106693556,0.49451945256511975,0.5333956651082872,0.9295336420884039
0.3149685659142496,0.1468614404643693,0.09843985232919891,0.5224346986458355,0.4993115172120497,0.9300346561164352
0.312520245108713,0.14515164473838302,0.09515644925180755,0.5081677595146914,0.4991585210368612,0.9304093785102595
0.31101565305179646,0.14177576097888925,0.09336961697659099,0.5277889504485513,0.4876498087547816,0.9308475512384993
0.2950848548196281,0.14313089254197583,0.0937638183518292,0.5289812241022975,0.47756906077347594,0.9356316289399144
0.3084798114025853,0.1435855090422859,0.09566805889178195,0.5123799302997418,0.4867828304292061,0.93175301962334
0.30649668604314506,0.14051164032434593,0.09508706007093323,0.5223428111775668,0.4750361240968459,0.9321610728211067
0.30499242877806454,0.14161760800310988,0.0951369273195807,0.5443553000107972,0.4669273268167444,0.9325991901825623
0.3044264591120487,0.14125528435585366,0.09447728521370341,0.513144653231427,0.4735741606459669,0.9330746247564053
0.30197812766826626,0.13872831605163669,0.0940152794312274,0.5231620153566434,0.4621674458138614,0.9333946004742525
0.3004735481269334,0.13847127455571864,0.09407992093130507,0.5380380167126388,0.4660773480662783,0.9337776721790976
0.2845426353771834,0.13793245557740444,0.09207857980554826,0.5223653660963119,0.4577645558860013,0.9385107570724878
0.2979376313842259,0.13596456168994117,0.09204243545710561,0.5208463240863066,0.4456948576284958,0.9345734035981347
0.29595444970466334,0.13659950147555927,0.09251078476086982,0.51960087959418,0.47122821929440306,0.9349265329462156
0.2944501861817921,0.1362563444184762,0.0937640839563493,0.5423028818237019,0.4717892052698289,0.9353094939174927
0.293884120771569,0.1340936396635992,0.09166565331164347,0.5246729566563955,0.45579260518479714,0.9357557059027629
0.29143566417196043,0.1350700183073119,0.09300472063340301,0.5212010875441773,0.4466128346790583,0.9360753937133335
0.2899310032793396,0.13191686391388424,0.0910585256461306,0.535690915335387,0.422779430514197,0.9364585318583195
0.2740001143091968,0.1335912765410341,0.09061076069267357,0.5087001826670454,0.4541096472587469,0.9411954924265865
0.2873950646343628,0.13108413636041974,0.09135589204008485,0.5407378960795621,0.4373480662982274,0.9372542079105725
0.2854118391502616,0.13015166029335828,0.08876509701625637,0.5175199103743773,0.4195155121121843,0.9376075033590053
0.28390754120953776,0.13279179551222162,0.0915083933020383,0.5255219428584637,0.42417339566509327,0.9379905307704232
0.2833414632837319,0.13058539379243492,0.09061155750623381,0.5294087748243588,0.4449978750531045,0.9384365655819846
0.2808930285863931,0.12755499854838112,0.08870996194462702,0.5213289119868554,0.4435189120272298,0.9387563641261232
0.27938828008469363,0.12712766583221674,0.08888251634784752,0.5273835972609593,0.3966000849977718,0.9391393915375412
0.2634573745314035,0.1269759064876369,0.08862684986354788,0.5343383746885844,0.4273693157671232,0.9438802277806854
0.2768522225416814,0.12420661133648742,0.08424818228013248,0.5294492783756266,0.43354016149589825,0.9399350122230103
0.2748690170825121,0.12752303039238339,0.08873501730435582,0.5444234412794007,0.4099277518062081,0.9402881415710913
0.27336466907945756,0.12489334561377771,0.08821972240166512,0.5260317713827083,0.4155036124096796,0.9406712797160771
0.2727984509791268,0.12354694629196031,0.08660254501365805,0.5292898452792139,0.42179345516365174,0.9411173588210658
0.27035005320275607,0.12201065111731746,0.08540913963745958,0.527859553697722,0.39838504037390976,0.9414371130717771
0.2688452890565789,0.12193051617594061,0.08661759593646332,0.5446646359562652,0.38966425839350904,0.9418201404831951
0.2529142764950576,0.11975160385204126,0.08450544239155267,0.5222112937640375,0.4084657883552154,0.9465647416676484
0.26630909384215773,0.11743182066622568,0.08222467424380289,0.5442137361281791,0.3726986825329277,0.9426158719022322
0.2643258433268909,0.11872045202829548,0.08333497860577724,0.5377271321019752,0.41353166170847544,0.9429690012503131
0.2628214202303405,0.11440270557875432,0.08222204033231198,0.5340249089692612,0.3912962175945722,0.9433520286617308
0.2622551739699488,0.11773617968163366,0.08301650771933056,0.5412929138600251,0.3907862303442471,0.9437980634732925
0.2598067104867696,0.11695140436216575,0.08287956645551253,0.5285875057583542,0.3648448788779888,0.9441176959170791
0.25830193069611296,0.11430146235719238,0.08126214559669537,0.55692700668392,0.3508202294942748,0.9445008229887082
0.24237085837268513,0.11474052388226869,0.083448436003277,0.5395162374964646,0.3548661283466572,0.9492494770217472
0.25576572922390106,0.11375604592386526,0.08199749384428323,0.5403040315686267,0.39398215044627705,0.945296565481102
0.2537823785839728,0.11500013105513618,0.08350595044873219,0.5225538664471638,0.371610709732181,0.945649528728831
0.2522779335851526,0.11445833517638934,0.08230383545764566,0.5290239116685849,0.3806544836378407,0.9460326668738168
0.2517116748091781,0.11157927017415031,0.08098007359635645,0.5464992085725211,0.365830854228534,0.9464785909518105
0.24926318316593798,0.11102340330056551,0.08167454088155998,0.5261113886575046,0.3651508712281384,0.9467982787623811
0.24775829386393422,0.1114055640110653,0.08222705361762872,0.5507829753408424,0.32316192095197493,0.9471814169073671
0.23182720746047503,0.11115640727845544,0.08026108216046432,0.5355032091718148,0.3190820229493738,0.9519337694415744
0.24522197036479065,0.10998606524529,0.07935711045655336,0.5382899726271444,0.35607309817248733,0.9479769268592683
0.24323862598265444,0.10879037039042166,0.08074446025332385,0.5538667648388038,0.34679133021666075,0.9483301005007763
0.24173417472604308,0.10567790924254819,0.07900169619473274,0.5617273525683639,0.3380365490862687,0.9487131500589078
0.24116785024325882,0.10733015871188215,0.07913943427211101,0.5502737424570574,0.3386995325116686,0.9491592291638965
0.23871935421956492,0.10535842435467146,0.0789098767121365,0.5553664286791828,0.34417339566505234,0.9494789169744671
0.2372144179841258,0.10358042810796186,0.0784592210961525,0.5582660461469666,0.3330216744581094,0.9498618336523171
0.22128322050487137,0.10502763260893519,0.07885632198740175,0.5434598538528626,0.30221844453888025,0.9546182833285375
0.23467803816486077,0.1044408596086962,0.07760881075708931,0.5395220350636067,0.313523161920898,0.9506574543377863
0.23269462807591568,0.10237065331861464,0.07689377018843357,0.541014829184016,0.31728006799824016,0.9510105836858672
0.23119007669464287,0.09945194994845227,0.07579270665038745,0.5444083120117214,0.2895027624308568,0.9513936110972852
0.2306237190455649,0.0992085485566789,0.07653756132642364,0.5421299872528971,0.3140841478962102,0.9518396459088466
0.22817519361025207,0.10102831259378356,0.07848111133535016,0.540596808709312,0.29999150021239984,0.9521592229858492
0.22667021795072761,0.09847940641070235,0.07717160358330599,0.5494859483848953,0.2977135571610461,0.9525373781202789
0.21073897259936913,0.09800666031856808,0.07565839929806037,0.5536981191699457,0.267675308117191,0.9572890108862949
0.22413375052238393,0.09519814696261936,0.0726755277351544,0.5573737370287875,0.2777050573735096,0.9533157797359374
0.22215030100935307,0.09599677872554263,0.07352012797534058,0.5466028500125302,0.2883467913301274,0.9536603272325048
0.2206457202164609,0.09547949534225042,0.07392988934871425,0.5351448718711853,0.26701232469179104,0.9539725516005979
0.22007930749881988,0.09313817477348471,0.07235995415134772,0.5317876834021649,0.24178495537614708,0.9543383488688483
0.21763071322780192,0.09577191099736393,0.07465074001624702,0.5588329370272629,0.2746621334466681,0.9545779763098163
0.2161257122242226,0.09351756598322161,0.07491881465837702,0.5522969345522573,0.23731406714830428,0.9548809433516318
0.2001944283874475,0.09219418802475021,0.07228422587592717,0.5632371820059243,0.2837909052273062,0.9595648182474406
0.2135891665734877,0.09007346918750717,0.07313542196169565,0.5673667573138792,0.2857118572035233,0.9555163325643279
0.21160568890039544,0.08799878592524338,0.06931217769721501,0.5536143324119307,0.28722481937950306,0.9557892908092385
0.21010107024786606,0.08837028164410299,0.0716699711557918,0.552716225726609,0.2748151296217429,0.9560922578510537
0.20953456209890708,0.08908749115735418,0.07298212388618189,0.5541432611402537,0.21232469188271352,0.956458121559445
0.20708599411061357,0.16902903234215486,0.1308179508106626,0.5443086812174749,0.15733106672337271,0.9566977490004129
0.2055809655727523,0.22150288845162525,0.17212779145370533,0.562297777582055,0.26782830429237947,0.9570004945750924
0.189649640434554,0.25296520201854233,0.21041464539782395,0.5475088985706495,0.309902252443635,0.9616884001727732
0.20304432261336203,0.2882509910754134,0.26230134497259555,0.5729667703703181,0.3216319592009995,0.9576358837877886
0.2010607795463506,0.3279755871994211,0.31133367245128224,0.5139547242567868,0.7693327666808045,0.9579087866659151
0.2172253910775317,0.3187435288174153,0.29853673157790284,0.8340551238243199,0.9155461113472256,0.0989015271698655
0.48420508110196225,0.3197951506309831,0.29773144744680347,0.8331285455250188,0.9170250743731003,0.10286369603678837
0.4825860496862142,0.31598616719295525,0.2986435931298203,0.8039578481924519,0.9260858478537557,0.10282304574400677
0.5136422715360855,0.3156219152651485,0.301149416840929,0.8056722999826433,0.9116532086696907,0.10300872379068662
0.49932194249668704,0.31789929058227784,0.3054307182340203,0.8211423534239022,0.9235019124521386,0.10464027218034602
0.48377270526824256,0.3195385328740456,0.30476448692267366,0.8647294162243011,0.9144921376964703,0.10285033049514104
0.45281272167824893,0.3174380605356011,0.30411936231719044,0.8737418534750678,0.9194050148745418,0.10269994323655568
0.4530607226417507,0.31592243917459367,0.2990322500107016,0.8418630172278676,0.9185890352740671,0.10270086232516937
0.45414469005838365,0.31803186188154625,0.29676547700778977,0.843932748697662,0.9136761580959956,0.10274362762909815
0.45327766462246544,0.316415426401742,0.29357204746157994,0.8598409155518032,0.9058733531661574,0.10270339812387463
0.45325562311697576,0.31935566000314175,0.2957979217951395,0.8458979651214391,0.9145771355715624,0.1027051421775693
0.46788894841790185,0.3148605868359353,0.2897060526002306,0.7708196691757294,0.9142371440713077,0.10447935969613037
0.514799779577686,0.3151016460417827,0.2884743804741368,0.799452304626256,0.9169570760731176,0.10304213210812657
0.5144271603319837,0.31821580035765,0.29033217917840287,0.8038769205086436,0.9171270718230744,0.10302795821143344
0.5145333362773741,0.31787243590089714,0.29331901046202924,0.7907364169057536,0.9126051848702446,0.10303061581706342
0.5155776527637315,0.3176326550637041,0.2910126595082412,0.7950488538348746,0.9172290692731622,0.10306813234987301
0.5147398715511167,0.3194656390418293,0.29342903713447777,0.7847573779700472,0.9156991075223004,0.10303587566153938
0.5148456438689668,0.3173730532546211,0.2944100496428128,0.8098584611342814,0.9061283467912062,0.10303850004709897
0.5005250394867495,0.314768299346666,0.2868817551252929,0.7967648542902614,0.9108372290692159,0.10467431167912308
0.5155304996803283,0.31868811377116285,0.2919633273641668,0.774785443357233,0.9193370165745591,0.10306054156379245
0.5151577042778013,0.31578901503357965,0.28889602012432325,0.8043118571724064,0.9195580110496167,0.1030463953504913
0.5152638364186508,0.3184807301927326,0.29088205136286766,0.7691492153608368,0.9233489162770638,0.10304903080940767
0.5163079973988958,0.31579327745437935,0.2933625474696145,0.7688367026662497,0.9207649808754468,0.10308654734221728
0.5154701141842817,0.31848435432316924,0.29259420228714705,0.7916344441723471,0.9107862303441152,0.10305426850717006
0.5155757582174085,0.3185887907844746,0.2931860289189316,0.8043764245982514,0.9097152571184779,0.10305690396608644
0.5012550174153412,0.31840591970149895,0.2931638642217298,0.79628353708936,0.9175180620484298,0.10469484168261452
0.5162604043927619,0.31795619854856705,0.29303906108448,0.7755401198198291,0.9135571610709121,0.10307895101945831
0.5158874963499906,0.31821111062201346,0.29182823360112314,0.794648186352233,0.92239694007651,0.10306478819612198
0.515993475174954,0.32090261301771206,0.29775677726453637,0.7944845043538737,0.9172630684231535,0.10306742365503835
0.5170375463558914,0.31801715617220166,0.2940108371956288,0.7911285071657732,0.9110412239693915,0.10310495126120474
0.516199547372139,0.3208169319230966,0.29431981050711115,0.7905465267271619,0.9181470463238384,0.10307266135280074
0.5163050890903778,0.31794532794518526,0.2931010664596958,0.7955928721215131,0.9077773055673788,0.10307530788507392
0.5019841793279443,0.3186482572760006,0.29394566448651094,0.7820295829202402,0.9211729706756842,0.10471536061274916
0.5169895005985561,0.31723813798149847,0.293580754863097,0.7933147459095089,0.9216829579260093,0.1030973217183754
0.5166164736577499,0.3186706358791631,0.29256966441355825,0.7880435660962564,0.9165660858477622,0.10308316996839587
0.5167223617447383,0.31630395623094587,0.2892672628661817,0.7901989506641729,0.9226859328516639,0.10308582757402585
0.5177662420630416,0.3193705802638689,0.2952646720268905,0.7751371889034406,0.9187420314491419,0.10312334410683544
0.5169281773724794,0.31834922449866404,0.29202243034598924,0.7989060229058702,0.9180280492987549,0.10309104312507462
0.5170336117695973,0.31859326775665686,0.29194934262217265,0.7920775212557276,0.9159371015723536,0.103093678583991
0.5027125831091284,0.3213996499022057,0.2965346047054408,0.7828043920303782,0.9145771355715624,0.10473586846952702
0.5177177948683922,0.31980644676127357,0.29440398057952866,0.8063382260167258,0.9149171270717034,0.10311569795397088
0.5173446584162376,0.3175446299952345,0.2921511916545997,0.7948659127949804,0.9120611984699281,0.10310151852059939
0.5174503931873389,0.31726712387327893,0.29209340717788246,0.7776067539592322,0.9212069698257892,0.10310417612622932
0.5184941862094528,0.3190525793563881,0.2948124272105279,0.7775529080616641,0.9189970250744182,0.10314169265903894
0.5176560013692977,0.31872903587152507,0.2962562378881572,0.7879480253665005,0.9211219719506971,0.10310939167727813
0.5177612855794238,0.32131887130668124,0.29556889765757616,0.8105367764899283,0.914883127921712,0.10311202713619451
0.5034401736903305,0.3194505060176478,0.292838795719004,0.7818846040323193,0.9166170845727493,0.10475625451938017
0.5184452840733735,0.31608463644393386,0.2923255986493479,0.783941906471185,0.9189970250744182,0.1031340520428528
0.5180720036920197,0.3201753875307528,0.2933823350063614,0.789682728932326,0.9199490012748583,0.10311987814615968
0.5181776508540414,0.3183208768972466,0.29342428945368115,0.7931944265366246,0.9197110072248051,0.10312253575178965
0.5192212508232932,0.31614261001542304,0.2928678198742743,0.78561089103961,0.9158521036972616,0.10316003013788566
0.5183830253074948,0.31953789279575434,0.29439738362726087,0.7829930115093224,0.9198130046748929,0.10312772915612486
0.5184881906195851,0.32069842804280974,0.2930572671676469,0.8093279440313987,0.9138291542710704,0.10313036461504124
0.5041669100830157,0.31933178937390655,0.29261425542841407,0.7887100480614346,0.9220909477262467,0.10477594294775545
0.5191718981262401,0.32112470230548695,0.29608921801912413,0.7920199823873089,0.9168210794729248,0.10315240059505631
0.5187985457802848,0.3207645009289896,0.2953557035494104,0.7905236541335048,0.9300807479812647,0.10313821562500641
0.5189041053332288,0.31738030062153033,0.29064299954798534,0.782627447104447,0.9214279643008467,0.10314086215727959
0.5199476176934019,0.31607461868229764,0.292069396529266,0.792500942203934,0.9212069698257892,0.10317837869008918
0.5191091887993853,0.3195494016894992,0.290576244499939,0.7877118340694989,0.9215469613259302,0.10314605556161478
0.519214282146875,0.31846240035295137,0.2928752074426636,0.7876159756648311,0.9126561835953453,0.10314867994717437
0.5048928942891853,0.3178596468505699,0.29272771282591387,0.785852800485026,0.9200509987249461,0.10479562030277395
0.5198977862753114,0.3215273204903114,0.2954045150200905,0.7854653959299569,0.9153421164470501,0.10317071592718945
0.5195243212891132,0.3192887342752163,0.29382824958166176,0.8189791461112799,0.9159371015723536,0.10315653095713953
0.519629721268378,0.3202331483387877,0.295451482752727,0.7873035423889718,0.9158521036972616,0.10315918856276951
0.5206731397616808,0.32144206492260474,0.2936881431973126,0.7661864202949478,0.9210709732257101,0.10319669402222231
0.5198346295163772,0.3200645556503197,0.29359315638081435,0.8004475801252571,0.920611984700372,0.10316438196710472
0.519939582063563,0.31782319993446173,0.29245858174180517,0.8006098325865127,0.9229409264768265,0.1031670063526643
0.5056180703016042,0.31873926639661565,0.2939163771614287,0.7882052229170524,0.9222269443262121,0.10481528658443566
0.5206228390092424,0.3219544475947342,0.29644805968593946,0.7759540899394064,0.9186910327240412,0.103189009112609
0.520249226964947,0.3204786827288891,0.29356492262032846,0.7958269985315873,0.9253718657033687,0.10317482414255912
0.5203545549796122,0.32094694648505656,0.29584831803945616,0.7824667433083865,0.9201529961750339,0.10317747621151066
0.5213978220343654,0.3184082636753532,0.29299631646371305,0.7784655880835694,0.920662983425359,0.10321498720764187
0.520559231689333,0.3205268513021964,0.29522852546507683,0.7872491405603079,0.9198130046748929,0.10318268622588107
0.5206640684673784,0.3199624631628686,0.2967330223488054,0.7949500569372716,0.9185380365489664,0.10318529953808388
0.50634244844563,0.3176916942403932,0.2933438134974639,0.7807887447143362,0.9209179770505216,0.10483493071938377
0.5213470970036744,0.3210311346596352,0.29475754446319263,0.7990668458300225,0.9226349341265632,0.10320730229802856
0.5209734286392576,0.3192186135196193,0.2952496332776257,0.7834111114027544,0.923858903527389,0.10319312840133545
0.5210786033380357,0.31992324585203347,0.29385991185382787,0.7813340337006225,0.9172970675732586,0.10319575278689504
0.5221217765259181,0.3197147975623673,0.2945198129241123,0.7803515049074619,0.9215469613259302,0.10323326931970463
0.5212830485094759,0.32084165539407744,0.2950485761893427,0.7640799973728285,0.9216319592010223,0.10320096280126542
0.5213877757761738,0.31593757219877516,0.2936198053676637,0.7992134925112311,0.9232469188270898,0.10320358165014663
0.5070660471817461,0.3197987729734916,0.2945929006479289,0.7708724429204699,0.9166170845727493,0.10485456378097509
0.5220705361661127,0.3231857436756779,0.29692273480402387,0.7676868783226067,0.9175690607734168,0.10322557887341295
0.5216967426458683,0.3180872787157269,0.29116041818015126,0.7865195207063882,0.9198980025498713,0.1032114105133982
0.5218018234777761,0.32167353189372455,0.29467997244972843,0.7986565686812963,0.9169570760731176,0.10321403489895781
0.5228448464786681,0.3173711357016397,0.2920026412598826,0.7742538541015225,0.9085592860178622,0.10325155143176738
0.5220060527554171,0.3195440736634996,0.2949815575288102,0.7868296905485004,0.9186910327240412,0.10321922830329301
0.5221106548662884,0.31907453153867776,0.2943026590952261,0.7884506664958635,0.9113982150446418,0.1032218526888526
0.5077888292760955,0.3189813912076629,0.29495253359487705,0.8009660255814872,0.9182320441988168,0.10487418023253123
0.5227932829039399,0.3166643712648616,0.2929261315759639,0.8033842464296419,0.918181045473716,0.1032438554487973
0.5224193360678089,0.3154976560440251,0.2889836193724323,0.7882927820646464,0.9115512112196029,0.10322967047874738
0.5225242980016809,0.3170861712372488,0.293597904061611,0.7826073541662688,0.9172630684231535,0.10323228379095019
0.5235672596762178,0.3186467643559638,0.29355727099677875,0.7839278493563331,0.9144071398214919,0.10326980032375978
0.5227283113855208,0.319348626293651,0.29306360072876564,0.7801240893799015,0.9176370590733995,0.1032374771952854
0.5228328102428357,0.3226413910596225,0.29566837097709303,0.8012073790958076,0.9223459413514092,0.10324010158084498
0.5085108457296745,0.32530177456521253,0.29986075240359916,0.7802097027686601,0.9117552061197784,0.1048937523906602
0.5235151557412085,0.32539939186840966,0.296409801568191,0.7917004808446595,0.9269528261792175,0.10326208219407612
0.5231411056515212,0.3202994339884219,0.2950944859306408,0.7878709097816354,0.9141861453463207,0.10324790829738299
0.5232459912403393,0.32081949044833336,0.295659663575576,0.7938853694700194,0.9105822354440534,0.1032505216095858
0.5242888559191101,0.31968538435574995,0.29617233120688874,0.7814271124498111,0.9218869528260711,0.10328803814239539
0.5234497605703177,0.3187654827876332,0.289861990563337,0.8015405406596687,0.9171270718230744,0.10325570394056419
0.5235541311429102,0.322164387910473,0.29822327176340196,0.7976418753033052,0.9060263493412322,0.1032583283261238
0.5092321243896576,0.32065132328677415,0.29552588964566007,0.7947033823681768,0.9222269443262121,0.10491334115882438
0.5242362804595251,0.3218642904219007,0.2964744452816397,0.7702462659597393,0.9226349341265632,0.10328030893935491
0.5238621499572185,0.3209695387456375,0.29697761533798817,0.7899908735968748,0.9194560135996426,0.103266123969305
0.523966855321647,0.32181782663812036,0.29652879903330576,0.7847256104788565,0.9151891202719753,0.10326874835486459
0.5250096023539412,0.31891169419104637,0.29560451743709165,0.780526742330742,0.912707182320446,0.1033062316676038
0.5241703993711377,0.32071121530520885,0.2954311651136254,0.777388193619841,0.9229409264768265,0.10327393068584301
0.5242746948502339,0.32074595653782584,0.2956095307224084,0.7972538353984122,0.9120611984699281,0.10327654399804581
0.509952567947388,0.3222157550873083,0.29608130189773985,0.7860395933332267,0.9229069273267214,0.10493291885363173
0.5249566282730482,0.32132846175348057,0.29574963710675756,0.7849052159321752,0.9250148746281184,0.10329852461127693
0.524582393578517,0.3187695324449786,0.29325779747363173,0.7789906650035856,0.9172290692731622,0.10328433964122702
0.5246869415594935,0.3183875898617177,0.29338682150938,0.7665374113632395,0.9198130046748929,0.10328696402678661
0.5257296091178381,0.30727075569180684,0.23458819369315867,0.7859149059303037,0.9020654483638282,0.10332445841288262
0.5248902884885571,0.29551770622830864,0.2108974989217563,0.7888527635156082,0.9086612834678363,0.10329214082108662
0.5249944556829322,0.2756326029634767,0.18731129296855856,0.8043078068172798,0.9059753506161314,0.10329474859661104
0.5106722439870137,0.25966411838029874,0.16770928983238892,0.7847993110584186,0.9074373140670104,0.10495246332836873
0.5256761513096762,0.2386314854368422,0.15017642558910083,0.40435318667844533,0.7841223969400062,0.10331672920984214
0.5244192707934139,0.2372134795911037,0.1501537385363429,0.40615857291216995,0.791840203994866,0.9002802142169751
0.5229133564651907,0.23434656356090072,0.1495078193306704,0.3976947205249006,0.7822014449637891,0.9005639136179732
0.5223455720396908,0.23683920721976848,0.1508914705844986,0.409600580582669,0.7746706332341091,0.9009107311526829
0.5198956773996364,0.23390984422175046,0.14916058568806864,0.38717968094081967,0.7696897577559412,0.9011310466594067
0.5183893613212098,0.2339247644824776,0.14841625336758862,0.4126520466583439,0.7732426689332215,0.9014147460604047
0.502456678555184,0.23460190294918398,0.14800384701586902,0.4009249581572505,0.7779515512111175,0.9061362482225912
0.515850109175727,0.22996296056449045,0.14471384809289534,0.4143142012161629,0.7807904802378971,0.9020116996516777
0.5138652942126298,0.2333256333226046,0.14890834107533618,0.41285265836521257,0.778818529536693,0.9022409735040455
0.5123593567305789,0.23184965569330512,0.14784237053450738,0.4091059210354677,0.7752146196344256,0.9024853624884341
0.511791480315547,0.2306776115525049,0.14779092072559435,0.40925618126879937,0.7607309817253736,0.9027928696065339
0.5093415618958854,0.23126842884630466,0.14606820980827026,0.413670194751002,0.7684317892052377,0.902973918990075
0.5078351926262328,0.23092527715300615,0.14836691290123932,0.4292829239370708,0.7526221844453858,0.9032183744146041
0.49190254083627405,0.22944056013072472,0.14592705207269577,0.42337452795989927,0.763756906077333,0.9079027808315389
0.5052959279651676,0.2263824609394011,0.14369959296549967,0.420243682865612,0.7669018274542623,0.9037367625394412
0.5033110723264262,0.22920504529018773,0.1450402362074118,0.4154865010598232,0.7592010199745118,0.9039512534604924
0.5018050472352966,0.22502839855737083,0.1433177953213498,0.41510541029362824,0.7422864428388039,0.9041958639120168
0.5012372283919451,0.22854453097977145,0.14617111606620933,0.4064009191605902,0.7541011474712604,0.904503149562981
0.4987872367561246,0.22677591241640677,0.1455653097831839,0.4282988067693507,0.7517212069698189,0.9046843096800898
0.4972808612286812,0.22459445050691162,0.14359220020454203,0.42646943607977716,0.7594560135995607,0.9049286432976942
0.4813481387256804,0.22581040080021947,0.14382360814267317,0.409948156645658,0.749987250318668,0.9096156076600478
0.49521381888758986,0.22508765049751428,0.14215050329621848,0.4191061287154414,0.7536251593710404,0.9054766083585215
0.49368588026280324,0.22350105375123608,0.14100537596828894,0.42872361754529664,0.7377815554610834,0.9057245408170832
0.4917223561831259,0.2231728223186647,0.14170696145463094,0.41555063168266404,0.7476413089672178,0.9059353775303933
0.48973130220207883,0.2225666592372291,0.14148189703778802,0.42013595136111204,0.7547471313216647,0.9061495362507409
0.48822522079082686,0.2208830834781168,0.1415921871013857,0.42885807345176064,0.7460263493411503,0.9063939252351293
0.4722921284523598,0.22105380916491277,0.14109587849513966,0.4177680422771304,0.7240458988525234,0.9110829381684892
0.4861545389183024,0.22080145204084672,0.1392103741407085,0.4145422123841833,0.7572800679982947,0.906940173925654
0.48464004359372703,0.21765980296530751,0.13794149724012555,0.4272135895609166,0.7512452188694851,0.9071848508173187
0.4831074817127101,0.22086901784706342,0.14093782831208723,0.4268300368141542,0.7275818104546943,0.9074326061021717
0.4814944067756328,0.21673436060773685,0.13700770921546312,0.4278096668237439,0.736302592435095,0.9077058965477861
0.48009297628602576,0.2146266417963472,0.13469422744432186,0.4429471940509655,0.7387335316617509,0.9079151829911453
0.4785742475656196,0.21645195019876223,0.13786023332383207,0.4165403875800706,0.7372205694856575,0.9081596827091016
0.4770458596314162,0.21526285816269142,0.1367610068837166,0.4372912305006673,0.7403654908627004,0.9084075044340953
0.4753843475121564,0.21728937106371968,0.1379958532051626,0.4372604557435764,0.7300807479812192,0.9086950795099705
0.4740321020107947,0.21155063829215098,0.1335029247705741,0.419184951802958,0.7101572460687748,0.9088901920566369
0.47251527253005543,0.2163473027619307,0.13735520846258495,0.42959007586751974,0.7290097747555819,0.9091349132417289
0.4709857175177694,0.21302278081548764,0.13535228477656264,0.43786090103644226,0.7294517637059243,0.9093826685265819
0.46903576314568873,0.21118382873307162,0.1346050507267006,0.4316790266694839,0.7263238419038771,0.9095947897492798
0.4670297436566906,0.2122126473105323,0.13414409408207895,0.45474317829857847,0.7191330216743381,0.9098079518675162
0.4655236184409004,0.20933166386134777,0.13281241941946198,0.4198005263635036,0.7252018699531391,0.9100524515854724
0.46401747758063117,0.2100770028487775,0.13339263249360545,0.43920808091910657,0.7199320016999309,0.9102968405698608
0.46251135236484053,0.20977733356900613,0.13277284434596812,0.4462947728539004,0.6950616234594236,0.9105412295542492
0.46100521776236336,0.20946529897788796,0.13276571729134562,0.42937346128696396,0.7191330216743381,0.9107856185386375
0.459499042484242,0.20994443333743723,0.13228180798944592,0.43954640470028616,0.7105142371440252,0.9110300075230259
0.4579929598214325,0.20657323573772368,0.1308498676204938,0.45515238329447727,0.7158861028473211,0.9112743965074143
0.45648681583226836,0.2064585669633996,0.13164539742559275,0.4376300307942147,0.6994135146620692,0.9115187854918027
0.4549806342963554,0.2084599290786102,0.1329002902481928,0.4375309559310643,0.7029664258393495,0.9117631744761912
0.45347452785393916,0.20569041937607815,0.13101741980525256,0.42798919285833437,0.7059923501910816,0.9120075634605793
0.4519683431891308,0.2069709496355291,0.1324694133154717,0.45137860388785667,0.7041903952400617,0.9122519524449677
0.4504622054577583,0.2049514704439916,0.13117124908980649,0.41970919482633073,0.7056013599659536,0.9124963414293562
0.4489560239218453,0.20337958119498614,0.13005725946511587,0.45876267924955827,0.7159371015724219,0.9127407304137445
0.44744982674145506,0.20283096437020284,0.1294839078410748,0.44679272827831285,0.6921206969825562,0.912985119398133
0.44594364833443834,0.20257988919064748,0.12766963861893263,0.45499521363181183,0.7008924776879439,0.9132296191160891
0.4444374574118384,0.20282286505551214,0.1295255856170194,0.45726527884292634,0.6919677008074814,0.9134738973669095
0.4429312727470305,0.19912748568057256,0.1266680484004034,0.4509696768575058,0.6832129196769756,0.913718286351298
0.44142499421535275,0.2022454751024027,0.12868125098135336,0.454781497834827,0.6837739056522878,0.9139627860692542
0.43991882206612676,0.19847251215961023,0.12418649208894725,0.4499130901005073,0.6968125796854565,0.9142070643200748
0.4384126843347542,0.19752042788411323,0.1256867813544033,0.46346446649258355,0.6912707182319764,0.9144513979376792
0.43690646525209376,0.19833141601874238,0.12670155662398414,0.44179911691933804,0.6653633659158231,0.9146958976556355
0.4354001992359984,0.19754941377589375,0.12451262123905657,0.4526968753535374,0.6659923501912317,0.9149403420068078
0.4338939707666509,0.1993112078173656,0.12762557482904915,0.4510411537126846,0.6729281767954944,0.915184730991196
0.4323877360395123,0.19583898333540078,0.12484111869613676,0.44931391550728894,0.6697322566935782,0.9154289538752327
0.4308815357302258,0.19530976374352688,0.12431050726612072,0.46711391588055706,0.6844708882277928,0.915673287492837
0.42937524781186065,0.19889559139461582,0.12718520253473475,0.46650409917779,0.6521546961325839,0.9159176764772254
0.42786898805355733,0.19750230723192996,0.12633321848888998,0.4568347499185661,0.6820909477262376,0.9161620100948298
0.4263627220374615,0.19292411328327302,0.12296748907712476,0.4573266695196523,0.6691032724181696,0.9164065098127863
0.4248564685369489,0.19225294292085748,0.12389282202456423,0.4682166449185099,0.6573735656608051,0.9166507326968225
0.42335027448545404,0.1917814823490902,0.1229487528916032,0.4557979384248336,0.6486017849553036,0.9168951216812111
0.42184396153592374,0.19245862081579662,0.12240601218850289,0.4657774575261695,0.6469358266043628,0.9171395660323834
0.4203377049065158,0.1898438491462053,0.12148356769021942,0.44524986064991445,0.6517977050573336,0.9173837889164199
0.41883139508588085,0.18747353195808997,0.1184212803758056,0.45471947180827743,0.6665533361665439,0.9176281779008082
0.4173251165542031,0.191844783946579,0.12407515067412417,0.4633435117698754,0.6497237569060417,0.9178726222519805
0.4158188661825859,0.18783268203281286,0.12028883429142048,0.46342848980881013,0.6483977900552418,0.918116955869585
0.41431253445968164,0.1859272243855955,0.11767483428601985,0.47237095916022964,0.6490437739055324,0.9183612341204055
0.41280628408806486,0.18823146153581818,0.12008383186932858,0.4599811213741727,0.6528176795579839,0.9186056231047938
0.4112999680096392,0.1864786107111417,0.11861178521784238,0.4643497867627009,0.625584360390917,0.9188500120891822
0.4097936644467959,0.18500604802468087,0.1174080788130063,0.4607978238633186,0.6513897152569825,0.9190942903400027
0.40828732333720463,0.1828299069894726,0.11702469860859085,0.4639530902164586,0.6213344666382454,0.9193387457645318
0.4067810197743613,0.18391925587573102,0.1177220654098054,0.446576431372669,0.6392350191244986,0.9195830683087792
0.40527471308262264,0.18566804631549305,0.11958540285366381,0.44827996308776386,0.6527156821078961,0.9198273465595999
0.40376837510192676,0.18446105175447786,0.11765821186980402,0.45957961999488783,0.6368550786229434,0.9200716248104204
0.40226206215239646,0.18183668606223086,0.11715346146656103,0.4728633552736836,0.6284402889926923,0.9203160137948087
0.40075568036716236,0.1805041521235098,0.11609250421104897,0.4664368712245577,0.6185125371865752,0.9205604027791972
0.3992493236130925,0.1775920462083604,0.11472072326589797,0.47677615716362687,0.6311942201443799,0.9208046810300176
0.3977429793746059,0.18100907377131162,0.11654210626243666,0.465751686148941,0.6292562685932808,0.9210490146476219
0.396236633258781,0.17746950161036906,0.11448588460271561,0.4734373541301333,0.6181555461113248,0.9212933482652264
0.39473026398912925,0.17749592718898466,0.11405607008807486,0.4662394362668085,0.6047258818529144,0.9215376265160469
0.39322391036395565,0.17850662511426205,0.11551043190526486,0.474969063427251,0.5985550361240257,0.9217820155004351
0.3917175223209295,0.1771404155481239,0.11446662827500886,0.47302397965101584,0.6198895027623621,0.9220262937512556
0.3902111530512773,0.17461452000081962,0.11272412982093785,0.47903152991006603,0.620144496387411,0.9222706384422168
0.38870475875045996,0.17676550488642562,0.11431174763922955,0.47291509657496,0.609349766255832,0.9225149609864645
0.3871983488051636,0.17638868114156642,0.1140486774289323,0.4818294119873119,0.6204844878877793,0.9227592946040688
0.38569198579330344,0.17439008137540596,0.11174154803256328,0.476371201069675,0.6181045473863378,0.9230036282216733
0.3841855821057987,0.17357269424579272,0.11150169829743517,0.4727790125845728,0.6035189120270843,0.9232479064724938
0.38267922222283346,0.17373233835368074,0.11205394321561282,0.48916575669349993,0.6079048023799487,0.9234920739897463
0.38117279663305936,0.17246267690968345,0.11193732069758194,0.4760916471471981,0.5764555886102016,0.9237364629741346
0.3796664085900332,0.17142150196051692,0.11263811822384767,0.5010974278378606,0.5951551211219339,0.923980851958523
0.37815998612915536,0.17242858111914222,0.11221226564329834,0.4886656172540682,0.585839354016116,0.9242250748425594
0.3766535355082157,0.16887471626026643,0.11087768261118636,0.4869650240319088,0.5861453463662656,0.924469297726596
0.37514712243402437,0.16865199404591308,0.11022463635089136,0.48488433277765375,0.5752656183594809,0.9247136867109844
0.3736407250043112,0.1675040368736588,0.1089462596619731,0.4886704617964748,0.587250318742008,0.9249580756953728
0.37213427438337154,0.16493550996664477,0.10741301330231542,0.48826784855499805,0.5762175945600347,0.9252022432126252
0.37062780498905834,0.16815410253174565,0.10956764143673095,0.47967867341498205,0.5636379090522041,0.9254466986371543
0.36912137314149307,0.16492911633544524,0.10874547371163767,0.49022540107152546,0.5850233744155275,0.9256908550810502
0.36761492877834545,0.1642617828669207,0.10771934384882284,0.4976493843440353,0.5541181470463243,0.9259351886986545
0.3661084656418234,0.1655435914950259,0.10761538181291641,0.47857685769240077,0.5654738631533291,0.9261794669494751
0.3646019931186144,0.16550266581880732,0.109539155351951,0.47039760231683503,0.5578750531236665,0.9264238559338633
0.3630955331109882,0.16448642531614774,0.10737396058437773,0.480946672825854,0.5654058648534601,0.926668023451116
0.3615890155316812,0.16156729284322027,0.10609689863783392,0.4902043153992477,0.5595920101997081,0.9269207174530979
0.3600825304928894,0.15897426059246433,0.10420612646042093,0.49720432179245533,0.5559371015724537,0.9271776193306608
0.35857608925863715,0.16038395257212962,0.10471219160603834,0.4828918757301808,0.5640968975774285,0.9274344104746556
0.35706957293088903,0.16002822637988634,0.10403699392876758,0.48006306005838795,0.5348066298341791,0.9276913123522184
0.3555631160521586,0.1576444979424344,0.10495203248768245,0.5037547387665884,0.5405014874627341,0.9279482142297811
0.3540566153688882,0.15734226834949808,0.10426417211491626,0.4971330831934604,0.5532681682957445,0.9282051161073438
0.3525501303300973,0.1573282045063729,0.10422854790865879,0.5047608946313218,0.5417084572885642,0.9284620622783338
0.3510436327757227,0.1557188009481312,0.10335360235205196,0.49109332864021593,0.5547811304716106,0.9287189752292534
0.34953706638564386,0.1549755878073167,0.10318025113527116,0.49438749834858675,0.5645048873777796,0.928975888180173
0.3480305876046432,0.15400026940501937,0.10336442573624574,0.48591066099929336,0.5334976625583749,0.929232723617595
0.3465240556324174,0.15356866711634254,0.10131719036278786,0.5099124698402417,0.5346366340841087,0.9294897362287255
0.34501752366019023,0.15402456734909148,0.10274437198408831,0.509207350663903,0.5331916702082253,0.9297466381062884
0.3435110104613379,0.15237147755350922,0.10080293574446755,0.49194231484228435,0.5381045473861832,0.9300410786633744
0.342004481618007,0.1518339369438493,0.10148947916148832,0.5099509482139464,0.5323416914576455,0.9303561710308765
0.34049791522792816,0.15358657142921509,0.10223038297028808,0.5083064246137381,0.5334976625583749,0.9307936239909246
0.3389914082868666,0.14839453524755603,0.09942112822868301,0.5142744640556198,0.5195750106246351,0.9312310769509727
0.33748481185938983,0.1499272098676186,0.10130320185806299,0.5023113033856164,0.48754781130458014,0.9316685299110208
0.3359782485982068,0.15038247181000444,0.1027174573927189,0.5001078704872741,0.5133871653208644,0.932105982871069
0.33447169785260566,0.14842074627478907,0.09991189898068509,0.4932479984395808,0.5239269018273944,0.9325434358311172
0.3329650845290928,0.1462782898066388,0.09797626177308635,0.5089948261478379,0.5070123246918001,0.9329808334243814
0.33145854942797026,0.14611204824373783,0.09825541212370423,0.49825165626764467,0.5022354441138077,0.9334183417512135
0.32995194862003885,0.14819205238028849,0.10079237796479384,0.5001166065473515,0.5246068848279037,0.9338557947112616
0.32844538535885626,0.1452160101531436,0.09713139592838008,0.5181824611125208,0.5028474288141069,0.9342932476713097
0.32693877829313367,0.14384745840107943,0.09741372025301309,0.4940071620603077,0.5047683807904377,0.934730700631358
0.32543220877415946,0.14280862563783894,0.09614432099687395,0.5066019398739077,0.4956056098596946,0.935168153591406
0.32392560170843643,0.14244032315872274,0.09607070427738812,0.5020108226283178,0.4666383340415905,0.935594145627175
0.3224190290605664,0.14440012488320808,0.0984538408339238,0.5181552999075527,0.4768380790478659,0.9359766193707533
0.3209124157370522,0.14168218796925297,0.0964503859388613,0.5094024030598132,0.48584785380353424,0.9363592038478995
0.3194057917752935,0.13982917919542448,0.09443243346374366,0.5022180260896081,0.4637824054398152,0.9367417329582619
0.31789915967840576,0.13945916745696074,0.09526674152877623,0.526693885317848,0.4882617934550808,0.9371243728021922
0.31639249316366547,0.13881591738112575,0.09573666232595099,0.5110308046582421,0.46085847853805717,0.9375069019125546
0.3148858954846303,0.1351646533462918,0.09242792721745574,0.5034261834889497,0.4813769655758051,0.9378895417564848
0.3133792477432644,0.1372058773204492,0.09293927125291007,0.5210142549866128,0.4672333191670077,0.938272126233631
0.3118726187752725,0.13538930652308795,0.0945556518273569,0.4960708179974116,0.45400764980865915,0.9386545999772095
0.3103659991939671,0.13609883867270078,0.09423427035804419,0.5173536472673586,0.46140246493837367,0.9390371401609285
0.30885932955033146,0.1349255179511745,0.09293240980280768,0.5154201586254081,0.47190820229491237,0.939419658197934
0.3073526567778,0.13614593985287998,0.09493006566584819,0.508115065188679,0.41353166170847544,0.939802353408648
0.305846065356556,0.1311821863422383,0.09096274422944298,0.5045509512239161,0.46383340416480223,0.9401847164186588
0.30433938945512873,0.13095071221940568,0.09165985427962145,0.514395061394052,0.452749681257842,0.9405674669961569
0.3028327072959107,0.13024970312346407,0.0894801486517671,0.5257763607535362,0.4348151296217111,0.9409499961065192
0.28689923886418445,0.1318842521037389,0.09262581365178016,0.5123379177926424,0.41946451338719726,0.945751071410609
0.3002920127295279,0.13003358551583644,0.09241182494342509,0.5234010657278529,0.4537526561834966,0.9417443987227412
0.2983064530892623,0.12707991920996176,0.09052342107298292,0.5130088074972232,0.43269018274543214,0.9420969744029825
0.2967998147345834,0.12974286124078857,0.0922682966875088,0.5062323251139054,0.4375690607735123,0.942479337412993
0.2962311022786306,0.1285313861317348,0.09028014946628762,0.5255033588761171,0.44164895877588606,0.9429252171975595
0.293780603761713,0.12652533070503125,0.08946510658244583,0.5132208555009203,0.4200594985126145,0.9432434654717471
0.29227352423274633,0.12420277623052461,0.0895962399607578,0.5395966092491766,0.41104972375683246,0.9436258727751847
0.27633995254746235,0.12469406313796633,0.08854504367135921,0.525487792805434,0.405473863153361,0.9484263944114352
0.2897327702173458,0.1249574964771557,0.089211799551633,0.5166327237641521,0.4146536336590998,0.944421382727086
0.28774716990143645,0.12301240046201498,0.09020864872947854,0.5213856169586306,0.41662558436030395,0.9447723527705925
0.28624045645326124,0.12337857709451588,0.08794794257647981,0.5205664127795535,0.39382915427108856,0.9451545496802511
0.2856717083278988,0.12157329527573235,0.08681283739244178,0.5394149389089304,0.41971950701224614,0.9456019686614117
0.28322120668208495,0.119170169605371,0.08617959194911973,0.5146222783747927,0.3930301742456095,0.9459187884725733
0.281714023899561,0.12007579099105184,0.08758408651766222,0.5414017969360811,0.3711007224818559,0.946300974308875
0.26578047036187247,0.11921045162744198,0.08573472651167374,0.5384466657774418,0.3981810454738479,0.9511018281458292
0.27917320417735114,0.11989462022778277,0.08569779420315476,0.5259666877351317,0.39260518487037643,0.9470980345307269
0.2771876038614427,0.11778690320432136,0.08573605453427421,0.528022163543254,0.3925541861453894,0.9474476204046347
0.27568086413054393,0.11654388189032214,0.08500332913132227,0.5328198091909468,0.3924011899702009,0.9478297619475092
0.275112007745391,0.11598461795318055,0.08670202497328791,0.5431126748835136,0.3840543986399325,0.9482787311986205
0.2726615236213932,0.11599718708834073,0.08484950206013933,0.5334851395845694,0.3724606884827608,0.9485940450332584
0.2711543314521818,0.11348365506445501,0.08356796910417394,0.5555304283524543,0.38339141521464626,0.948976142282706
0.25522063116928706,0.11339733567947655,0.08244262488624932,0.5174617361561344,0.3820654483637327,0.9537769739729465
0.2686134428942686,0.10986564828184214,0.08066161377676478,0.5271802058986117,0.3683807904801597,0.9497731360644173
0.2666277800004462,0.11450565090795109,0.08567695752855348,0.5360050164045338,0.35466213344659536,0.9501226554981842
0.2651210102321495,0.11077595403937499,0.0823204578738615,0.5183562689986971,0.37599660008493174,0.9505049742147674
0.26455215697589196,0.11127299807558139,0.08367613654498185,0.5402668238945698,0.3699107522312488,0.9509554937358295
0.26210154456717216,0.10817162208247219,0.0813676791260124,0.5414589784202242,0.3516192095196402,0.9512692573005166
0.260594402460292,0.1082200034192339,0.08148720116005428,0.5282383810301698,0.3143901402464735,0.951651465283532
0.24466062395500554,0.10844102710180883,0.08131860869092516,0.5327218064806238,0.3530811729706329,0.9564520312132095
0.25805343380264834,0.11004596083958104,0.08367033751295982,0.5361090152288193,0.32741181470464653,0.9524483483316755
0.2560677709088268,0.10459539024196715,0.08093575084206592,0.5260409442457896,0.3026264343391176,0.9527979342055829
0.25456091978924267,0.10537632151583129,0.08049749231705725,0.533584929216272,0.3495112622184706,0.9531799650148897
0.2539920005132861,0.10446388812375498,0.07906422392550463,0.5510026475424252,0.34747131321717006,0.9536310935705753
0.2515414197064132,0.10310214837808634,0.08093337146824009,0.5241454971745398,0.31534211644702737,0.9539441373670708
0.25003422127941066,0.10368102588744801,0.08035131244268195,0.5590014238586645,0.32462388440285395,0.9543263896435136
0.23410043463899566,0.10168777202656906,0.07728849170585697,0.5321049612204307,0.31605609859752803,0.9591270220133319
0.2474931718962594,0.10157757307271445,0.07761883732772279,0.5422139725577322,0.32035699107518667,0.9551232948383704
0.24550746019166514,0.1019712391011027,0.0791505121939699,0.5389593136665296,0.32887377815541186,0.9554727035385694
0.24400062002321654,0.09938736998230918,0.07773124337399723,0.5521025969248989,0.30361240968977654,0.9558515230744066
0.2434316428626908,0.09857552543007811,0.07769773293704546,0.5351919671768752,0.3167020824478186,0.9562940144117947
0.2409810789518536,0.098571906663426,0.07738901194985723,0.5357519883372011,0.289672758181041,0.9565912233080787
0.23947378728376023,0.09589234584009365,0.07549190953138199,0.5451026302410553,0.26910327241807863,0.9568933044813508
0.22353996059348047,0.09570968036885963,0.07805894623088813,0.5363859483332729,0.28236294092641856,0.9616139872151346
0.23693270473431483,0.09478806775346718,0.07478028862092245,0.5465412210796206,0.30167445813856375,0.9575301332304298
0.23494694891229173,0.09436179885457455,0.07396471674141145,0.5294942293756613,0.2746621334466681,0.957799437267599
0.23344006493930358,0.0921813936106384,0.07456815914420808,0.5505506755615113,0.2650913727156876,0.958101629174439
0.23287104835469252,0.09290244716949339,0.0765958725854391,0.5462426860811571,0.23986400339992997,0.9584725423335272
0.23042042061438384,0.09118156628874277,0.07441669816662494,0.5379192062955862,0.2852528686781852,0.9587056254206313
0.2289131424005415,0.09141986135761182,0.07551644474892558,0.5413902018017964,0.2050148746280911,0.9590077619606875
0.21297923279452702,0.08876757716671244,0.07187526131611374,0.5394239529345557,0.25176370590736497,0.9637282232273353
0.22637196880023325,0.17630214541727726,0.138667095588455,0.5430226537553524,0.13893752656179004,0.9596443692426307
0.22438615728386768,0.2304776889984023,0.1808302372330879,0.5422280693819479,0.308814279643002,0.9599137840133678
0.22287927643977445,0.24714697080803164,0.1940680749697089,0.534852213858592,0.23758606034846252,0.9602159759202077
0.22231015628871686,0.2849190098925709,0.23903493128833198,0.5424166888608921,0.3648108797279974,0.9605869333727229
0.2198596114641438,0.32758938219536055,0.2731515647404156,0.47370856908617287,0.775622609434663,0.9608199167996161
0.2201972781292958,0.3099064157264161,0.24055182968977787,0.8237965670222389,0.9125031874202705,0.09921547898161806
0.47299561965339487,0.30572827839786904,0.24464500118791618,0.4312944017698941,0.8115597110072486,0.10468463204765277
0.5002053492658431,0.3231164739738982,0.308002243649916,0.7621953115392199,0.922838929026625,0.8979702012567005
0.5323553028770394,0.32242548263959275,0.3073164859796006,0.7832827310289805,0.9240118997024638,0.10345185738276881
0.5324577272765296,0.3238641605110385,0.31467908090388935,0.8071151397231553,0.9235869103272307,0.10345430459461974
0.5029457599907636,0.32261283069475066,0.31398039493355834,0.8395551089928728,0.9195070123246296,0.10328287795813056
0.47181163583537256,0.3226030256965688,0.30830620367608164,0.8398866821821744,0.917365065873355,0.10307890672603114
0.47198478360217644,0.3227980457515805,0.3085085799334811,0.8572180723510172,0.9118062048448792,0.10308008050185105
0.457260764757375,0.32369450400529887,0.3069106776868343,0.8457352361478152,0.9220569485762553,0.10464260865862902
0.47240731905904054,0.3253149891424485,0.3038721309897748,0.8170102764260161,0.9251678708030795,0.10310043333163381
0.4719650111718203,0.32442918872865756,0.30247607821822925,0.8100505353278924,0.924572885677776,0.10308331392203417
0.5007522602026033,0.3217219150184144,0.29836073980951816,0.7795867422664129,0.9223459413514092,0.10324298065361077
0.5339542505373132,0.3234775299800693,0.3019127487380797,0.7813882766918305,0.9275988100297354,0.10350481017494577
0.5331130459999547,0.3213725824573707,0.2976029501933534,0.7732823645115507,0.926034849128655,0.10346943079999693
0.5332149384871832,0.3264669977599763,0.30252409951546205,0.792522027876212,0.9178070548235837,0.10347187801184783
0.5188901385687732,0.32162429771521733,0.3004219703278139,0.7765904324973176,0.9225329366765891,0.10512159778000207
0.5338921410197575,0.32457668028865316,0.30158266650736293,0.7726444335790799,0.9185380365489664,0.1034949770341149
0.5335155471378958,0.3259458756948649,0.3043190991296715,0.7640829755751275,0.9211729706756842,0.10347918642733024
0.5336177431280031,0.3252013859733243,0.30255259445372606,0.7807563418733219,0.920611984700372,0.10348163363918114
0.5346577586343844,0.32451721558505536,0.3036758226889739,0.7734828570903274,0.925728856778619,0.10352187421776146
0.5338163497801394,0.32230484576097784,0.3002990153553498,0.7755992073534437,0.9256268593284176,0.10348648376945582
0.5339181640449766,0.3261722291913677,0.3008512624868985,0.7565514990543016,0.9238079048022882,0.10348893098130676
0.5340203716119984,0.3220944799183303,0.3012351694736121,0.7644970648227969,0.9232469188270898,0.10349137819315767
0.5341225519576271,0.3246732319866503,0.3002947922434803,0.7763138567771397,0.919167020824375,0.10349383647836538
0.5342246897502752,0.3254413795739718,0.3034214665203067,0.778557753517386,0.9226349341265632,0.1034962947635731
0.5343268513225308,0.3233311040252736,0.29889398957776714,0.7665814490479024,0.9179260518486672,0.10349874197542402
0.5344289816058292,0.3245775331303987,0.30010349944136727,0.7821275856305632,0.9267488312791556,0.10350118918727494
0.5345310899868583,0.3224608621625728,0.29905573277033437,0.7779849459418562,0.9272078198044937,0.10350364747248264
0.5346331639500352,0.3242499399881904,0.30012091203103036,0.7664029157474115,0.9266468338291816,0.10350608361097678
0.5347352097531504,0.32358921291431975,0.3010444034537972,0.7722048509197303,0.9146451338716588,0.10350854189618448
0.5348373150052832,0.32298816509542944,0.29892116756028564,0.7671177637179274,0.9226859328516639,0.10351098910803543
0.5349393648759637,0.32048592920183416,0.29716706218868655,0.7846080707614513,0.9153931151720371,0.10351343631988634
0.53504138877681,0.3217417359903043,0.29992143860969844,0.7601407490464691,0.9249468763281357,0.10351588353173725
0.5351434095487604,0.32579476179236083,0.30007922318823077,0.7674508458630609,0.9251168720780925,0.10351833074358818
0.535245427191815,0.32583802876054135,0.30233728878962557,0.7932539905826068,0.9258818529535802,0.1035207779554391
0.5353474373255205,0.3204897660957252,0.29704410721622243,0.7596456924056278,0.9202549936251216,0.10352323624064681
0.5354494142929318,0.32535313995411963,0.30126261084727973,0.7702482911373028,0.9226349341265632,0.10352566130578415
0.5355514194204036,0.32391190355743715,0.3000562683175817,0.781012784945958,0.9203059923501087,0.10352813066434866
0.5356533338099014,0.3278549521087344,0.3048320323655044,0.7635405059536846,0.9234169145771602,0.10353058341287795
0.5357552794883564,0.32382750083147605,0.2995976888334149,0.772047840094521,0.9186570335740498,0.1035330250880505
0.5358571970067496,0.3245398078456363,0.30063410976469784,0.7977085076160775,0.9256268593284176,0.10353546122654461
0.5359590675917087,0.322423989719556,0.30029637701711687,0.7668517109792063,0.9220569485762553,0.10353790843839555
0.5360609944967893,0.32684403784414623,0.3026924374469261,0.7865465230739004,0.9229919252018135,0.10354035565024647
0.5361628588239564,0.3254462820730627,0.3012554860060282,0.7740118255280144,0.924606884827881,0.10354279178874061
0.5362647253413506,0.324487802378438,0.30274388946921016,0.779983438812655,0.9278368040797886,0.10354523900059152
0.5363665583795618,0.3202570189680229,0.2989396359279161,0.7700024901742157,0.9249468763281357,0.10354768621244244
0.5364683976755633,0.3230160862759741,0.30087421735754755,0.7710030867279911,0.9283127921801224,0.10355013342429337
0.5365702620027313,0.3252035171837242,0.3034932350750069,0.7821087633920327,0.9215809604759215,0.10355259170950107
0.5366720437270529,0.32326055595483966,0.3003486192128482,0.7766380043153756,0.9208159796004338,0.10355501677463841
0.5367738329607246,0.3258770333079221,0.3014868873040464,0.7616447412075229,0.914883127921712,0.1035574861332029
0.5368756065499176,0.3281435398095978,0.3045697611821384,0.7804628102547209,0.9220909477262467,0.10355992227169705
0.5369773676235283,0.32299455872662897,0.29967948395874855,0.7746708024233988,0.9248788780280393,0.10356235841019117
0.537079138083826,0.3227115118152195,0.3001304118193657,0.7721776500053985,0.9201869953251389,0.10356479454868531
0.5371808991574363,0.3248678265147533,0.29881615306646836,0.7471601550523594,0.9302847428813266,0.10356724176053622
0.5372825632352805,0.3233168238428377,0.29884042821291934,0.7748420292009162,0.9251678708030795,0.10356970004574395
0.5373842867621437,0.32682229842531085,0.30131538203868025,0.7677967144233979,0.9244368890776968,0.10357213618423806
0.5374859539688841,0.322202966036981,0.30023542520649754,0.7694089940200477,0.9221929451763344,0.1035745723227322
0.5375876180467292,0.32414742018590237,0.2994243376166341,0.7821622519053248,0.9198130046748929,0.10357699738786953
0.5376893040268436,0.3262246601854747,0.3020185545120298,0.7667770573749086,0.9256778580535183,0.10357946674643403
0.5377909649757928,0.32495883563536837,0.30248003572557863,0.7721417130309893,0.9324776880577019,0.10358190288492818
0.5378925727335155,0.32509247253983675,0.30206208930624406,0.7717039172930191,0.928567785805285,0.1035843279500655
0.537994183620135,0.324341801950551,0.3028620967608776,0.7645500768237212,0.9237569060773012,0.10358677516191643
0.5380957600889014,0.32652390572626555,0.30279982578114173,0.780118530068943,0.9137781555460833,0.10358922237376735
0.5381973678466245,0.3236252343035192,0.2998657656889159,0.7814563385417064,0.9218359541010841,0.10359165851226149
0.538298941186496,0.32835348012533666,0.3029465302244442,0.7747257998925228,0.92239694007651,0.10359408357739881
0.5384005583309057,0.3249652292665679,0.30231697225720944,0.7599311233139752,0.9263408414789183,0.10359653078924976
0.5385020690928632,0.3238991162950381,0.29994835320106783,0.7627916270582307,0.9215469613259302,0.10359897800110066
0.5386035735970292,0.3263280328295083,0.3035467986532257,0.7675451158931688,0.9299447513811856,0.10360141413959481
0.5387050937456741,0.3289084905813195,0.30576317541182085,0.7670192050765088,0.9237569060773012,0.10360385027808892
0.5388065826053619,0.32600043968729997,0.3035045808147569,0.7847359349134932,0.9225329366765891,0.10360628641658307
0.5389080871095278,0.32239777332853836,0.2999586431628505,0.77172095261017,0.9202549936251216,0.10360873362843398
0.5390095603247369,0.3255083053018972,0.302077657051178,0.7741879365573021,0.9209179770505216,0.10361116976692811
0.5391110660804617,0.3244102197045492,0.3012705258619785,0.7809496470572166,0.9260858478537557,0.10361360590542223
0.5392125017489242,0.3256651745452378,0.3010407093375969,0.7631858219145418,0.9226349341265632,0.10361605311727316
0.5393139217729068,0.3245412989777449,0.30398822672550746,0.7582559837941323,0.9208159796004338,0.10361847818241048
0.5394153449257857,0.32540919507866334,0.30160825971624494,0.7662250972154723,0.9218359541010841,0.10362091432090462
0.5395167649497696,0.3233735181517085,0.29929900659040065,0.769077897343114,0.9193370165745591,0.10362335045939876
0.5396181223958401,0.32688879683839944,0.30301539483639134,0.7702289129676767,0.9232979175519631,0.10362580874460647
0.5397195048730743,0.32741737992783854,0.30268293987196176,0.7871283049656916,0.9253718657033687,0.103628222736387
0.5398208717058326,0.3245888292606892,0.3016412411575275,0.7851332668095594,0.9234509137271516,0.10363065887488114
0.5399221903535958,0.3249272912183511,0.30261037893044335,0.7710621345522415,0.9304377390565151,0.10363310608673205
0.5400235540574574,0.3253139235372486,0.30074703927321395,0.7690598692918633,0.9229069273267214,0.1036355200785126
0.5401247966730569,0.32316784025676937,0.29893699758968323,0.7677833323677339,0.9299447513811856,0.10363796729036352
0.5402261290879617,0.32605308523278953,0.3015958581985276,0.7644215376124912,0.9271568210795067,0.10364041450221445
0.5403273864093707,0.3243918898647679,0.30022777358294783,0.7862832102812944,0.9214279643008467,0.10364283956735178
0.5404286343440927,0.32522611123223333,0.3040874366538753,0.7779362225522424,0.914543136421571,0.10364526463248912
0.5405298885366063,0.3278945958404423,0.30312568711336,0.7733401416361536,0.9201529961750339,0.10364771184434006
0.5406311771469716,0.3234380990118157,0.3007106271068802,0.7594155369319522,0.9226349341265632,0.10365013690947739
0.5407323969216322,0.3262316938949655,0.301243350092831,0.7791609387563672,0.9176710582235046,0.10365256197461471
0.5408336010518147,0.32572719777407233,0.30181617714794484,0.7672958602154145,0.9188950276242167,0.10365502025982241
0.540934823955372,0.328873963900085,0.3034858479492918,0.7720049936907778,0.9203059923501087,0.103657434251603
0.541036034343346,0.3268137735837115,0.3024322778194949,0.7782062859367262,0.9219379515511719,0.10365987039009711
0.5411371790245108,0.32301033182910166,0.29894570499120027,0.7619079348720368,0.918827029324234,0.10366231760194805
0.5412383675102155,0.323914034767837,0.30097289829024615,0.7758321821919625,0.9249298767530263,0.10366473159372858
0.5413395028046937,0.32854381223263995,0.30607082955418674,0.7772672388971327,0.921325966850759,0.10366715665886593
0.5414405902270687,0.32381961517420377,0.30180773313757686,0.7701317441539974,0.9259328516786809,0.10366959279736004
0.5415417004903804,0.32370707850424363,0.2998480874947327,0.7721596616635118,0.9231959201018753,0.10367201786249737
0.5416428420426502,0.3244285495443304,0.30049901555897995,0.7692074689978077,0.9299447513811856,0.10367445400099151
0.5417439616926503,0.32598338821617295,0.3011106308341969,0.7940545313606093,0.9216319592010223,0.10367689013948565
0.5418450312803191,0.3257133431185451,0.30397160430929165,0.7724236495153056,0.9278368040797886,0.10367931520462298
0.5419460601923447,0.3257855968724702,0.30268689737931115,0.7943845161753511,0.923858903527389,0.1036817624164739
0.5420471454244926,0.3269766100373788,0.30194863190874427,0.7687120946820545,0.9284657883551972,0.1036842373117168
0.5421481242741875,0.32696829706526964,0.302344150239728,0.7695379700342815,0.9242668933276263,0.10368669006024613
0.5422491563151088,0.3256960788839638,0.3007763265982962,0.7739897868310008,0.9209179770505216,0.10368914834545383
0.5423500904215954,0.3245662370001083,0.2991372633978334,0.7765276122834883,0.926034849128655,0.103691529117164
0.5424511036891433,0.3263148182522723,0.30255048511116234,0.7735837982935854,0.9298767530810892,0.10369335622103462
0.5425521263433772,0.3263126870418725,0.30236235521620936,0.7780194930885258,0.9209179770505216,0.10369517225154842
0.5426530332284729,0.32274497467918223,0.30007236395149933,0.7742807373409426,0.923858903527389,0.10369698828206222
0.5427540152070627,0.32428446845735304,0.2991802714097495,0.7494349456777887,0.9249468763281357,0.1036988209226112
0.5428549596389054,0.3266792838374975,0.30131933954602963,0.7654534648544531,0.9245218869527889,0.10370063141644661
0.5429558727817918,0.3278592145295341,0.3026689546872934,0.7805511238802307,0.9300467488312734,0.10370245852031722
0.543056789053574,0.3285116295252597,0.30592702905363733,0.7769694583765852,0.9263918402039053,0.10370427455083103
0.5431576865519818,0.32476594679075654,0.3028040488930112,0.7742878056077327,0.9205609859752713,0.10370606843463125
0.5432584986315381,0.3153529357727206,0.24443813953418364,0.780172653932059,0.911959201019954,0.10370789553850183
0.5433594211611115,0.29657039311069794,0.21233207541557034,0.7809229623646166,0.9084572885676607,0.10370970049565885
0.5434602466949188,0.28085426243331524,0.19258468700521472,0.781889170609178,0.9158521036972616,0.10371151652617265
0.5435611285488484,0.26500620107133377,0.17433071091661578,0.7640260323471684,0.9044963875902567,0.10371334363004324
0.5436619415670734,0.23959614421128392,0.15444981196749336,0.404197128877972,0.7877263068422735,0.10371515966055707
0.5428833033660374,0.24188588126390362,0.15606565247941595,0.3944990300392206,0.7849383765404809,0.9031517571001464
0.5413753352307027,0.23794773699962551,0.15206509506406313,0.396587623456909,0.8016999575010004,0.9034349028333052
0.5398673076463498,0.2374219269868057,0.15322077795829536,0.3881563327481101,0.8082447938800215,0.9037180042730364
0.5383592706753095,0.23851574926938998,0.152874600093661,0.37529018114101453,0.7937101572460961,0.9040010835660544
0.536851227446479,0.2357225799131489,0.15264715851636323,0.3886104093253151,0.7866553336166362,0.9042842292992129
0.5353431998621256,0.23646642955639824,0.1514550678825392,0.3798995249846753,0.7825584360390394,0.9045672642988036
0.5338351303505711,0.2352758428123624,0.15170520093933693,0.380459784401185,0.787471313217111,0.9048502992983943
0.5323271371840703,0.23603056305899356,0.1519321157343365,0.4074397955412501,0.7746026349341264,0.9051275207856695
0.5308190376351174,0.23667168371235686,0.152161664440827,0.379293599799579,0.7906502337441452,0.9053712453686503
0.5293109693751203,0.2311030347613647,0.14841493641184317,0.3935018087813844,0.7834254143646149,0.9056151360519831
0.5278028760839586,0.23392902690327727,0.15010175530501865,0.3903911360440031,0.7768805779854802,0.905858971368532
0.5262948422418146,0.23071533683726736,0.14833076191268366,0.3845905509900598,0.770964725881754,0.9061026959515128
0.5247867864974007,0.2305162671249103,0.1465639960589601,0.40995347770043233,0.7736506587335725,0.9063465312680616
0.523278711979613,0.2310991978674737,0.14890913346215445,0.3797671339651385,0.7704547386314289,0.9065903665846103
0.5217705999150768,0.22956055693104846,0.1478001504826676,0.397744357229886,0.7739396515086128,0.9068341576077321
0.5202625485511168,0.22889471459463254,0.1458869457901617,0.413558452600739,0.7780025499362182,0.9070779264841401
0.5187544333576857,0.22954094872261294,0.14672178063749244,0.3973673168188179,0.7687717807053787,0.907321706433905
0.5172463431954193,0.22963813871097316,0.1478072775372901,0.39900024528474143,0.7647768805779833,0.9075654863836697
0.5157382499042575,0.2276992253515058,0.14544102900149034,0.39727050538941455,0.7740416489587005,0.9078094324337866
0.5142301910309479,0.22484467284472143,0.14443047020366598,0.41755869451018457,0.7555121121971524,0.9080532677503353
0.5127220351618735,0.2254783324737571,0.14471965376503038,0.4095855307337175,0.7646408839777905,0.9082969923333162
0.5112139011950676,0.22573580307244018,0.14585765846507942,0.4034099304462695,0.7556651083722272,0.908540716916297
0.5097058391928626,0.22623774066809657,0.14521174589951993,0.41142423312382803,0.7581470463237565,0.908784441499278
0.5081976833237878,0.2233237234577144,0.14300486007577606,0.4244920288812559,0.7463833404164006,0.9090283875493945
0.5066895950388588,0.2221793868400404,0.1447114731458115,0.4158209333233318,0.7449213769655216,0.9092721121323756
0.5051814610720533,0.22259969478635494,0.14234786516161568,0.39657193825813386,0.7533191670207771,0.9095159031554971
0.503673352136413,0.22044082334951254,0.14068400113908924,0.4212390377833408,0.757229069273194,0.9097595612983373
0.5021651900095465,0.22086965613742648,0.14213124254176973,0.41431348644761123,0.7508372290692478,0.9100035073484539
0.5006570716872196,0.220985814255931,0.14110642963470035,0.4293113161323223,0.7387335316617509,0.9102473426650028
0.48472166146284534,0.2225615439746838,0.1428272901738678,0.40577740272724716,0.7444113897153102,0.9149135444833725
0.49811338276768824,0.2167703802090081,0.13970114267933958,0.404119377943283,0.7456693582660137,0.9107650663884325
0.49612634003087974,0.21869267120011354,0.1404874294471393,0.4053987342322556,0.7324606884827745,0.9109781842132417
0.4946182342241352,0.2199766092506904,0.14203836506783515,0.4352765362093607,0.7406034849128673,0.9112219530896498
0.4940476394245521,0.2158468545104547,0.13934124412787138,0.41059891370269685,0.7203909902251553,0.9115301910492979
0.4915960245176625,0.21686650459216839,0.13881010591555715,0.4226742930353313,0.735537611559721,0.9117091364950485
0.4900874806655251,0.21502563585073503,0.1381554837351096,0.4253656745983607,0.7231619209519522,0.9119528167846023
0.47415211268124224,0.21819243392416376,0.14123017920735376,0.4015998585075944,0.7255078623034024,0.9166190628963989
0.4875438011326807,0.21622176338422483,0.13968953354844052,0.41119916044874283,0.739549511262112,0.9124706512415999
0.485556762776326,0.21385039489433508,0.13818978213213762,0.41336034258380194,0.7293157671057315,0.9126837026262682
0.48404854432933764,0.21352173614692682,0.13849111046018328,0.4250834601484965,0.7177560560985512,0.91292749364939
0.4834779773769262,0.2126261325228822,0.1383169624298422,0.42150802901499684,0.7290097747555819,0.9132357759024653
0.48102632836507375,0.21163418817636653,0.13719874526654008,0.4431623393850539,0.7118402039949387,0.9134146549080752
0.4795177219350233,0.2118733289352684,0.137047284288957,0.43890565440297236,0.7077773055673333,0.9136583794910561
0.46358228636659415,0.21085367885355472,0.13685071481037805,0.42722506556710926,0.7162940926475585,0.9183245259426417
0.47697397669537,0.21121239088587157,0.13598870419389977,0.41512188967968333,0.7065703357415032,0.9141760589210587
0.47498684322058704,0.21071577595243027,0.13761062483596154,0.4206391881309348,0.734840628984216,0.9143891103057269
0.4734786310313899,0.2099237595238018,0.1368034814732215,0.43064257256002736,0.7033234169144862,0.914632834888708
0.47290806314030975,0.20870482517834854,0.1344987203838233,0.4314054291516052,0.7031704207394114,0.9149411171417832
0.4704563462314213,0.20941968892981738,0.13713066197455623,0.4442532350325381,0.7043433914151365,0.9151200625875338
0.46894771477020614,0.20570789637411385,0.13275147424895564,0.44168316557649256,0.6912027199319937,0.9153637871705148
0.45301227857599713,0.2068888944592785,0.13299106059293464,0.4322996046098919,0.7023544411389366,0.9200299889888843
0.46640391946822213,0.20817603111338331,0.13379079580293507,0.42894837254547014,0.6971525711857112,0.915881533040658
0.4644167766067522,0.2037214545196304,0.1315200652926738,0.45853887727412057,0.7024224394389194,0.9160946287187536
0.4629085299997029,0.20478010825476078,0.13188287000026602,0.43425405979602827,0.7000424989374778,0.9163384086685185
0.46233794521258575,0.20459254743614852,0.1336939608216511,0.4211680374405298,0.7026604334890862,0.9166465248212419
0.4598861575906552,0.2043519137572099,0.13261374723843233,0.4292033860810025,0.6956226094347358,0.9168253595334247
0.4583774917115879,0.1991986756172259,0.1308182164151827,0.4391185363033132,0.6898427539310887,0.9170691948499735
0.442442075855201,0.20172563319387377,0.1309382696582648,0.43369463427616206,0.6915767105822397,0.9217354409617701
0.45630561522669844,0.19928648613431296,0.12887914848253273,0.4379396049958668,0.7057543561410284,0.9176169938104487
0.45477529175763864,0.20166467557023915,0.13106518435144932,0.44250777022907184,0.6687122821929279,0.917864427967955
0.45281037281627556,0.2004306117764608,0.1315622853445136,0.43719799291402306,0.6918147046322929,0.918073880511666
0.4508166811761849,0.19763957184269138,0.12790974731846783,0.43940126697490944,0.6898427539310887,0.9182864889620628
0.4493084126668663,0.1995465134703046,0.13198392145330648,0.45558184006600966,0.6666383340415223,0.9185302135450438
0.43337250901564595,0.19844160782088424,0.12774958779285164,0.44898031714042386,0.6786570335740407,0.9231967475641171
0.4472331970245267,0.19781370532061326,0.12860368339463116,0.44650983876926076,0.6662133446664029,0.9190765065289954
0.44571186787893646,0.19631939606360435,0.12901212781225938,0.43877596362018667,0.6750021249467864,0.9193201868185492
0.44418113890499855,0.1958890721435818,0.12747412270495007,0.43798662088282914,0.6728431789204024,0.9195676763428392
0.44245516527731255,0.1955972876271186,0.125606037580295,0.45112247849013243,0.6810029749256046,0.9198713077860621
0.44116267323507463,0.19107919309656612,0.12188779563609115,0.4632419749261576,0.6582235444112712,0.9200489244289977
0.4396451363110261,0.19134625592997673,0.12567675478376977,0.4484071521806181,0.6833149171269497,0.9202928704791145
0.43811053063536365,0.19299999116763478,0.12653295308800003,0.44532423628866447,0.6682192945175984,0.9205400278027007
0.4364714129610241,0.19292944130927264,0.1270350695797521,0.44819204655589395,0.6530216744580457,0.9208194085945501
0.4350928096426072,0.19124267052248878,0.12316960305006064,0.4627595855724287,0.6585295367615345,0.9210212758888593
0.4335735205369886,0.19236334927438187,0.12448227813600693,0.45561058964553713,0.6683722906926732,0.921265221938976
0.43204143675122886,0.18774486793986941,0.12175771582237555,0.44815912749314757,0.659073523161851,0.9215124899961301
0.4300937955717101,0.18711333594537724,0.12163106673371113,0.46377082423575255,0.6553336166595045,0.9217232713426561
0.4280814744868495,0.1889787225460498,0.12211629520472728,0.4494926076452359,0.6387250318741735,0.9219349385577258
0.4265731183684518,0.18803004784960692,0.1221790973935033,0.4488163968858805,0.6412239694006985,0.9221785524071386
0.42506475599226334,0.18825192437392746,0.122203887148712,0.44991404312524286,0.642889927751753,0.9224221662565517
0.42355637797159584,0.18421146591910292,0.11987010876549364,0.4576534775852752,0.6555036124096887,0.9226660015731006
0.4220479968220334,0.18599031321962994,0.12255218320939412,0.44574718072450303,0.6335061623459524,0.9229096707892974
0.42053962505915754,0.18421083120459625,0.11859093526301509,0.4643465703042178,0.6387250318741735,0.9231533400054943
0.41903128458523886,0.18409445495885285,0.12070150846103117,0.46859936376862854,0.6380620484487736,0.923397175322043
0.4175228784045104,0.1826896619024221,0.11958646527174416,0.443993932885695,0.6243433914152092,0.9236407891714561
0.41601446596599123,0.18207625949975415,0.12013183988633541,0.46885032694903406,0.6318742031448892,0.9238844030208689
0.41450610984759395,0.18137311204169995,0.11861045719524194,0.46851295619259004,0.6228134296642338,0.9241280833104228
0.4129977224402399,0.17885169525450606,0.11736981848188688,0.44772971043097876,0.6276753081172046,0.9243717414532628
0.41148928497055515,0.177980384210749,0.11828750423251869,0.47187459211037686,0.6262133446663256,0.9246154660362438
0.4099809163365751,0.17600588571656,0.11553260102920865,0.468307102849675,0.6124266893326649,0.9248591906192247
0.40847250076916053,0.17779665671017136,0.11582045878134359,0.45252799142849565,0.6319422014448719,0.9251028487620647
0.40696406017057996,0.1773454551527,0.11788433870472731,0.47122597935899324,0.6071568210794567,0.9253465844184026
0.4054556727632259,0.17839110707404876,0.11793235557521814,0.4759225646753362,0.6243943901400826,0.9255902536345995
0.40394724155133277,0.1749171733327364,0.11559170688841339,0.47083531863607697,0.6132426689332533,0.9258339782175803
0.402438813468335,0.1771191034441254,0.11591809057618782,0.4721194797580923,0.6108627284316981,0.9260775920669931
0.40093037912754603,0.17411599198421734,0.11476240989532657,0.477481157211874,0.6008329791754932,0.9263213166499741
0.3994219698179222,0.17712400236735998,0.11656928645832615,0.4718378212393237,0.6153846153845279,0.9265649304993872
0.3979135073170723,0.17487219621124434,0.11690173478264274,0.4804522118254726,0.6206884827878412,0.9268085443488002
0.39640507297628336,0.17243774246317647,0.1132397124618586,0.47254409198721814,0.5824054398640328,0.927052268931781
0.39489663550659904,0.17142278211709938,0.11444420682677098,0.4711133636027227,0.5928261793454794,0.9272959381479778
0.3933881873986693,0.17190958132478973,0.1141616146842469,0.4839351995596073,0.591619209519763,0.9275397180977426
0.39187972489781897,0.17208905355628037,0.11410119186929668,0.4689738230710372,0.5922651933701673,0.9277833319471557
0.3903712968148212,0.17023581235178747,0.11183495228879603,0.4792757027892296,0.5890352741181459,0.9280269457965687
0.3888628092828066,0.17082258535202646,0.11403443659991327,0.4752978172517095,0.5796515087122316,0.9282706260861224
0.3873543186218953,0.16869270517074914,0.11284577669114049,0.48790633450524945,0.5902252443688667,0.9285143949625305
0.38584584360546303,0.16731881466511625,0.11127794862296672,0.4745158207466895,0.5850743731406283,0.9287580088119434
0.38433739674909084,0.16722225939126267,0.11147979477801151,0.47802894788809147,0.5998640033998299,0.9290015119277885
0.3828289342482414,0.1664570976440149,0.11159694850508256,0.48362562535795517,0.5884742881427201,0.92924530295091
0.38132043107174773,0.16608730045693368,0.11098295938946726,0.4802702238103145,0.5624309392264877,0.9294890718273181
0.3798118997351936,0.1648093322985759,0.1099805767841198,0.4762249117727424,0.563450913727138,0.9297418101227272
0.37830348103888234,0.1639631702527083,0.1093119749524313,0.4843242719079639,0.5722056948576437,0.9299981140390232
0.37679496659836476,0.1613601256041007,0.10857476747320283,0.4808257578125097,0.574279643008822,0.9302544622487464
0.3752863945861664,0.16207840072255186,0.1082512833014394,0.4798565713656491,0.5448363790904978,0.9305108104584696
0.3737779164408388,0.16170839613580087,0.10814995517702383,0.4678665671655897,0.5637399065022919,0.9307669372010571
0.37226942890882286,0.15612951487179003,0.10539610111156819,0.485311446696711,0.542575435614026,0.9310233297042075
0.3707609100878515,0.1600506112407975,0.10835839939102193,0.4899725318416486,0.553761155971074,0.9312795671803625
0.36925237249350573,0.16050565684387266,0.10861274891957615,0.48147274247996963,0.5484402889927651,0.931535804656518
0.3677438380280553,0.15856887648273332,0.10567209962188095,0.47604804626553876,0.5321886952825707,0.9317920421326732
0.36623532859377006,0.15802900083886015,0.10938216094686593,0.4818650709961736,0.54840628984266,0.9320483460489692
0.36472682854617267,0.15756968208741617,0.10716604536604882,0.4865743633089925,0.5173480662982683,0.9323046942586924
0.36321827092689496,0.1533847322160952,0.1041715536053888,0.48640408955621095,0.519847003824907,0.9325609317348477
0.3617097208169664,0.1554080411498109,0.10518212125669715,0.4937355500106282,0.5424564385890562,0.9328421949973518
0.3602011425469769,0.1535535305163047,0.10212272460481034,0.4811417252217638,0.533548661283362,0.9331464908419822
0.3586926737883358,0.15368780392320794,0.10369556817167189,0.49324418634063805,0.5399405014874219,0.9335800127603694
0.3571841174206156,0.15160225720927512,0.10423461254520092,0.46971487922178556,0.540076498087501,0.9340169009792211
0.3556754984749828,0.15212700340482319,0.10222932055220771,0.49462182330548154,0.5154611134720426,0.9344537670513593
0.354166989040698,0.1536055413472876,0.10523437009254147,0.4705347981694141,0.5225159371016161,0.9348905445366431
0.35265842954408244,0.1496004749309404,0.10211507740800266,0.4876086334034295,0.512231194220135,0.9353274991956357
0.35114982937182315,0.14965524632304525,0.10240453100062916,0.4785973874335827,0.5195750106246351,0.9357642323874924
0.3496412429667055,0.1506348271461423,0.10344543511487414,0.47215676685087726,0.5326476838079088,0.9362011316797009
0.34813263653665505,0.14555618137015305,0.10079501187628478,0.48954549734131914,0.5052783680407629,0.9366380309719096
0.3466240832978307,0.14991783218427363,0.1030776171219652,0.4838811154058553,0.5052273693156621,0.9370747641637663
0.3451154956411546,0.1472160938996999,0.1001087340637841,0.5057324636400216,0.5125371865702846,0.9375117188227587
0.34360691111337394,0.14453738413018494,0.09864038374186923,0.5078693833536838,0.49834254143650014,0.9379484520146155
0.34209832345669744,0.14637846742300084,0.10044461311315189,0.4895301695268197,0.5010284742880913,0.9383354215410512
0.34058973892891675,0.14372938362355758,0.09859658112976386,0.4949992211008254,0.4847088822779142,0.9387174523503579
0.3390811262410751,0.14632497261162208,0.10218921426967362,0.4929886962927379,0.4868678283042982,0.9390994167195239
0.3375725022892091,0.14293928027809008,0.09742057284963146,0.4927843519056545,0.49409264768371486,0.9394814475288306
0.33606389585915863,0.1404526011476568,0.09634009366189261,0.48830148238629634,0.49349766255829763,0.9398634783381373
0.3345553175891691,0.1384239570362287,0.09594695470473474,0.4917536556539761,0.48877178070540594,0.940245398413876
0.33304665171010095,0.14121307137133987,0.09670870846836185,0.4993135243700537,0.4571185720357107,0.9406273627830419
0.3315380139910946,0.13895275467705032,0.09749498638267759,0.4971700129019694,0.47785805354862987,0.9410093935923487
0.33002943885000047,0.13777836298653953,0.09686252889943181,0.4879559315008708,0.47168720781974116,0.9413914244016554
0.32852080113099325,0.13796401250991902,0.0980939378557136,0.518295910765435,0.48419889502758906,0.941773410917535
0.3270121540252995,0.13535669471294262,0.09459522690085076,0.5049900970802619,0.4589885252868271,0.9421553309932736
0.32550348063688217,0.13386728795502462,0.09473639570328027,0.5026211555528168,0.4715682107947714,0.9425372510690124
0.32399486794904053,0.1356241866491183,0.09724881525997126,0.4862211882256815,0.489179770505757,0.9429193926118871
0.3224862239722417,0.13438905009842725,0.0949567146526975,0.49576096583021156,0.4704802379940247,0.943301312687626
0.3209775393198,0.13449732702948,0.09435485481016648,0.5115704549148419,0.44195495112614935,0.9436832327633647
0.31946888595631506,0.13261617626597566,0.09373110472843774,0.5055909394667675,0.44287292817671187,0.9440652635726714
0.31796022633503807,0.13327178092558828,0.0952815135668354,0.4952863198024602,0.4417509562260875,0.9444472943819782
0.31645158861603084,0.13186102691657947,0.09332740799160619,0.4940298758165089,0.44737781555454603,0.9448293251912848
0.3149429508970245,0.13067555185923257,0.09387147671730697,0.5068251859182493,0.4443348916275909,0.9452113560005915
0.3134342017893319,0.1268940640748407,0.091915255159401,0.5253879634643674,0.4190395240119642,0.9455931653427624
0.3119255671992205,0.12975266623897044,0.09319389745283937,0.5137389832822385,0.4311092222694697,0.9459750854185012
0.31041688567567416,0.12704390139661867,0.0929202805297234,0.4959168647932293,0.44788780280487117,0.9463571162278078
0.3089081728631715,0.12824471687781683,0.09249125397515895,0.4886282110331912,0.4570505737356143,0.9467391470371145
0.3073995163707903,0.12898728994034006,0.09455168989326548,0.5037195165607309,0.43136421589451857,0.9471211778464212
0.3058907941716007,0.12578021163276856,0.09122738371977979,0.5044256284711695,0.4385040373990705,0.9475029871885922
0.30438211264805437,0.12489632430213857,0.08927117322872882,0.5099231119497907,0.4296982575435777,0.9478851287314667
0.3028734060933429,0.1225187803082882,0.08912631916358305,0.5142356680070035,0.4147896302591789,0.9482670488072056
0.3013647108026558,0.12105494986309656,0.08832631834906249,0.5119963775529797,0.41601359965989104,0.9486489688829443
0.29985602302131786,0.11844443167466404,0.08760150574743833,0.5126874793238307,0.4307012324691186,0.9490309996922509
0.29834727891985846,0.12102297276745791,0.0888698558657231,0.5251283039332484,0.4046748831278819,0.9494130305015577
0.2968385191739209,0.12004083699498047,0.08955033464620168,0.5124377868430727,0.38449638759027494,0.9497948398437286
0.2953298251347918,0.11977355961018732,0.0879310545557439,0.5234022570087724,0.4113897152570871,0.9501768706530352
0.2938211217089761,0.11915652771329815,0.08792392750112141,0.49964311209115597,0.3866893327666503,0.950558790728774
0.29231239012309906,0.11848982717135209,0.08735770293170284,0.513940508304479,0.39214619634503833,0.9509408215380807
0.2908036616661178,0.11807059376987844,0.0885666904397468,0.5234452622499717,0.3756396090096814,0.9513226308802516
0.2892948593671991,0.11825026267346972,0.08867012126661306,0.5103284651373825,0.3909392265193219,0.9517046616895583
0.28778615594138346,0.11498627461168079,0.08662550652442008,0.5142228815917991,0.3749256268592944,0.952086637132081
0.28627742122661104,0.11232823329201672,0.08406717279968898,0.5119341926889742,0.3810624734381918,0.9524686125746037
0.2847686458361949,0.11605537521121245,0.08779411329192588,0.5310014379951982,0.39940501487456004,0.9528506433839105
0.2832599330236918,0.11289539987174838,0.08690967237372574,0.5250930817273907,0.3881512962175293,0.9532324527260814
0.2817511451176933,0.11092834809846153,0.0848154692676314,0.5173485644687681,0.35682107947297936,0.953614428168604
0.2802423791139641,0.11084672023704784,0.08603368653274857,0.5054659343889327,0.3558011049723291,0.9539964036111268
0.27873363501250426,0.11041788566120572,0.0848956818326995,0.52440785694241,0.32183595410106136,0.9543783236868655
0.2772248658798797,0.10765008343009305,0.08303892916756841,0.5158861877211738,0.3524861878452157,0.9547602437626044
0.27571604668492444,0.11014016677579586,0.08636007022052303,0.5166648883489828,0.3567360815978873,0.955142274571911
0.2742072900678827,0.10942104417938373,0.08343814604149441,0.5258369572429822,0.34980025499351086,0.9555241946476498
0.27269854784376024,0.10729051319224603,0.08379857137526078,0.5207780239802469,0.3236719082021864,0.9559061147233887
0.27118979435561386,0.10657863170499446,0.08218219965429799,0.5063431142394323,0.3326306842328677,0.9562880347991275
0.269680993934033,0.10587250734650755,0.08179775924517321,0.5286744692654883,0.3515512112195438,0.9566700102416502
0.2681721622234945,0.10374539130220856,0.08255634788826921,0.5151015703981305,0.3790395240118869,0.9570519856841728
0.26666338996197414,0.10381402986533791,0.0823909072594452,0.508202306661361,0.3207819804505334,0.9574337950263438
0.2651546039333126,0.10425756121088367,0.08332336947487815,0.518322873423583,0.351007224819341,0.9578158258356505
0.26364580476328925,0.10258571426068333,0.08015526089291722,0.5010937745763737,0.3241138971525288,0.9581977459113894
0.2621369915132359,0.10236319765807156,0.07936555225355033,0.5409685677749698,0.3338376540585841,0.9585796659871281
0.2606282364606418,0.10057711103631214,0.08202626766729332,0.5122633833164361,0.32902677433060035,0.9589589948973776
0.25911943103282686,0.09866888388833187,0.07909773436245643,0.5389667393175954,0.30167445813856375,0.9593094001996878
0.25761054487950474,0.09917657324896839,0.07962967381507294,0.5369848449609433,0.2771440713981974,0.9596112599058241
0.2561017457094814,0.09778735304705338,0.07879351758525474,0.5243470221967801,0.32006799829991905,0.9599132303455282
0.25459292213407236,0.09615300789059197,0.07785683004458127,0.5211184920670817,0.27250318742017043,0.9602149128779559
0.25308406633103697,0.09667817603719236,0.07844338221327096,0.5296479443236597,0.27619209519764354,0.9605167725840922
0.25157524557163446,0.09470324844023828,0.07847478109428796,0.5209499655263157,0.2981725456863842,0.9608186987303691
0.2500664141739861,0.09343592918216698,0.07699430149928879,0.5301335104265077,0.31002124946871845,0.9611204477029374
0.24855757119942323,0.08971326602308166,0.07447395807441501,0.538395321569805,0.2865788355290988,0.9614224181426416
0.24704874731112447,0.09204115567530069,0.07462329421583738,0.5206413443493991,0.2955376115596664,0.9617241228217827
0.24553991403613917,0.09241094571066913,0.07654494291871122,0.5198103464892176,0.26910327241807863,0.9620260268213461
0.24403101474145483,0.17768092411857556,0.14037212167148286,0.5388458243042513,0.17832554186145444,0.9623278311606985
0.2425221564353035,0.2309487222553327,0.18349068040219782,0.5114439408811753,0.3148321291967022,0.9626296908668347
0.24101332941810893,0.25429773953311974,0.2028159037080914,0.52646440490336,0.2531236719081562,0.9629316059397549
0.23950450021068725,0.2877013091818087,0.23949667589302986,0.5383805099770373,0.3667658308542059,0.9632334102791071
0.23799557306883123,0.33432176142107967,0.2829086359848883,0.4684643519310685,0.779566510837185,0.9635352699852434
0.23847859602374077,0.31809218032085373,0.2529558861436645,0.7823140608038519,0.9235019124521386,0.09944333544431674
0.5051004739883003,0.30702415533891986,0.25084531515901937,0.41317104804567006,0.8200934976624694,0.10328486008899622
0.5181606609505978,0.328646332034928,0.3152445219399736,0.7551434447166434,0.9309477263068402,0.9007034379135461
0.5504841806619489,0.324622930415015,0.3151236763100732,0.7533045040703488,0.9321716957075523,0.10377419172561254
0.5505831288583587,0.3275881038267063,0.3174326649380829,0.7992119835553995,0.9267488312791556,0.10377599668276954
0.520132457830405,0.32718548564188177,0.3192458717421447,0.8332241259641384,0.9291967700806936,0.10355088087587679
0.48984173626157457,0.3282793097123943,0.31915563481981407,0.8358422834599739,0.9248278793030522,0.10333165609479711
0.48995319096683465,0.3332908152090755,0.319531890182978,0.8237488760760889,0.9178070548235837,0.10333245337648608
0.4897637704394726,0.3303851082889102,0.3153503255005527,0.8190493522668112,0.9264768380788837,0.10333251981662685
0.48994853204119426,0.32963038804227907,0.3100347136254277,0.8275188036744028,0.9266468338291816,0.10333360500559241
0.48997027442425933,0.32694527927778,0.3074426082859668,0.8074128805343388,0.9232979175519631,0.10333455731427647
0.5194142060640856,0.32797409606731254,0.3082655706112494,0.7617280514531701,0.923858903527389,0.10354963512323774
0.5511371705483321,0.3273340419131132,0.3083236184791157,0.7674349621174654,0.9233489162770638,0.1037855640630374
0.5512360436512473,0.33116668500485014,0.30873470344834786,0.7722813311547718,0.9255758606034306,0.10378736902019442
0.551335007179246,0.3310675765695444,0.30859776218452983,0.7514323266863963,0.9303357416064273,0.10378914075728107
0.5514338458643087,0.3297484663956573,0.3070317867078837,0.7672620278372968,0.9266978325541686,0.10379093464108129
0.5515327408694928,0.32761879540197797,0.30658983185330374,0.7530775253457922,0.9206969825754641,0.1037927451349167
0.5516316014568248,0.3302367656750972,0.30746556315661583,0.7608488861344711,0.9296387590309223,0.10379452240868174
0.5517304057240349,0.3275904478005605,0.303966854415124,0.756891609756861,0.925320866978268,0.10379633843919554
0.551829209991245,0.3293221921329801,0.30849934464298034,0.7594341209142987,0.9309987250318272,0.10379813232299577
0.5519280455474118,0.3315243314319671,0.30960410340391226,0.7586474784136918,0.9217169570760007,0.1037999151334392
0.5520268435568307,0.33107397020074397,0.3083687380469665,0.774650153554125,0.921376965575746,0.10380170901723942
0.5521256324924515,0.32698769251025084,0.30505103214580515,0.7540287631601301,0.9237059073522005,0.10380348075432605
0.5522244085996006,0.32712879043904686,0.3049225348923551,0.7540110130744273,0.9188950276242167,0.10380528571148308
0.5523231502888972,0.3284504591381707,0.30497345791896996,0.7372084325058155,0.9240118997024638,0.10380709066864008
0.5524219044937775,0.33000295294219495,0.30819802295504767,0.7615768381951029,0.921325966850759,0.10380889562579709
0.5525206148941173,0.33065430233272064,0.3073080419692326,0.7618919319983497,0.9237569060773012,0.10381066736288375
0.5526193346811445,0.3299560627375419,0.30929671375938095,0.7630829746618124,0.9230429239269142,0.10381247232004075
0.552718023179215,0.32893513428717397,0.3085785014300811,0.7757972776610167,0.9302847428813266,0.10381425513048417
0.5528167179350771,0.32579945152799744,0.3039238464032079,0.7628941963454123,0.9327666808329695,0.10381603794092761
0.5529154521150241,0.32880234843652295,0.30857032191754774,0.7640531538427724,0.926034849128655,0.10381785397144142
0.5530141259072856,0.32871517442187076,0.3069769061739195,0.7667830931982347,0.9224309392265013,0.10381963678188486
0.5531127862452943,0.329540444526864,0.3092418310120457,0.7757949745179058,0.9318147046324157,0.10382143066568507
0.5532114059076609,0.3306334139677027,0.3082571266008814,0.7716663919440501,0.923858903527389,0.10382322454948531
0.5533100318278183,0.32869087647779865,0.3064885103690012,0.7597289629419113,0.9283467913302275,0.10382502950664231
0.5534086483612888,0.32717568064369995,0.3046676519413897,0.7709550383975652,0.9229409264768265,0.10382681231708574
0.553507258636968,0.3267585695129852,0.30582333483562196,0.763221917726407,0.9337356566085191,0.10382860620088596
0.5536057875613589,0.3299603251583416,0.3087439376321631,0.7526837275831211,0.9274628134295426,0.10383037793797259
0.5537044366353445,0.32589855996330314,0.30437767599320703,0.7560631135866105,0.9203059923501087,0.10383217735845121
0.5538029718175279,0.32980921125583756,0.30696793427456787,0.7575253314967489,0.9274628134295426,0.10383397677892983
0.5539015445464588,0.3264019904789964,0.3072051401380355,0.757919804318608,0.926816829579252,0.10383577066273007
0.5540000421818938,0.3280977152101447,0.30702809259168345,0.7619835812104343,0.9301827454312388,0.1038375534731735
0.5540985679773902,0.32789587420909655,0.3056565772510525,0.7530291990498184,0.9277008074798232,0.10383934735697373
0.554197087515095,0.3303966189705832,0.30801860267498277,0.7590497342708926,0.9227369315766509,0.10384113016741715
0.554295643660879,0.3325659336959705,0.30745949409333173,0.7555442710367404,0.9295877603059353,0.10384292405121738
0.5543940849761921,0.33203713963100523,0.3092951289857444,0.7642335137740071,0.9237569060773012,0.10384471239833921
0.5544925325492969,0.3285052358940601,0.30663917231965304,0.771657655883973,0.9275988100297354,0.10384651181881784
0.5545910351909655,0.3303966189705832,0.308931801922596,0.7759716017689253,0.9313557161070776,0.10384829462926125
0.5546895046663392,0.329220737935892,0.30837770883963267,0.7577280477999087,0.9286187845303857,0.10385008851306146
0.5547879084349048,0.32919580170145685,0.30706397797571905,0.7683549089529804,0.9188950276242167,0.1038518713235049
0.5548863215901574,0.32948289648228346,0.30415524548785505,0.7598179913359726,0.9261368465787427,0.10385367628066192
0.5549847034564523,0.3298599383543816,0.31167958471139656,0.7519266685586856,0.9324776880577019,0.10385545909110536
0.5550831322561836,0.33126387499321036,0.3102563517439615,0.7715215321842213,0.9201529961750339,0.10385725297490557
0.5551815172513752,0.3302333543081149,0.31045767333007906,0.7637991727507039,0.928567785805285,0.10385904685870578
0.5552798866020878,0.32853187602405826,0.30698904208711675,0.7604292375758435,0.9274968125796477,0.10386082966914922
0.5553782340505311,0.3266383599492071,0.3048320323655044,0.7640016905070437,0.9272078198044937,0.10386261247959265
0.5554765721122878,0.3302237638613156,0.30788693808763057,0.7596319529656879,0.9189970250744182,0.10386439529003609
0.5555749414630005,0.3326739942877125,0.3098803597719466,0.7686074605079456,0.9248278793030522,0.10386617810047953
0.5556732588740458,0.33094459571707524,0.3099721792545428,0.7519963584924849,0.9234169145771602,0.10386797198427974
0.5557715969358021,0.3278888404996058,0.3054520905444038,0.7695915776756657,0.9249298767530263,0.10386976586807996
0.5558698880641244,0.3304669542775628,0.3061652895883869,0.7579112668053503,0.9324776880577019,0.1038715486785234
0.5559681385168016,0.33229737973045126,0.3121690340809112,0.7463464307655128,0.9345006374840068,0.10387333148896682
0.5560664046139574,0.3281524919660341,0.30769802023260134,0.7613965973919605,0.9308457288567524,0.10387511429941026
0.5561646926133839,0.33218399111270963,0.3085080520444974,0.7737744429500928,0.9283127921801224,0.10387691925656727
0.5562628804881484,0.32987421674888934,0.30999091322669337,0.7570874960494147,0.9269018274542304,0.10387868545697551
0.5563611371986181,0.3323647309852854,0.3092001421692461,0.7655000042290474,0.9277008074798232,0.10388048487745413
0.5564593438467562,0.3299338977917979,0.310320734279632,0.765238478357821,0.9222269443262121,0.10388228983461116
0.556557544237104,0.3301932850494983,0.30779327044024873,0.7461321987467964,0.9268508287292434,0.10388407264505459
0.5566557195962862,0.32828506326530255,0.30616027630307013,0.7847112356890928,0.9279558011048721,0.10388584438214123
0.5567539199866327,0.32853251610234946,0.30742994337710033,0.7718906704318558,0.9268508287292434,0.10388762719258465
0.5568520859591279,0.33191863396279014,0.31093393100842903,0.7513618028559532,0.9221929451763344,0.10388942107638488
0.5569502519316232,0.3298921210617619,0.3080708448707141,0.7656414489835734,0.9255758606034306,0.1038912149601851
0.5570483615839956,0.33075895334540856,0.30921148790899605,0.7510874111507946,0.9235869103272307,0.10389300884398531
0.5571464555918912,0.3299419971064886,0.3078267808772005,0.7494037341176938,0.9297407564810101,0.10389479165442875
0.5572446278221781,0.32787434755371553,0.3049048566981719,0.7600359163255399,0.9288227794304476,0.1038965633915154
0.5573427249589682,0.3306193465487211,0.30869090304961355,0.7457614324152382,0.9222949426263085,0.10389836834867242
0.5574407626467406,0.33092264174685737,0.3079959111954828,0.7717321903601788,0.9324776880577019,0.10390014008575905
0.5575388660413223,0.330425179335455,0.30837032060723213,0.7361728122930025,0.9349766255843406,0.10390193950623766
0.5576369431531805,0.3302862126170588,0.3069594913708854,0.748230084155658,0.924572885677776,0.1039037167800027
0.5577349651964756,0.32751520999448996,0.3049204233364204,0.7833481720608331,0.9265448363789801,0.10390549959044613
0.5578329809819786,0.3307058804850821,0.3087837805235481,0.7442771758080866,0.9275478113046347,0.10390728240088958
0.5579310593453952,0.33217866308671,0.3105336649966487,0.7511406216985388,0.9215469613259302,0.10390907628468979
0.5580290260072367,0.32858985138347563,0.304876625151057,0.7655466230223693,0.9294347641308605,0.10391085909513323
0.5581269760859309,0.3322274699503804,0.30857665437198095,0.7805809456125858,0.9289247768805353,0.10391265297893344
0.5582249637113734,0.33074509868988133,0.310061099221128,0.7595284306537706,0.9313047173820905,0.10391443578937687
0.558322988883563,0.3314548471788049,0.3115856514594946,0.7599685295348522,0.928975775605636,0.10391621859982031
0.5584209483489451,0.32936439260199657,0.30977349822002914,0.7552961272211782,0.9259328516786809,0.10391800141026372
0.5585188608808913,0.332092129150349,0.30913708101606296,0.7670134869280945,0.9265958351040808,0.10391978422070716
0.5586168328618548,0.33085315928162334,0.30874552129911415,0.766283072886895,0.9275478113046347,0.10392156703115059
0.5587147310008822,0.3292456759582553,0.3087800864073478,0.7639796518100304,0.9235529111771257,0.10392336091495082
0.5588126122438712,0.33271321070458354,0.31016716838622715,0.7460441630868346,0.9214279643008467,0.10392514372539424
0.5589105404202965,0.3313273911420817,0.30720804186741757,0.7462635573228693,0.924606884827881,0.10392692653583768
0.559008449823347,0.32932943860592523,0.30877164239697985,0.7427408999341103,0.9166170845727493,0.10392869827292434
0.5591062872617973,0.33098828910612854,0.30953734924121434,0.7459305545964641,0.937645558860936,0.10393048108336776
0.5592041591181007,0.3338036234081137,0.3115576833035288,0.7545470100695404,0.9248788780280393,0.10393226389381117
0.5593019768445084,0.33168503578127045,0.30968748219619696,0.7730370400608315,0.9280577985550735,0.1039340688509682
0.5593997861228974,0.33149939340960377,0.3102961924219754,0.7797402586675914,0.9301317467062518,0.10393584058805483
0.5594976392058268,0.33349606578917773,0.3114228535956455,0.7704784863203427,0.9153421164470501,0.10393763447185506
0.5595954378459713,0.329182159809384,0.30796398553216764,0.7551639744578253,0.9265958351040808,0.10393940620894171
0.5596932471243603,0.3309104927748213,0.3081959125057984,0.7785934919449753,0.9278368040797886,0.10394118901938514
0.5597910345004804,0.32946563403563034,0.30883153842963185,0.7686462962659262,0.9288567785804389,0.10394297182982858
0.5598888093610177,0.33119311415932207,0.3073323171156836,0.7433412260988841,0.9330726731831192,0.103944754640272
0.5599865498037029,0.33361201293215614,0.3107729813093656,0.7544038181029988,0.9327666808329695,0.10394653745071541
0.5600843215353448,0.3288976217658659,0.30834182345559713,0.7447550382943209,0.9331066723331105,0.10394832026115886
0.5601820441433243,0.33284088129268924,0.3101880139143125,0.7459590659198077,0.9291287717807108,0.1039500919982455
0.560279775199322,0.33049636748418015,0.3076943261164011,0.7378484283252136,0.926816829579252,0.10395186373533213
0.5603774105111126,0.33551213540166114,0.31433026691439303,0.7820466182373911,0.929281767955672,0.10395366869248916
0.5604751728560675,0.3340819805838866,0.3098067430524608,0.7407735392046779,0.9265448363789801,0.10395545150293259
0.5605728413341531,0.33304677195108273,0.3112827472112964,0.769169705392655,0.933276668083181,0.10395724538673282
0.5606705160700289,0.33338523390874464,0.31140755034854617,0.7644539801628696,0.9237569060773012,0.10395900605046265
0.5607681814192178,0.331625783841127,0.30996400084869496,0.7613177345950801,0.9319677008073768,0.10396078886090608
0.5608658498973029,0.3321130157274388,0.31150148138707706,0.7539840504162794,0.9283467913302275,0.10396257167134951
0.5609634526685783,0.33074722990028116,0.3096858974225604,0.7588746953944325,0.9257968550787155,0.10396434340843616
0.5610610545011858,0.3199196226155609,0.250071429908937,0.7635679451242006,0.9153421164470501,0.1039661262188796
0.5611586184741557,0.30453577338568055,0.2219039222572028,0.7491362518418694,0.9164130896726874,0.10396792010267981
0.561256277565553,0.2885178393574415,0.20125573169020933,0.7649400227780851,0.9144921376964703,0.10396969183976644
0.5613538709501427,0.2704938550874907,0.1802450042335147,0.748628527913916,0.918827029324234,0.10397147465020988
0.5614514299168794,0.24453241190189468,0.16044247189804572,0.36619633969407217,0.8061198470038562,0.10397325746065332
0.5606724913418599,0.24356476728737933,0.15985038408848312,0.3701908237457392,0.7969910752229907,0.9058728130645214
0.5591626615136063,0.2421437809653518,0.15790155518971974,0.38298176581744103,0.7896302592433813,0.9061554051298404
0.5576528723609959,0.24029800614897112,0.15825775741161666,0.3854321909597902,0.7939651508712586,0.9064381079287274
0.5561429924704102,0.2420380607716076,0.15863770910435188,0.3754787212012305,0.788644283892836,0.9067206999940463
0.554633126346967,0.24248586526552218,0.15840630780633375,0.37391623714702193,0.7887462813429238,0.9070031813257974
0.5531232902609209,0.24122323574308746,0.1579458823707523,0.3987938757200946,0.8000339991499459,0.9072858841246844
0.5516134529233176,0.2387855816035635,0.15571974685941467,0.39079609213795496,0.7801784955375979,0.9075683654564355
0.5501036293528547,0.23809075158743886,0.15613425812695603,0.37954531745790043,0.7921291967700199,0.9078510682553226
0.5485938026534964,0.23738526373138685,0.15714349775566394,0.37483523095780136,0.7808924776879849,0.9081053125272555
0.5470839039895377,0.23727400811197324,0.1559134123952406,0.37487633014952926,0.7880322991925368,0.9083485941759645
0.5455740804190747,0.23750462581720388,0.15546222114347436,0.3739673430984747,0.7681767955800751,0.9085918315312466
0.5440642067862815,0.23506036170716965,0.15319834986994452,0.39182607362108146,0.78393540161494,0.9088352682069509
0.5425543456690707,0.23612860767702754,0.15425007294164134,0.39782258467694276,0.7797705057372468,0.9090785498556603
0.5410444657784859,0.23236885573561464,0.15055822323325072,0.38963157532963644,0.7669528261792493,0.9093219422379372
0.5395345890167969,0.2343968669204643,0.1527643100300633,0.39989025125980926,0.7628049298766655,0.9095651574465057
0.5380246872239423,0.23248501742997554,0.15172577864953113,0.38511479401343207,0.7712707182320173,0.9098085055353557
0.536514868033934,0.232031462959009,0.15069859300874894,0.39758814059195613,0.7746706332341091,0.9100518979176329
0.5350049505966012,0.23108086802769245,0.15136456314231747,0.38141753455121696,0.7734466638332833,0.9102950688327742
0.5334950456748504,0.22918181116338737,0.1512054571812977,0.3908525588535463,0.7710667233318418,0.9105383947749106
0.5319851782998488,0.2321838588060237,0.15302763699139665,0.3931759537404971,0.7713557161071094,0.9107817982305445
0.5304752358313514,0.2314866830281167,0.15186984254122965,0.3923969354377763,0.7636209094772539,0.9110251352460377
0.5289653653274531,0.2297643163790421,0.15040492294436597,0.39802391115236313,0.7598810029747938,0.911268306161179
0.5274554823079725,0.2303093090733887,0.15260098317054505,0.39180828382601485,0.7709307267317627,0.911511698543456
0.5259455367105792,0.22652526276376012,0.14586847520916021,0.3980967778352815,0.7622949426263403,0.9117549801921654
0.5244356380466204,0.22973788722457011,0.15029278250261166,0.3945177331496592,0.7657968550785199,0.9119982618408745
0.522925723738183,0.22712503400192433,0.1482925060083062,0.4053940882366689,0.7489162770930307,0.9122415434895839
0.5214158156875377,0.22642956569543668,0.14835213643643816,0.39178128145850266,0.7526731831703728,0.9124848251382931
0.5199058763479356,0.2239043102264236,0.14665080446961054,0.37835137601086655,0.7662388440288623,0.9127281067870022
0.5183959745550806,0.22559491790709849,0.14658457598252533,0.3901037990861844,0.7476073098172265,0.9129713884357115
0.5168860289576873,0.22336933708164136,0.14542678374572934,0.3875190371654631,0.7416914577135003,0.9132147365245615
0.5153761196554836,0.2232527462845154,0.14631992985207554,0.389676804295219,0.7480152996174638,0.9134579517331299
0.5138662335071071,0.2234375393902929,0.14633629330388426,0.39203287998873204,0.7490012749681227,0.913701344115407
0.5123562597496525,0.220788877541902,0.14366793069333358,0.39821332481858684,0.7509392265193355,0.9139445150305483
0.5108463078944676,0.22358076674156063,0.14639803086120892,0.39692237339532976,0.7419294517636672,0.9141877966792576
0.5093363654259693,0.21840003026604837,0.14285631410780097,0.41131264981102134,0.7459753506161633,0.914431122621394
0.5078264041840983,0.21916796508991548,0.14608668260264274,0.418412763510843,0.734177645558816,0.9146744707102439
0.5063164554578083,0.21804216928754888,0.14257267061405152,0.41677268735940176,0.7304207394814739,0.9149176416253851
0.5048065036026235,0.22112393170843797,0.14514445942109633,0.4055595571564079,0.7380705482362373,0.9151610340076625
0.5032965079428995,0.21930202930922071,0.14350777116771743,0.4076077661509203,0.7418274543135794,0.9154042049228037
0.5017865811188793,0.21546619387170451,0.14029297152449513,0.42095428193418116,0.7399065023373623,0.9156474865715128
0.5002766042325297,0.21951388807190508,0.14291093125061613,0.4135026212349717,0.7255418614533937,0.91589087895379
0.49876664611955324,0.2153003688960713,0.14105629678153278,0.4216213992491833,0.7263238419038771,0.9161341606024992
0.4972566848776814,0.21539116704116018,0.1413528707886688,0.4157661344010284,0.7201019974500014,0.9163774422512085
0.4957466454134174,0.215695953371405,0.14039455197320475,0.41350317716606755,0.7329026774330032,0.9166206685331337
0.4942366998160237,0.21252936806143066,0.14054705987527122,0.43331215368222753,0.7197960050998518,0.9168640055486269
0.492726679125135,0.21513284360073148,0.14056342332707997,0.41817617512020133,0.7168040798978836,0.9171071764637683
0.4912166834654106,0.21141551025557398,0.13892277313960966,0.4133807134875276,0.708882277942962,0.9173504581124774
0.4897066909345815,0.2117705999453824,0.13770930355528913,0.41697361674118194,0.7016574585635453,0.9175937397611866
0.4881967109193357,0.21132236634870272,0.137720388117261,0.40584673527677073,0.7128941776454667,0.9178369660431119
0.4866866933573424,0.20924448984669555,0.13847316444810898,0.41116910046020383,0.7140161495962047,0.9180803030586051
0.4851766757953482,0.20846078192035578,0.13652881319888016,0.4405850428247622,0.7237909052272471,0.9183234739737464
0.483666692651207,0.20703169628363752,0.13598975775849614,0.41561690661116035,0.7159371015724219,0.9185668220625964
0.48215666257363,0.2073656812691172,0.1349963525859278,0.4229966536521874,0.7019124521887079,0.9188101480047328
0.48064662623826226,0.20701549765425611,0.1349749714220603,0.42140708781173886,0.7070803229918283,0.9190532746264469
0.4791366211918513,0.20570704353236824,0.13557393174858035,0.4346200610039077,0.7015724606884532,0.9192964898350154
0.47762662240323106,0.20584174782996476,0.13501349735769982,0.42894281323451144,0.706672333191591,0.9195397714837246
0.47611660797013267,0.2063498698692227,0.1373288250802557,0.4322390875391737,0.6986145346365902,0.9197831638660017
0.47460652157243466,0.2069357828760034,0.13572485045026828,0.44818493857973984,0.6891457713556974,0.9200263347811432
0.4730965415571884,0.20378752561788208,0.13486970349726338,0.44281782094309197,0.6983085422864406,0.9202696164298523
0.4715864457728034,0.20492610689471955,0.13471930493776066,0.4264051863288443,0.6866128346790674,0.9205127873449936
0.4700764344686008,0.20439752380528048,0.1365317237817462,0.4175881588582637,0.690862728431739,0.92075611328713
0.4685663856176503,0.20325190881895222,0.1342773390163257,0.4245743066834393,0.6854908627284431,0.920999350642412
0.4670563367666998,0.20277277982318753,0.13297337575863843,0.43191652837549754,0.6854908627284431,0.9212425658509805
0.4655463098180186,0.20199588926702777,0.1338464620836046,0.43666882592951595,0.6738631534211663,0.9214859582332576
0.4640362184140874,0.20193472424372338,0.13423513003134085,0.4326352281543202,0.6874628134296472,0.9217290848549717
0.4630026972435419,0.1976410629748,0.12848468150277442,0.4330761609320455,0.6914747131321519,0.9220028182348576
0.4614964155829684,0.19753002011884074,0.12973957432537445,0.45923522068101796,0.6812919677007585,0.9222462106171347
0.4595059967677404,0.198003184586171,0.1308171539971023,0.4316766441076445,0.6700892477688285,0.9224588190675316
0.45799592914341547,0.19836359872612264,0.13175752680049208,0.41066387822218164,0.6696812579684774,0.9227019899826729
0.45695378098175077,0.19632024890534994,0.1302749445030422,0.4442204350978838,0.6802209944751212,0.9229738408919043
0.4559111009078243,0.19689508033322264,0.1296065949956478,0.4402994927883228,0.6721121971950197,0.9232477957389257
0.4543893224528164,0.19758287663985646,0.13214829745067913,0.4373043345907832,0.6637484062897556,0.9234893056505484
0.4528753962743619,0.194461475851044,0.12863851078732838,0.42986907385890083,0.6716022099446946,0.923733251700665
0.4513523944211508,0.19723290221259332,0.13126438774151916,0.4407714385793229,0.6671993200169481,0.9239746508787197
0.4498359745128533,0.19028291245920978,0.12644930979788074,0.4507341209103277,0.6705992350191536,0.9242183090215599
0.4478652627340618,0.19066720080425303,0.1267946974890678,0.4499944148779551,0.6667233319166144,0.9244325341820483
0.4458600129533967,0.19042677810084052,0.12666619802224674,0.44007866901518433,0.6563025924351678,0.9246441460303337
0.44434994220017643,0.18896337675841396,0.12564218192873766,0.4375226963833547,0.6534126646834011,0.9248874276790431
0.4428397838378779,0.18856352986228056,0.1232669692403848,0.44364838200026946,0.6515937101571581,0.9251306428876115
0.44132969431128366,0.18921999451535151,0.12580154464079357,0.4450890377257619,0.6304632384189972,0.9253738802428935
0.4398195985268982,0.18756859609983495,0.12458728930976778,0.4439804317019391,0.6369060773480442,0.925617095451462
0.4383094589379737,0.18979909015195212,0.12772372455270758,0.445146814850365,0.6639524011899312,0.9258603328067441
0.4367993381224231,0.18834911615021588,0.12649417482806644,0.44471156051169025,0.6505397365066301,0.9261035480153125
0.43528921104908136,0.18636245080470892,0.12624508205563909,0.4425972751355014,0.6409519762005402,0.9263466746370267
0.4337790902335299,0.18586392278810668,0.12392871183534182,0.4633053113617187,0.644249893752658,0.9265899562857358
0.43226894000636085,0.18443973965047936,0.12436486765789975,0.43447345403206317,0.6396940076497231,0.926833237934445
0.4307587659995833,0.18519594387750635,0.12466829868839618,0.44034480117263364,0.6373140671482815,0.9270764088495864
0.429248685859676,0.1853449319333951,0.1248437526076277,0.45345286222514525,0.6371100722482197,0.9273196904982957
0.4277385274973775,0.18025137483631964,0.12039385874540731,0.4451736186710573,0.6309732256692087,0.927562861413437
0.4262283816506618,0.18164251884896476,0.12193133264367645,0.45753462745885853,0.620178495537516,0.9278059658884377
0.42471818574161535,0.181487780816024,0.12207698130901151,0.45289049821234406,0.6266043348915673,0.9280493139772875
0.4232080492815862,0.18037157724838498,0.12153159784093626,0.45732019689332204,0.6094007649808191,0.928292418452288
0.42169788779039186,0.1808549793925185,0.1212545501927691,0.4612526152090757,0.6214534636633289,0.9285356558075701
0.42018772317030173,0.17842968162470038,0.120227625729765,0.4619706796380749,0.6200254993624412,0.9287788267227114
0.4186776211281251,0.18021300589740963,0.12285060316794477,0.46173544136580835,0.6176965575859867,0.9290219976378526
0.41716742834797405,0.17661460374737592,0.11881310237721798,0.45053382687837096,0.6123756906076778,0.929265323579989
0.41565721178821624,0.1751109203828784,0.11747088100178232,0.4503886494436302,0.6222184445388166,0.9295084502017031
0.4141470721992917,0.17586904484477905,0.11759831805052298,0.46529276502932904,0.5936931576710549,0.9297516211168446
0.4126369138369932,0.17576567756453,0.11890518967770528,0.4541778360834783,0.593455163620888,0.929994836325413
0.4111266960256774,0.1755252548611175,0.11675292985026056,0.46252609451217785,0.6121546961326203,0.9302380736806951
0.40961650637442126,0.17501521258698582,0.11797800856548016,0.4517219707582627,0.6056438589034769,0.9304811338622686
0.408106316723166,0.17211184964067472,0.11730464798614001,0.46794126047925166,0.6036209094771721,0.930724349070837
0.40659615210307587,0.17112544965946944,0.11684633410649334,0.4695782790096661,0.6045388865277346,0.930967586426119
0.4050859217761773,0.17327409235914945,0.1173695528773668,0.4528117942529195,0.5868253293667749,0.9312108016346874
0.4035757196093397,0.17353647082070803,0.11962497792715768,0.46212268708342163,0.6081767955799933,0.9314539282564016
0.4020655080558151,0.1710866694970762,0.11635213262944002,0.47830052022840674,0.590599235018999,0.931697099171543
0.4005552946249522,0.1689572112668512,0.11622178721120432,0.45943356895413934,0.5744836379089975,0.9319403808202522
0.39904509871590577,0.16645305692631046,0.11408061637247349,0.4763352243859016,0.6002549936251853,0.9321835517353936
0.39753488090458955,0.16773358182197678,0.11562626867659048,0.4609780646664612,0.5953591160221094,0.9324364672045112
0.3960246318043166,0.16337428034549495,0.11207083123634876,0.48095342341773195,0.5863493412664411,0.9326921510128269
0.39451446718422645,0.16520022703827303,0.11291279756504397,0.4754914401105159,0.568856778580539,0.9329479455547105
0.39300423059953626,0.16504080105762392,0.11251278830429973,0.4803820850886691,0.568159796005034,0.9332038508301621
0.3914939814992642,0.1658187536431272,0.11261093802795813,0.46585485107658253,0.581555461113453,0.9334595346384779
0.38998373865678193,0.16463861376349267,0.11383944746822891,0.47490965821872444,0.5595920101997081,0.9337153845471454
0.38847352710325733,0.16370080967043157,0.11358377213044527,0.4579031700660332,0.5468763280917983,0.9339712344558129
0.38696327675142594,0.1594678896858321,0.10936737562858076,0.4616717872553353,0.557756056098583,0.9342269182641287
0.38545299323330173,0.16163528775220204,0.11156976830919305,0.4718116527684557,0.5571100722480651,0.9344826574392283
0.38394278480867206,0.1607605707052472,0.10949085959671406,0.4684843257411544,0.5538461538460524,0.9347385627146799
0.3824325075483386,0.16208457622651248,0.11229246935488243,0.47342659289249256,0.5697237569060007,0.9349943018897795
0.3809222584480647,0.15789770433238962,0.1091636790953793,0.4558290705662005,0.5442923926901813,0.9352500964316631
0.379412003090001,0.15795802008980478,0.1082335984671432,0.4735421868510623,0.5456183595409811,0.9355196883761091
0.3779017320874587,0.15669155903726364,0.11017450349772379,0.478077591858977,0.5519762005948223,0.9358235855798949
0.3763915174050383,0.15669475942871977,0.10914574193678903,0.4935020589503776,0.5646578835528544,0.9362442181109767
0.37488119634016526,0.154094264365708,0.10809216406019359,0.47874006317839246,0.5504462388439606,0.936680552661989
0.37337091407359857,0.15284655689192858,0.10494992978523171,0.47709696911528776,0.5243348916277455,0.937117009019926
0.37186063994216,0.15539162796904699,0.10768768157665676,0.47985260042925026,0.5566510837228407,0.9375534653778628
0.37035037206851307,0.15146606356749817,0.10450375845889529,0.4778859941777336,0.5108032299191336,0.9379897999288749
0.3688401010659703,0.1529217929100709,0.10806499493115904,0.4915990273906061,0.5308627284317708,0.9384262673601687
0.36732982067674147,0.1509104183970087,0.10684942264438782,0.486613437323157,0.5444453888652561,0.9388625576177536
0.36581948396738984,0.1508827055100979,0.10511193526226256,0.47455874656916053,0.5105482362940847,0.9392990693424746
0.36430923799601267,0.14960857424563112,0.10514333414327953,0.4785178098681504,0.5323926901827463,0.9397354703336275
0.3627989357045136,0.14724722172944937,0.10401455920030372,0.4793629045525476,0.5123671908202141,0.9401718270313534
0.36128860087250025,0.148589777005663,0.10407023876119925,0.5014264596278668,0.5114662133446473,0.9405779313183247
0.35977828293652214,0.1468938377231321,0.10441061095369861,0.47535380745493283,0.5344156396089375,0.9409596299269276
0.3582679743872319,0.14507449563707978,0.10126626069606001,0.4890090635432023,0.5111092222693969,0.9413411624351788
0.3567576814824198,0.14392653846482553,0.1027417380725974,0.4861690498307647,0.5134891627708384,0.9417228499704249
0.3552473635464426,0.1465349111394327,0.10449716261331296,0.4825174958464997,0.4768380790478659,0.9421043935520328
0.3537370675127347,0.14367971497850074,0.10286284045353386,0.49762194517351954,0.4946876328091321,0.9424859814270677
0.3522267620923403,0.14435771522659363,0.10420506404234053,0.4944040968627337,0.4832469188269215,0.942867513935319
0.35071640660961423,0.14186443148943467,0.09970820244748366,0.48538927705012824,0.48380790480234737,0.9432491571771379
0.34920602734728234,0.14217027448523853,0.10182905454042734,0.5018035397482992,0.49077773055671514,0.9436306343186052
0.34769575634474004,0.1427210278842062,0.10224620857294364,0.48996141321973163,0.4711942201444117,0.9440122221936401
0.34618541963538796,0.14090445708684493,0.101354649453605,0.4790795782404915,0.4812239694007303,0.9443938654354591
0.3446751016994112,0.13821657524572661,0.1010757558540232,0.4884962568166584,0.48839779005504624,0.944775508677278
0.34316471492772926,0.13718456521645073,0.09821530584117016,0.48129206487382326,0.4735231619208662,0.9451570965523132
0.34165438134727344,0.1374311562721111,0.10014011966457512,0.5029078571608114,0.4819379515511173,0.9455385736937802
0.3401440696690874,0.13714428319437974,0.09926623652604871,0.48389521223007104,0.4750361240968459,0.9459201615688154
0.3386336766396143,0.13542318776224663,0.09967336398793145,0.4908686927681347,0.4572885677857812,0.9463016387102824
0.33712329800306007,0.13711294796496049,0.09807889578639231,0.4852570448680473,0.4702762430938492,0.9466832265853174
0.33561295190702234,0.13345998182249172,0.09675804450796918,0.49096113616749926,0.4645473863153029,0.9470648144603524
0.3341025807798186,0.1358236836763122,0.09970292134427583,0.493160280454531,0.4636294092647404,0.9474464023353876
0.3325922315548846,0.13177769158374644,0.09611212751566767,0.48433912321009553,0.47493412664675816,0.9478279348436386
0.3310818729432632,0.13005659615161333,0.09607280697983886,0.5130526863444302,0.46383340416480223,0.9482094673518897
0.32957146739820775,0.12860172322664254,0.09409732909422616,0.4872709449720738,0.4667233319165689,0.9485910552269248
0.32806113381775237,0.12924668256182506,0.09667493242689001,0.496531327491583,0.46388440288978927,0.9489725877351758
0.3265507501749658,0.12904441424594004,0.09519892384131245,0.508219381687876,0.4416999575009868,0.9493542309769947
0.32504031459251115,0.12985113459598494,0.09753535826973173,0.4991889163858585,0.4198895027624303,0.9497357081184619
0.3235299215630385,0.12771357705106923,0.09422688655238559,0.5095344764044378,0.45973650658720544,0.950117406727065
0.32201953792025195,0.12563442396833596,0.0940746420414682,0.4954608821665525,0.4134296642583877,0.9504989503086728
0.32050916366415283,0.12624676434166035,0.09377570415410338,0.49298619460280646,0.4209774755630633,0.950880471743567
0.3189987925369486,0.12611931009286537,0.09519575872078131,0.4963587505956901,0.4093837654058916,0.9512619931784613
0.31748836196072805,0.1228574496656199,0.09340260505798656,0.49586015982145404,0.40974075648102826,0.9516436474936371
0.3159780158646899,0.12141323279264837,0.09183214307832185,0.4999716673687944,0.43632809179769083,0.9520250139015363
0.3144675884173638,0.12218116582858729,0.09253557451607852,0.5036206402443999,0.43471313217162333,0.9524066571433554
0.3129571609700381,0.125475208963213,0.09416857750674115,0.49053839027848034,0.40385890352740716,0.9527881896516064
0.3114467460382957,0.12108904565363779,0.09192739549934023,0.5125374573466832,0.4130216744581503,0.9531698882602093
0.30993635300882216,0.12101658092418655,0.09271843216130762,0.5095286788372957,0.39721206969829836,0.9535513211082494
0.3084258880147486,0.11935879602918317,0.09052474909558339,0.5070969568053849,0.40356991075213955,0.9539328425431436
0.3069154762119015,0.11830674332492211,0.09029836550962403,0.5091913874995797,0.40056098597528944,0.9543143639780378
0.3054050393778889,0.11782675612362725,0.08903739919699785,0.5098960301635507,0.40385890352740716,0.9546960182932137
0.3038946463484158,0.11656754511988757,0.09018517371664433,0.5097846453975636,0.3801444963875156,0.9550773847011128
0.30238420325661197,0.11416910203345007,0.08931312767604854,0.49334862196792684,0.3909392265193219,0.9554590833097157
0.3008737851959733,0.11592515146165455,0.0908067989622123,0.4960691104947601,0.354305142371345,0.9558405604511829
0.29936330768631736,0.11264986369371877,0.08677089401197705,0.5293893966547323,0.3913982150445463,0.9562221483262181
0.29785292279197284,0.11161060182771321,0.08805876606248866,0.5046605093591596,0.36696982575426773,0.9566036919078259
0.2963424609267946,0.1111457512264562,0.08671283729062673,0.4992465743823695,0.37589460263495766,0.9569851026091524
0.29483203347946896,0.1107361011200691,0.08764900468911499,0.5088143470885114,0.36571185720356425,0.9573667347776144
0.2933215684853958,0.11027976820869873,0.08564132225544097,0.5241984297567361,0.3616489587759588,0.9577482783592224
0.2918110972335306,0.10813731174054847,0.08525187962785441,0.5212595397279678,0.34092647683803534,0.9581297555006896
0.29030068855957936,0.10871449071813175,0.0862054441224088,0.5230019866197713,0.3551721206969205,0.9585113433757245
0.2887902454677751,0.10868827075125775,0.08573737149001964,0.5175426638399423,0.3453463663407774,0.9588928205171916
0.28727968973572793,0.10937414682301791,0.08789622937641767,0.5081511610005442,0.31605609859752803,0.9592744083922266
0.2857692278705497,0.108915257174339,0.08810018930076821,0.4969710689883884,0.3367275818103508,0.9596558855336937
0.28425880355211985,0.10522159421045968,0.08386611017797849,0.5196646528327449,0.32928176795564923,0.960037418041945
0.2827483154042185,0.10460732466262065,0.08625584258009647,0.5198407241526686,0.35257118572030777,0.960418950550196
0.28123782788209617,0.10244483445912617,0.08379065636056204,0.5174201604520388,0.3042073948150801,0.9608004276916632
0.2797273738391577,0.10425352049317926,0.08458353012046005,0.5099280756202891,0.3177220569484689,0.9611820155666981
0.2782169104095318,0.10063401363881685,0.08298379409593906,0.4988246623899948,0.3287717807054378,0.9615634927081653
0.27670644040922543,0.09897111348126822,0.08157560319782531,0.5118284466526735,0.32741181470464653,0.9619053272323188
0.27519588029672404,0.0995939007189939,0.0815724380772942,0.5231780182303309,0.3220909477263376,0.9622067440041834
0.27368542594089584,0.09779310123617713,0.0819494858272764,0.5279797936518784,0.3137781555460606,0.9625082050694752
0.27217485957060283,0.09995879183112777,0.0820547537520733,0.5159342360515997,0.30786230344233445,0.9628096439880534
0.27066440177298867,0.09675362660671724,0.08104023302015756,0.5107438250846992,0.3089162770929761,0.9631111050533452
0.2691538695076585,0.0996780871056443,0.081067147611527,0.5238967180091536,0.2930046748830364,0.9634125218252095
0.26764337791797255,0.09794677366391794,0.08242440884291294,0.5212608501369795,0.31899702507428174,0.9637140493306421
0.26613284846864804,0.09575764333042533,0.07937451640610343,0.49566216893260884,0.3089162770929761,0.9640154661025067
0.26462235062116957,0.095359282202616,0.07914999205178472,0.5269821753004023,0.3103782405439688,0.9643169936079392
0.2631118246136315,0.09239197579259661,0.07925499437206154,0.5133073424956867,0.29280067998297454,0.9646182996462359
0.26160128577762,0.18396806631525775,0.14954475827930233,0.5189737496087139,0.1892562685932262,0.9649198271516684
0.26009079293637516,0.23827511559045134,0.1917068419325969,0.5166549610079858,0.33434764130890926,0.965221299290317
0.2585802575421492,0.2582712651083061,0.20958746438741394,0.5219415877638296,0.2684232894177967,0.9655226606953977
0.25706972809282513,0.2925314345488301,0.24472072724996574,0.5266824093116553,0.3867743306416287,0.9658240774672622
0.255559195827495,0.33912567236380453,0.2852223753924141,0.4607799546495239,0.794390140246378,0.9661256049726947
0.25604404543169146,0.32860242588242033,0.2631351247059702,0.7928175052536481,0.9264768380788837,0.09965782636536805
0.522637892871574,0.3162736901825829,0.2611672986652443,0.3900478883016889,0.8193795155119687,0.10353126996099904
0.5357290715454033,0.3332398753470771,0.32030049875659455,0.758034087868166,0.9366255843602858,0.9024222000612953
0.5680356852077137,0.3303814859464017,0.32019126225759326,0.7640351655008857,0.9280067998299728,0.10403037383498386
0.568131664082141,0.3300127579403768,0.3227332347438866,0.7767412486617451,0.9266468338291816,0.10403213449871371
0.5376800293543229,0.33684829525874704,0.3322412280455177,0.8121128808559845,0.9194050148745418,0.10379737933473396
0.5072282898085008,0.3353578228956291,0.3311610078221859,0.8104232871276498,0.924572885677776,0.1035378419982548
0.5073266125386682,0.33168929820207016,0.32419894672756855,0.804819978194,0.924606884827881,0.1035390213107531
0.5073428699676379,0.3355724529470045,0.32254774540053754,0.8161958373706175,0.9288567785804389,0.10353962480869823
0.5074289487033017,0.33296514051381265,0.31682157755184964,0.8053341747482834,0.926816829579252,0.10354066570423663
0.5075584540076354,0.3364831895952306,0.31676036456345213,0.792794434113171,0.9256268593284176,0.10354247066139363
0.5372560758819449,0.3349957012842581,0.315279876114969,0.7278528269314624,0.9318147046324157,0.10379824305656368
0.5686704392644009,0.3368512793108924,0.31950233946674667,0.7393197793890691,0.9314577135571653,0.10404155792534328
0.5687663399164364,0.3316976102802152,0.31186375267225813,0.7503013245812837,0.929281767955672,0.10404329644235953
0.5688622790538891,0.33456559012768994,0.3150154955890393,0.7644881302158992,0.9295877603059353,0.10404509032615976
0.5689581296435948,0.3314629464934956,0.3125566351838251,0.7505861598491712,0.9302847428813266,0.10404683991653282
0.5690539583310299,0.33209426036074885,0.31324212946299146,0.7400155271555067,0.931100722481915,0.10404861165361946
0.5691497745028835,0.3350317226734576,0.3153508522828509,0.7563786839022248,0.9298767530810892,0.10405035017063573
0.5692456188347972,0.3362410647841833,0.31767039869053426,0.7325031111293951,0.9291287717807108,0.10405213298107915
0.5693414287488592,0.3332275118236585,0.3147381845497231,0.7566229759094805,0.9351466213344111,0.10405388257145222
0.5694372324051291,0.332597052586079,0.31534188370355576,0.7535336271005608,0.9379855503611907,0.10405565430853886
0.5695330016435474,0.33230014923121415,0.31343263430502827,0.7507025082856567,0.9298767530810892,0.1040573983622335
0.5696288575523747,0.3328406685292349,0.3123157363108426,0.7554118403078398,0.9265448363789801,0.10405917563599855
0.5697245610839845,0.3352550903298867,0.31408197759563894,0.7530683127733468,0.9269018274542304,0.1040609362997284
0.5698203428379842,0.3321714148258367,0.31037983792546575,0.7504528555142629,0.9327156821079825,0.10406268589010147
0.5699160588851768,0.334605235647326,0.31422419553592285,0.7462607379580262,0.9304887377815021,0.10406445762718808
0.5700118062213249,0.33416169536213935,0.3138318445388412,0.7535976385953098,0.9329706757330314,0.10406619614420436
0.5701075441707868,0.335056233380984,0.31754717811355004,0.7379596939631086,0.9274628134295426,0.1040679789546478
0.5702032633468734,0.3329365801489409,0.3109948828190484,0.7550472289276999,0.928516787080298,0.10406972854502086
0.5702989418473181,0.3327345263844384,0.31359833389825936,0.7593157473002496,0.9267488312791556,0.10407148920875069
0.5703946860545703,0.33497865160105933,0.31390783399203986,0.758759061726499,0.9338886527835939,0.10407326094583734
0.570490320750475,0.3344664816923842,0.3166593086836697,0.7515414480186358,0.9317127071822142,0.10407501053621039
0.5705860064473791,0.33521523383472446,0.31602605660023464,0.7628718399734868,0.9333786655332688,0.10407677673661864
0.5706816380143884,0.33903274300831576,0.31658094207001625,0.7397717513699831,0.9330726731831192,0.10407854293702687
0.5707773246499612,0.3322990854139424,0.313508884936005,0.7504081824797759,0.9317127071822142,0.10408029252739993
0.5708729656036566,0.33694314127325303,0.317139258264849,0.7361884577824138,0.9259668508286722,0.10408205319112979
0.5709685596239176,0.3351817709707617,0.3135123156610562,0.7441532825924433,0.9263068423289269,0.10408382492821643
0.5710641880620306,0.33285217742297973,0.3128165336334782,0.7423581016652636,0.9330726731831192,0.10408557451858948
0.571159763308918,0.33547163882820763,0.31668173455864956,0.7571481719575888,0.9324776880577019,0.10408733518231933
0.5712553166535352,0.33590942377255784,0.3154548143187573,0.7551953448553759,0.9305907352315899,0.10408909030937079
0.5713509200604836,0.33655864016475545,0.31731762498031757,0.7479554144849514,0.9308457288567524,0.10409084543642223
0.5714464671473096,0.3358179873371059,0.3174566755866993,0.7314905620570595,0.9279558011048721,0.10409261717350887
0.5715420111052398,0.3361055112206976,0.31510309417313703,0.7427177890842693,0.9338886527835939,0.10409436676388194
0.5716375707076482,0.33138557747702524,0.3133851397900936,0.7511737393081048,0.9248788780280393,0.10409612742761179
0.571733151273659,0.33186812141562866,0.31381099901075593,0.7420710029636293,0.9357076073097232,0.10409787701798483
0.5718286608137362,0.3338285596425488,0.31492921396068707,0.7415952847830503,0.9338886527835939,0.10409962660835789
0.5719241328070663,0.3331889354850787,0.3151635169880872,0.7520093831638732,0.9268508287292434,0.10410138727208774
0.5720196830227886,0.3353654966834111,0.31505480948475506,0.7409770099857536,0.9263068423289269,0.1041031479358176
0.572115133113849,0.33629371032967287,0.31547380946868603,0.746962998060158,0.9235529111771257,0.10410490859954742
0.5722106270094489,0.3336552807943007,0.31513792377920524,0.7499206309087287,0.9319677008073768,0.10410666926327729
0.5723060564497979,0.3350460028558935,0.3168002052414661,0.7570236831014856,0.9317467063323193,0.10410841885365035
0.5724015159275453,0.33348988492143256,0.31322735299819027,0.7461060699852919,0.9367275818103735,0.1041101795173802
0.5724969879208754,0.33570672992976414,0.3153012506387235,0.7438230992308814,0.9354016149595736,0.10411194018111003
0.5725924067229791,0.3345227495803822,0.31418804676073814,0.7564775602185556,0.9340416489587824,0.1041136897714831
0.5726877973650222,0.33769977996682965,0.3168820003667998,0.7505635652210618,0.9281767955800433,0.10411545043521295
0.572783238069396,0.33359176643335753,0.31488066588115604,0.75160800091268,0.9313557161070776,0.1041172221722996
0.5728786193247521,0.3338741714785476,0.31602341826200175,0.7398125725961628,0.9344666383339018,0.10411896068931584
0.5729739411310901,0.33461525162103406,0.31591312819840406,0.7483265382007855,0.9371355716106109,0.10412073242640249
0.5730693192575504,0.33431749900027996,0.3142070441240378,0.7601924506383817,0.9337356566085191,0.10412247094341875
0.573164719286281,0.33331745712700184,0.31488884428700387,0.7497817672628617,0.9253718657033687,0.1041242205337918
0.5732600191903492,0.33916680722762105,0.3203939030128273,0.7394277094403889,0.9318657033574027,0.10412599227087845
0.5733554067034965,0.33683742465536526,0.3172316089564854,0.7532110679368849,0.9347556311091694,0.10412774186125151
0.5734506940919828,0.335928819217539,0.31612104563010396,0.7515343400424819,0.9255758606034306,0.10412949145162456
0.5735459908671561,0.34035590105162006,0.32151132778931113,0.7660362394803444,0.9284657883551972,0.10413125765203281
0.5736412939001201,0.3376535280525397,0.3172392605800351,0.7446378956705557,0.9330726731831192,0.10413301277908425
0.5737365750308152,0.33751861277941697,0.3156687986003704,0.746238103620553,0.9305907352315899,0.10413476236945732
0.5738318718059885,0.3377174697283197,0.3152640438722005,0.746939370988585,0.933684657883532,0.10413651195983037
0.5739271279055176,0.3376780405479943,0.32055643527215627,0.7469583520645715,0.9231449213768883,0.10413826155020343
0.5740223996495262,0.335570534500059,0.31678569216781405,0.7573266655487156,0.928516787080298,0.10414003328729006
0.5741176244600985,0.33494135184320556,0.3123582175404605,0.7480265339558545,0.936472588185211,0.10414178287766312
0.5742129055907936,0.33546290122315386,0.3182762071869307,0.7311364736583765,0.9346366340839722,0.10414354354139296
0.5743080991124092,0.33011037524357395,0.3124985873159587,0.7613800782965414,0.9327156821079825,0.10414530420512283
0.5744033114073996,0.3332317760323864,0.31409253316194163,0.7410435628797978,0.9302167445813438,0.1041470537954959
0.5744985268312854,0.3391725607805294,0.31823240678819636,0.7384386286021705,0.9271568210795067,0.10414880338586895
0.5745936702905716,0.33483414409320916,0.31585613610850505,0.7405613323635247,0.9370165745856411,0.10415055297624198
0.5746888638121872,0.33704885789114086,0.3186601163870153,0.7466747080776035,0.9379345516362037,0.10415231363997185
0.5747840104003688,0.3351412743973082,0.31423026459920694,0.7647401258397688,0.9298427539310978,0.1041540576936665
0.5748791945352987,0.3351896575219981,0.31318962166274006,0.7533210628751319,0.9264768380788837,0.10415581282071794
0.5749743160923146,0.3360535039655711,0.3168606280564163,0.7390096095469572,0.9334466638333652,0.10415758455780459
0.5750694564227046,0.3351208151350553,0.3169144550257842,0.7592665473982685,0.9314067148321783,0.10415932307482086
0.5751645811086159,0.3416413338101619,0.31931632112772845,0.7618772395336739,0.9341266468337608,0.10416108373855071
0.5752596932789453,0.3375870296394511,0.3165780403406342,0.7586963606407615,0.931100722481915,0.10416284440228056
0.5753547960625878,0.3363182210371993,0.3170521864630495,0.741205100572502,0.9338886527835939,0.10416459399265363
0.5754498434647761,0.3341557272578485,0.31529623514003574,0.7255282010542281,0.9348576285591434,0.10416635465638346
0.5755449431195223,0.3353286242403943,0.31586484129665116,0.7487135059528507,0.9360645983849736,0.10416809317339973
0.5756399864541475,0.33775476948617345,0.3173207901008487,0.7385045461463908,0.9265958351040808,0.10416984276377278
0.5757350235309806,0.3320944731242032,0.31303843292979006,0.761961542513421,0.9294347641308605,0.10417160896418103
0.5758300637367086,0.3384459735839332,0.31655614124795256,0.7593332591297686,0.9335826604334443,0.1041733530178757
0.5759250789112729,0.33824455989772195,0.31604795790628737,0.7424028541184786,0.9366255843602858,0.10417510260824873
0.5760201097303148,0.3357340119259816,0.31472182552465633,0.7477571853399223,0.9417424564385328,0.1041768632719786
0.5761151655805214,0.34053429695034165,0.3209474693134924,0.7555430797558209,0.9214279643008467,0.10417861286235165
0.5762101181771717,0.33733339593465894,0.31673872886191956,0.76305009530843,0.9309987250318272,0.1041803735260815
0.5763051333517359,0.3357352902946359,0.3167506013839677,0.7600508867557636,0.9295877603059353,0.10418210096974098
0.5764000765616992,0.3390485143228603,0.3193814938368463,0.7380602777820906,0.9319677008073768,0.10418385056011402
0.5764950416739323,0.337452967208074,0.31711709578101827,0.7592417290457756,0.9345516362091075,0.10418562229720066
0.5765899745585399,0.33894130657286387,0.3182630154957661,0.7442440581985204,0.935860603484798,0.10418737188757372
0.5766849083818157,0.33536762789381097,0.3162403064863678,0.7403324475894968,0.9335826604334443,0.10418912147794679
0.5767798547206748,0.3381744373541967,0.32039970647159133,0.7567690269502292,0.9357076073097232,0.10419087106831983
0.5768747854150553,0.3369567813773977,0.3168725005784645,0.735834726768007,0.9295367615808345,0.10419260958533612
0.5769696472737316,0.3353573973687204,0.3165508645714867,0.7688772856362456,0.9290267743306231,0.10419437024906596
0.5770645842259037,0.33326502434496663,0.31313711607585965,0.7501861674257178,0.9318657033574027,0.1041961309127958
0.5771594523423711,0.3362400009669116,0.3200237144995765,0.7375282517233765,0.9377815554611288,0.10419784728309849
0.5772543267166301,0.3335269719158319,0.3133392300487955,0.7398781327561075,0.9326646833828818,0.10419961902018514
0.5773491560347908,0.33909604639373275,0.3190210685030799,0.7268950767814308,0.9371865703355979,0.10420136861055819
0.5774440241512582,0.3366696848086429,0.3194308343031956,0.7493793128588411,0.9331746706332069,0.10420312927428803
0.5775388400151682,0.33311625441631676,0.31383659443300893,0.7369071178518729,0.9309987250318272,0.1042048788646611
0.5776336768426789,0.3374177986606201,0.3157569261801373,0.7498429991021318,0.9344666383339018,0.10420662845503414
0.577728476123442,0.3362804957524369,0.31826829217223196,0.7432962353894856,0.9266468338291816,0.10420837804540718
0.5778232879197871,0.33838203369608133,0.3170413697189687,0.7455040363178667,0.9297917552059971,0.10421013317245865
0.5779180903294461,0.3369465508523072,0.32110393472290827,0.7518061506389813,0.9296387590309223,0.10421187722615331
0.5780128802235223,0.33472992039535815,0.3125001720895953,0.7597588243836304,0.9295877603059353,0.10421362681652636
0.5781076513442245,0.3342068798833012,0.313403344766575,0.7489728875184216,0.9265958351040808,0.10421537640689943
0.5782023943048649,0.33854401820196717,0.3185120927745964,0.7323719908095061,0.9318147046324157,0.1042171259972725
0.5782971238112542,0.33708892714975747,0.3165893882937552,0.7296482064054621,0.9335826604334443,0.10421887558764555
0.5783918323540438,0.3322581633135802,0.2620393371803787,0.7384860415827725,0.9158011049722745,0.10422063625137538
0.5784865815724758,0.3100059511189731,0.23144753533834939,0.7413873665532078,0.9230429239269142,0.10422236369503488
0.5785812869863687,0.29572018695006236,0.20766633804009627,0.7365374236731426,0.9208159796004338,0.10422411328540791
0.5786760549781746,0.2702069730701184,0.18347036386978172,0.7670610984555164,0.9244368890776968,0.10422587394913777
0.5787707710303129,0.24659345148415743,0.16421400738920627,0.37211255841594926,0.8015639609009213,0.10422761246615404
0.5779916165614942,0.24720792843166625,0.16445780799157078,0.38217054322052557,0.7971100722481879,0.908466525425794
0.5764802191565126,0.24870756571467478,0.16671666597978385,0.3704563205533644,0.8040458988524506,0.9087487852904093
0.5749688592982802,0.24559426245262483,0.16202032211011103,0.38481359848758157,0.797620059498513,0.9090308901280296
0.5734574087020734,0.2435873595479603,0.1626108273594081,0.3696761903884518,0.7966510837228498,0.909313138919288
0.571946033199362,0.2429993117549234,0.16227124755372702,0.38137039953616303,0.8014619634508335,0.9095953434171193
0.5704346608255468,0.24398464791885696,0.1629778485387568,0.36069504411650777,0.7955801104970988,0.9098774925481667
0.5689232509049837,0.24048790915350937,0.16197995243642788,0.37433703727720524,0.7939651508712586,0.910159641679214
0.5674118691444812,0.2429511431816161,0.16240739643072677,0.35585971428239005,0.7995240118997344,0.9104418351036888
0.5659005030284567,0.2398043788435316,0.15947650145903203,0.38568827664815,0.7852953676157313,0.9107106519131593
0.5643890699540655,0.23957930550361128,0.15967043702612,0.3610543344418733,0.7959201019974671,0.9109536013611645
0.5628776350023368,0.24122792547872404,0.15949285827072773,0.3686356462145044,0.7894602634934245,0.9111964400756021
0.5613662313395649,0.23949340985761336,0.15977122730138238,0.39473184604028355,0.7864683382914563,0.9114392787900397
0.5598548401923757,0.2393661683722727,0.1612411557568208,0.3908529956565501,0.7857203569909643,0.9116818960373414
0.558343398982855,0.2367580048852635,0.158107624456634,0.3728322112195077,0.7780025499362182,0.9119245132846432
0.556831951515544,0.23759542038643638,0.15731922834627055,0.3896597689780681,0.7755206119845752,0.9121671305319449
0.5553205822706242,0.23623517892458912,0.15733294903310435,0.3807245267308945,0.7809604759880813,0.9124079206753761
0.5538091441900002,0.23879900894425382,0.15960262376539824,0.3899297132344599,0.7773905652358053,0.9126481128575403
0.5522976654337319,0.23513900909229427,0.15611473398135817,0.3925220199343391,0.7816914577134639,0.9128882939663481
0.55078626177096,0.233864445149206,0.1545973065842431,0.3626034364404176,0.779566510837185,0.9131284086350149
0.5492747830146922,0.2341941695018142,0.1564039175427226,0.38306579083163994,0.781351466213323,0.9133684790102545
0.5477634156471094,0.23502583323800696,0.15721606091055337,0.39331894716021853,0.7602209944751621,0.9136085936789213
0.5462519525353198,0.23328940095787898,0.15575140470483875,0.39324556425556856,0.7728346791329841,0.9138487304943018
0.5447404894235301,0.23430649251435592,0.15639573692350373,0.38974828115039784,0.771712707182246,0.9140888008695415
0.5432290263117405,0.2305371537020001,0.1530965038167148,0.39353607796250634,0.7652358691032077,0.9143289819783492
0.5417175725866383,0.2314152821159372,0.15491445608820228,0.3706493477717112,0.7709307267317627,0.9145690523535888
0.5402061063459525,0.23237504196714442,0.1548788429487998,0.37704346868918637,0.7664428389289242,0.9148091891689694
0.5386946682653289,0.23070638646875924,0.15235296166968207,0.3914262797444481,0.7566510837228861,0.9150493038376362
0.5371832239269132,0.22666081990310216,0.14976059072570103,0.3942855524984199,0.7684827879302247,0.9152893742128757
0.5356717138816887,0.22713377160697806,0.15062524189378323,0.4042299288126261,0.7606799830003865,0.9155294888815427
0.5341602789299595,0.2282749114090523,0.15302367948404727,0.39047762303876943,0.7752146196344256,0.9157696699903501
0.5326487814003178,0.2275555742612576,0.15173949933636494,0.3709982342437117,0.758691032724073,0.9160098068057309
0.5311373182885282,0.22331711527513232,0.14692679855318133,0.39547917627054185,0.746740331491651,0.9162498771809704
0.5296257957277204,0.22536686409088913,0.15095770128495484,0.3992240075508149,0.7470463238419143,0.916490058289778
0.528114335744827,0.22448937396731505,0.15081891185635116,0.3847557419442509,0.7541351466212518,0.9167300732982339
0.52660286324635,0.22532785686161605,0.15018909049796728,0.39238994658971427,0.7436464088397088,0.9169702654803983
0.5250914358039713,0.22391581733224025,0.15014423653463657,0.40141290682193764,0.7592520186994989,0.9172102694154971
0.5235799069853728,0.2223859175767251,0.14698985749299345,0.38892093655170323,0.7541351466212518,0.9174505612578725
0.522068440744687,0.22369735038697383,0.1487067560980695,0.4201854292286413,0.7521121971949469,0.9176905208995443
0.5205569150549842,0.21765703167661643,0.14542361641182722,0.40216472421032656,0.7409094772630169,0.9179307463017792
0.5190454331698207,0.22125777958843254,0.1470339212828769,0.4030765306262243,0.7423714407138959,0.9181707723835917
0.5175338980934314,0.2188474056571979,0.14430355551048146,0.40209769480391455,0.7314407139821242,0.9184109534923992
0.5160224162082669,0.21837956921586726,0.1465399854103437,0.39839360533109325,0.7318997025073486,0.918650913134071
0.5145109186786256,0.21909826986122713,0.14684578917455293,0.4106360022486617,0.7261198470037016,0.9188910942428787
0.5129993961178188,0.2196581828163009,0.1467373472757409,0.3887724235303873,0.7328006799829154,0.9191312753516863
0.5114878516547416,0.21583513285325556,0.14374946021414717,0.414172121111813,0.7256608584784772,0.9193713457269259
0.5099763447384125,0.21768069133032553,0.14822601413007191,0.4058574965144113,0.7193880152996144,0.9196114161021657
0.508464815919814,0.21761227447029144,0.14512651783576405,0.41165692999679915,0.720033999149905,0.9198515529175462
0.5069532839723201,0.21565204900682558,0.144715696257681,0.40682850959201544,0.7377305567359826,0.920091667586213
0.5054418114738435,0.21372336438452058,0.14282254027970012,0.4129313623246371,0.7175010624733886,0.9203317379614526
0.5039302388507054,0.21271607425036912,0.14376027917159898,0.4038354957001311,0.7256608584784772,0.9205718526301194
0.5024186975165241,0.21319691429340953,0.14227424844212988,0.42695535956690134,0.7084402889927333,0.9208119894454999
0.5009071749557168,0.21158623236651358,0.14217952723015165,0.39860485914751065,0.7098512537185115,0.9210520598207396
0.4993956680393885,0.21203957586195393,0.14308481146306612,0.4181662477792043,0.7124861878452293,0.9212920748291954
0.49788412670520676,0.2106637740610883,0.14139323824898095,0.42079715198087997,0.7121971950700754,0.9215322559380029
0.4963725353086952,0.20984447206038595,0.14007871721162,0.4159951780125124,0.7137611559710422,0.9217723816800266
0.49486101900567947,0.20961193948406617,0.13925127059668985,0.3889532599739898,0.7057033574159277,0.9220124520552662
0.4933494401247507,0.20924704658400411,0.13992119823760774,0.414404142925596,0.722566935826535,0.9222525224305059
0.49183789253277777,0.20579997467578515,0.13804387671576643,0.4268878536481211,0.7173480662983138,0.9224926592458863
0.49032636997197,0.20901792358673843,0.14112727958952767,0.41671582355017045,0.6999235019123944,0.9227327739145531
0.4888147378998151,0.20710309540788885,0.13879137637014857,0.41623490344290914,0.7019124521887079,0.9229729550233609
0.4873032059523208,0.2052104339627115,0.13843411615691328,0.410818307938732,0.7071823204419161,0.9232130253986005
0.4857916176847046,0.2042425747968136,0.13689135230195232,0.4177870630624807,0.6942966425839359,0.92345309577384
0.48428008573721026,0.20275615209104103,0.13592036857762183,0.4063994102047588,0.6864428389289969,0.92369316614908
0.4827685068562815,0.205979858130759,0.13981829197966866,0.42738064685521504,0.7057543561410284,0.9239332365243196
0.48173368093624536,0.20239637624145243,0.1371451816883213,0.4069180939171728,0.688278793030122,0.9242037586307358
0.48022548439152635,0.20104401954291332,0.13514278921133915,0.4097044205694982,0.6773820654482279,0.9244440504731114
0.47823372953785004,0.20191148832899483,0.13631403874381987,0.41796496101314795,0.698002549936291,0.9246535583836065
0.476722181945878,0.2005932327847815,0.1349156088118195,0.41367821604252764,0.6667913302167108,0.9248937394924142
0.4756785663321481,0.19980355675415085,0.13462800338397862,0.4364043615653541,0.689740756481001,0.925162323761392
0.4746368186691279,0.2022567712326932,0.13658289691928413,0.42547725791116764,0.6846238844028676,0.925433233435296
0.47311368540229903,0.19718686663761403,0.13421850761512502,0.4305631538320511,0.6747471313217375,0.9256717535405847
0.4715949688845864,0.19810911217958496,0.1330905294857095,0.415618455276356,0.6750531236718871,0.9259121561165283
0.4700720327381833,0.19652635232719776,0.1336272055522677,0.42484496570838304,0.6574245643857921,0.9261505654882491
0.46855237755177237,0.1960659751222666,0.13098154106132998,0.43766362491614874,0.6766170845728539,0.9263910787977607
0.46657611824097245,0.1964728539399626,0.13241453278150747,0.4271164207472373,0.6617254568635644,0.9266019155110707
0.4645741944763957,0.1934644144540549,0.13050106248448148,0.43544363321302315,0.6667233319166144,0.9268106482865904
0.4630625436308664,0.1959551414539053,0.13208973165399857,0.4374414113152707,0.6833149171269497,0.9270507740286141
0.4615509522343548,0.19274912696360558,0.13161425529561183,0.4401270747298862,0.6715512112197075,0.9272909551374217
0.4600393139044079,0.19161992515804127,0.12788837722145532,0.4430144220041976,0.6622354441138896,0.9275308594123095
0.45852773815237446,0.19108174983387466,0.12770763334553192,0.44341489094001885,0.6660433489161051,0.9277710405211171
0.457016090435741,0.19151527414535335,0.13109948274847733,0.4378540710258363,0.656914577135467,0.9280111108963569
0.45550445523468897,0.18975027971242536,0.12902005168044217,0.4347210419165297,0.6439949001273817,0.9282512920051644
0.45399279375091517,0.19176784224494553,0.1336417252660328,0.43506540152103534,0.6599575010624221,0.9284912516468362
0.4524811210031161,0.18784269979444906,0.1264851885418033,0.4351772627993902,0.6378750531235937,0.9287314327556438
0.45096950457543894,0.18718644432897608,0.1272933788290267,0.42480875076842595,0.6545346366340254,0.9289715031308834
0.449457875632179,0.18693962799436403,0.1262698939445578,0.4272493279885061,0.6384190395239102,0.9292115735061232
0.4479462279155455,0.18823210161410941,0.12981477581849685,0.44965124655436894,0.6410029749255273,0.9294516438813629
0.446434598972286,0.1844597715978954,0.12707913336963558,0.42926505472327614,0.6513387165319955,0.9296918249901703
0.4449229700290256,0.18580424353312636,0.12629864563385787,0.4521747766358204,0.6283382915427183,0.9299318953654101
0.4434112910234358,0.1850522945751863,0.12687122257804867,0.4432222211059478,0.6073948151296236,0.9301719657406499
0.44189962140453254,0.1868494735034228,0.12721185152158407,0.4372064907179165,0.6278793030173802,0.9304121025560304
0.4403879830745856,0.18213060357702213,0.12564957458788029,0.45693314972252885,0.6271823204418752,0.930652217224697
0.43887628529562095,0.18050202448896635,0.12599574581240167,0.4478141722481819,0.6166935826604458,0.9308921325729418
0.43736462819230093,0.18432634924480956,0.12916226076724202,0.4414397471752445,0.6147726306842287,0.9311322472416086
0.4358530023779368,0.17751318963563778,0.1221727671524411,0.44443474653532844,0.6188185295367248,0.9313724283504162
0.43434132024345073,0.1783098993757592,0.12292923095937633,0.4500609280626353,0.6244453888651833,0.9316124322855153
0.432829604942671,0.18001243611330303,0.12384322038043685,0.4501593675759621,0.6090437739055687,0.9318525691008955
0.43131791029260214,0.1756296877465665,0.12176880481108943,0.4467357850503537,0.6113047173821542,0.9320926394761353
0.42980626257596866,0.18001776413930265,0.12633770277853756,0.4448944221328559,0.598453038673938,0.9323327098513751
0.428294583570378,0.17842116214688553,0.12277303336785159,0.4430999956835924,0.6293242668933772,0.9325728355933985
0.4267829139514747,0.177347797338626,0.12331762444910854,0.44088754875962466,0.6058988525286395,0.9328128506018543
0.4252712349458845,0.17750125521498428,0.1230867565735016,0.45993251711265115,0.6135996600085036,0.9330528656103101
0.4237595340380249,0.17456805174721887,0.12052630686609372,0.45220376447153177,0.590599235018999,0.9332929913523336
0.4222478112278951,0.1748668681852447,0.12030282279614538,0.4611238774510258,0.582915427114358,0.9335330617275733
0.4207361228356179,0.17553974780700776,0.12126774188393372,0.45909016237436906,0.589834254143625,0.9337731321028131
0.4192244219277579,0.17327920583376655,0.11943606671224144,0.4695249890431936,0.5983000424988631,0.9340133132116206
0.4177127241487937,0.1727254844740071,0.12057802449289787,0.42949064362009315,0.5920951976199831,0.9342532728532925
0.41620102636982903,0.17230367645594302,0.12094266408504975,0.4641100216229399,0.5901402464937746,0.9344934539621
0.4146892829089883,0.16980592289831456,0.11831864636249959,0.457832725654318,0.5994560135995926,0.9347435457252361
0.4131775569699627,0.1678303516472129,0.11717008388277686,0.45577808374283957,0.566085847853742,0.9349962950940021
0.41166586857768594,0.1686396287345663,0.11745820945280289,0.44735120077344326,0.5678538036547707,0.935248878362416
0.41015411447859984,0.16677617130840838,0.1177576896160629,0.46152267859355955,0.5994560135995926,0.9355016830979661
0.40864243234411335,0.16690425848378185,0.11524024570720012,0.4661552524151533,0.5759456013598765,0.93575426636638
0.40713069076061004,0.16548966758088204,0.11636242480459363,0.45440552957658653,0.5975350616233754,0.9360069603683621
0.4056189648215849,0.16848339956951697,0.11973949774273784,0.4541772404430182,0.567105822354506,0.9362598758374798
0.4041072263669774,0.1642221337714282,0.1150539684037748,0.4662115602932886,0.5728856778579257,0.9365124591058939
0.4025955192013262,0.16419443161208652,0.11539380938723398,0.4650695984037154,0.5762855928601311,0.936765153107876
0.40108378074671824,0.1661806660669002,0.11697667952472901,0.4616526076325289,0.5535571610710122,0.9370179135499989
0.3995719941071174,0.16080853187888475,0.11337822521908719,0.45650786243421493,0.5605099872502706,0.9372705964786239
0.39806028694146534,0.1616546867730396,0.11565661177964012,0.4674314319550068,0.5370165745856639,0.9375233458473899
0.3965485109401099,0.1622371937766225,0.11391939442877694,0.46508810296733394,0.5712877178070812,0.9377795279567612
0.395036734938754,0.1613914572576636,0.1132645022170673,0.4795067318689128,0.5488482787928888,0.9380802803272182
0.3935249870974591,0.1577135566686879,0.1111829595930974,0.4660369979291965,0.5455673608158804,0.9384868386218181
0.3920132611584344,0.16035709789074895,0.1136708439322448,0.4760126255128614,0.5516872078197821,0.9389202498066375
0.3905014820281827,0.1578158619195934,0.112008825861133,0.4724223033678665,0.5391755206119342,0.9393535502578888
0.3889897560891571,0.15638655636770804,0.11234681646643555,0.46306729343397324,0.5563450913726911,0.9397869614427079
0.38747798634559283,0.15627827943665532,0.11144734675914011,0.4578561541790711,0.5573650658733413,0.9402202618939594
0.38596617717794324,0.15387899423604137,0.1115428537178236,0.4731726118004238,0.512622184445263,0.9406536730787787
0.38445444498112646,0.1551946876791616,0.11254391715405462,0.4386656510070275,0.5196770080748365,0.9410869735300299
0.38294265646418824,0.15262191265477337,0.10891644555459262,0.47204871767146517,0.5331916702082253,0.9415202739812812
0.3814308929784147,0.15167898793538243,0.10966368845793867,0.4603088427551676,0.5340076498087001,0.9419536851661005
0.3799190700436239,0.15070707732421101,0.10885259865470426,0.4690810383538053,0.5102422439438214,0.9423801201361411
0.37840730968674663,0.15086949272079012,0.10964178936525698,0.4758781696063974,0.5090862728432057,0.9427587182048426
0.3768955493298689,0.14883424042677992,0.10669532775531376,0.476513042917841,0.5132171695707939,0.9431372719801167
0.37538376081293023,0.14998432523357766,0.10705707004482562,0.46969057709102446,0.5093412664682546,0.9435158036086772
0.37387195039372223,0.1488446819273966,0.10704492970488638,0.4710148843800319,0.5139481512961765,0.9438944016773786
0.3723601668830172,0.1462539918625667,0.10622249858864394,0.4763994741368345,0.5169570760731403,0.9442728890125119
0.3708483689793911,0.14527377811289116,0.10647474320137645,0.4746054050718469,0.5265618359539985,0.9446513763476454
0.36933653978681,0.14523605282812874,0.10600455679968154,0.48033792827591437,0.5086782830428547,0.9450300187097739
0.36782474501207973,0.1458211165690202,0.10523304206994102,0.4844676227119613,0.5053293667658636,0.9454085060449072
0.3663129314639759,0.14512287697384144,0.10662117982678776,0.47598887931319633,0.49478963025921985,0.9457871705537494
0.36480116797820283,0.14113464211345417,0.10246521277998641,0.5014623171835484,0.49740756481082826,0.9461656578888827
0.363289363816786,0.14260593179504522,0.10489583499797275,0.4794801265950408,0.49494262643429465,0.946544211664157
0.361777544010891,0.13886749732141543,0.10312801557965284,0.486454480739112,0.4691882702932162,0.9469227432927175
0.3602656785231191,0.14406081187172876,0.10803386386803315,0.4655280033015954,0.5031874203144753,0.947301452094987
0.35875389000618085,0.14109670406523736,0.10459478112793122,0.47452995728026925,0.49261368465784017,0.9476798286965523
0.3572420514269119,0.1377212476205805,0.1020752367299887,0.49238408151665336,0.46442838929021946,0.9480584267652538
0.35573022223432904,0.13730029780804653,0.1018100638172407,0.4676980406248237,0.4873438164045183,0.9484370248339551
0.3542183930417475,0.13750299522669662,0.10243407950348951,0.4890021938232323,0.465720356991028,0.9488155121690883
0.3527065732358525,0.1361320834094246,0.10111006310453524,0.4802123672669836,0.4779770505737133,0.9491939995042219
0.35119472839879196,0.13935771325987262,0.10429187245299099,0.4918085737043718,0.4698682532936118,0.9495724868393552
0.3496829304951663,0.13561395076024318,0.0999578042952412,0.4772083538812746,0.4829919252018726,0.9499511956416244
0.3481710418535666,0.13434066876166556,0.09886756414138889,0.4908953774607345,0.4792860178495175,0.9503297937103259
0.34665922830546325,0.13580662684140066,0.10287998522530589,0.4786684671951218,0.45575860603491947,0.9507082810454593
0.34514739598398547,0.13271890168000527,0.10044830944272318,0.5018485701670616,0.45082872928173856,0.9510867683805927
0.3436355198579686,0.13222570168940265,0.10046809697947015,0.46672242126099706,0.4355291117720981,0.9514653664492939
0.34212365937642986,0.12966527946086387,0.09658046575257692,0.4843585410890858,0.443008924776791,0.9518439202245682
0.3406118145393693,0.13239749476932672,0.10094647285386787,0.4878404169610291,0.44049298767527034,0.9522225625866967
0.33909996344451754,0.12803307266651504,0.0967709705946137,0.47473922562848725,0.44504887377809155,0.95260104992183
0.3375881373808314,0.12984751582933285,0.09691187379252311,0.5033568509394264,0.4469188270293216,0.9529795372569635
0.33607623309475354,0.12832443344399777,0.09738285700777827,0.49641569382364925,0.43683807904801597,0.9533581906924488
0.3345643901350299,0.12665257755415646,0.09713376423535092,0.502805724676634,0.42640033999146,0.9537366780275822
0.3330525546846572,0.12645606636703616,0.0968691247450141,0.4900283234980518,0.4314152146195056,0.9541151542893588
0.3315406910742227,0.12777773864201636,0.09799710287442967,0.5008988810179194,0.40481087972796104,0.954493818798201
0.33002884310826675,0.12473220858585288,0.09592453325649689,0.477308818572165,0.4317892052697516,0.9548723061333343
0.3285169294355015,0.12387496853693375,0.09580526354674906,0.4932051520358376,0.408720781980378,0.9552509042020356
0.3270050533094846,0.12118218777258086,0.09202528183184958,0.48780690225782286,0.3801444963875156,0.9556293472437419
0.32549318657015425,0.12292267328591061,0.09582690146165265,0.5008979279931838,0.4046238844028949,0.9560078788723025
0.32398127414894784,0.12114404232469428,0.09364139680177627,0.49793001041934004,0.39382915427108856,0.9563863662074359
0.32246944808526123,0.12347171027381798,0.09617966853175636,0.49650774012937404,0.3981810454738479,0.9567650750097052
0.32095752189691407,0.1191957441301692,0.09292529381504017,0.4804820732671915,0.3949001274967259,0.9571434516112707
0.319445639513106,0.1169273209694762,0.09081815355544628,0.5072762842931557,0.3965150871227934,0.9575221604135399
0.31793376338708823,0.11536395656207016,0.09085905665154062,0.5160699229483474,0.37999150021244077,0.9579006477486732
0.31642184658542805,0.11660420658737827,0.09198254163782457,0.503843806870014,0.39592010199748984,0.9582792458173747
0.31490994855714094,0.1133775147075867,0.0905841117058242,0.49775000787238155,0.4109987250318454,0.9586577331525082
0.31339804427106355,0.11791990718221124,0.09326223528248834,0.50426154937917,0.37569060773478213,0.9590363312212095
0.31188618566686177,0.11472539800979994,0.09158807465806626,0.49951139613080686,0.37807054823622366,0.959414707822775
0.3103742375762448,0.11382467554735368,0.09063081383394059,0.5142090230237673,0.3857713557160878,0.9597932615980491
0.30886234580574934,0.11261916496673438,0.09104929588905733,0.5050165038073142,0.3782745431363992,0.9601717932266096
0.30735040397292357,0.11054299593614653,0.08871126783351746,0.512932366971546,0.3320696982574418,0.9605503912953111
0.30583853097580205,0.108722804584205,0.0884112675280723,0.514526181713941,0.37118572035694797,0.9609288786304445
0.3043265860140809,0.10954657461744866,0.08979624016438792,0.5061313044919193,0.3648108797279974,0.9613075320659298
0.3028146911146896,0.1102963959408452,0.09076828630679878,0.4980135589211714,0.36980875478116104,0.9616860194010634
0.3013027849512748,0.109534220033671,0.09000838292132832,0.5052546805725153,0.3619549511262221,0.9620645621029806
0.299790854382473,0.10688917695193217,0.08769860633324239,0.48810480190646244,0.346349341266432,0.9624431601716819
0.2982788918989354,0.10576167367814626,0.08784952724830128,0.5051745867853512,0.34169145771340936,0.9628216475068152
0.2967669735328271,0.10521476432478233,0.08717169123279761,0.5061056522427831,0.3199320016999536,0.9632002898689439
0.29525502700665784,0.10602682342839595,0.08761627999886851,0.5115059669077251,0.3324776880577929,0.9635787772040773
0.2937431020698682,0.10391612056486088,0.08787222315454327,0.5038375724998678,0.3476753081172319,0.9639072794066539
0.2922311339543193,0.10458345403338545,0.08810230307007394,0.4989416858856681,0.29433064173394996,0.9642109108498766
0.29071917147078175,0.10177152931045441,0.08519726248503925,0.5069150879183189,0.3294517637058334,0.9645094485489755
0.2892072584237959,0.10327308325248027,0.08817512297599947,0.5026079720439725,0.337696557586014,0.9648078755145064
0.2876952987562649,0.10138298390839603,0.0864099374691705,0.5140336267630312,0.3315597110071167,0.9651064132136052
0.2861833616167826,0.09934261813976875,0.08580412675940305,0.5064956776158753,0.29402464938368666,0.9654048401791361
0.2846714182195087,0.0992373270487896,0.08391519389329166,0.5255459670236764,0.3101232469188062,0.9657032671446669
0.28315942131811944,0.09704412917866978,0.08302416598299323,0.5300678708478352,0.2736081597959128,0.9660017494769818
0.28164752172538465,0.09732313537237486,0.0838260038954444,0.5194622939138611,0.30917127071825234,0.9663001210757287
0.2801355063635107,0.09681586438693429,0.08402680091263481,0.5119997131395548,0.31479813004671087,0.9665987030682548
0.2786235614017891,0.1837105867769337,0.15165190296563824,0.5123842983297806,0.18150446238837503,0.9668973072074941
0.2771115961022459,0.23967479159640856,0.1937044845154114,0.5170520943572321,0.3343816404589006,0.9671956234394572
0.27559959325595473,0.27691760930114573,0.23781381229383275,0.5139240289184237,0.365456863578288,0.9674941611385559
0.2740876307724176,0.30794895958492036,0.28626987712293817,0.5252084374297765,0.3999490012749902,0.9677925881040867
0.2725756560861874,0.35245679212284614,0.3448336799988773,0.4475069408990051,0.7905652358690531,0.9680911258031858
0.2887213941187361,0.34121164818050237,0.3301127154755403,0.7891673410971229,0.933684657883532,0.10015693577603127
0.5547865436106174,0.3383675407501911,0.3292937106576071,0.7679481659376493,0.9376965575859231,0.10404671810960811
0.5540250986912434,0.3398049420409107,0.33346709472081354,0.7518314852132058,0.9354526136846744,0.10404184583261984
0.5851054161666074,0.33744294944643777,0.3355979844512458,0.7194771690416111,0.9372375690606987,0.10428351077123751
0.5851986603862258,0.3391307858384216,0.3367468058953756,0.7796772796163058,0.9323756906077278,0.10428524928825378
0.554746237176702,0.3378670924987151,0.33902149391298625,0.7977893558811573,0.93106672333181,0.10404979650279615
0.524463717694958,0.338520785863095,0.3397996022749381,0.7995825910495016,0.9359116022098988,0.10376665076963754
0.5245734940605864,0.33760749068963214,0.3370565715936762,0.8165751412154332,0.9287717807054605,0.10376794635238215
0.5243922631047289,0.33944303319299407,0.3287290642217121,0.800046039036608,0.9259328516786809,0.10376651788935604
0.5247708867012051,0.3410660750674523,0.32618629934860044,0.7983340095176199,0.9314577135571653,0.10377057073794171
0.5248373472610699,0.34248685220188185,0.32529974687446556,0.7739430886189509,0.9339906502336817,0.10377173344040484
0.5534687516309469,0.33855531433225766,0.3241564654979507,0.746969867780128,0.9416914577135458,0.10404372830327441
0.5857239099783182,0.34334195925247296,0.3253103024407683,0.7413818072422496,0.9328176795579566,0.10429450661453146
0.5858171269765453,0.34098678939196464,0.32423192816885116,0.744295918627889,0.9373565660858958,0.10429624513154774
0.5859103305205209,0.34437546398971386,0.3264498897010829,0.7259889090952194,0.939005524861841,0.10429796150185042
0.5860034683576871,0.33884219634963,0.31935800997052805,0.7361163455774113,0.9304377390565151,0.10429971109222348
0.586096637483811,0.3415354062167479,0.3214973414979572,0.7284472364010022,0.931151721206902,0.10430143853588295
0.5861897878365592,0.33883814848021276,0.3236963034535183,0.7149499838720419,0.9397705057373287,0.10430316597954242
0.5862829769876146,0.3401069570824645,0.3221408835431749,0.7239686952023185,0.9306927326815639,0.10430490449655869
0.5863761398559468,0.33764244647363173,0.32140235468145895,0.7254315881716449,0.9283467913302275,0.10430663194021816
0.5864692057285126,0.3394643470849208,0.32068704629491207,0.7306424097516351,0.9339906502336817,0.10430837045723443
0.5865623801737585,0.3405008358743071,0.3266058261148296,0.7490155353753452,0.9304377390565151,0.1043100979008939
0.586655467948594,0.34307170139139076,0.32651822753073184,0.7383109232875842,0.9289247768805353,0.10431182534455337
0.5867486026568653,0.3404995557177246,0.3235810001046039,0.7565164753952642,0.9347556311091694,0.10431356386156965
0.5868416341115785,0.33825585602801245,0.3194653983047437,0.7381894126337805,0.9289247768805353,0.10431529130522911
0.5869347925994566,0.34486951682206207,0.32775438416781033,0.7472800773316037,0.9330726731831192,0.10431701874888859
0.5870277927652143,0.3406069780191036,0.32204721368242206,0.7422352806024484,0.9446663833404045,0.10431875726590485
0.5871208711533629,0.3433146790441836,0.32670186870929524,0.7436976573500425,0.9400254993623776,0.10432047363620756
0.5872139151236602,0.33894940588755457,0.32019099886644414,0.7416387268272533,0.9288567785804389,0.1043222232265806
0.5873069184183124,0.33966789376946005,0.32498338533058263,0.7498466523636185,0.9293327666807727,0.10432393959688327
0.5873999842908786,0.33987868692694445,0.3225780885035872,0.7206041207915965,0.925320866978268,0.10432567811389955
0.587492994781992,0.3395071876322285,0.32257307521827044,0.7453426574626187,0.9323756906077278,0.1043274166309158
0.5875860418811838,0.34229992967363265,0.3243989491445697,0.7293979182842443,0.9347046323841823,0.10432914407457528
0.5876790370407083,0.3418442422043381,0.32487757955663255,0.7488143280280166,0.9330726731831192,0.10433086044487795
0.5877720340775694,0.3381853079575785,0.32395329796041844,0.7359477396179175,0.9305567360815985,0.10433258788853743
0.5878650092121616,0.34373775649126104,0.3272150653362772,0.7423122373498574,0.9308457288567524,0.1043343153321969
0.587957968702276,0.34108738895937896,0.3224361361678234,0.7426824080409555,0.9298767530810892,0.10433605384921317
0.5880508437122067,0.3427174663312561,0.3260704670040168,0.7252988397678322,0.9337356566085191,0.10433779236622945
0.5881438188467984,0.342074643570258,0.3240651727976527,0.7537300693242106,0.9350106247343319,0.10433949766317532
0.5882367626924339,0.34108142264301633,0.3244878691111549,0.7391308025258494,0.936506587335316,0.10434123618019162
0.5883297052865113,0.34137001034387976,0.32225275616703813,0.7425909176663268,0.9340926476837694,0.10434296362385106
0.5884225990698164,0.34334963304025495,0.32685675155844557,0.7539155120540355,0.9394645133870654,0.10434469106751054
0.5885154991109123,0.3365469185075563,0.3211342800393289,0.7265581428279908,0.9323246918826271,0.1043464295845268
0.5886084201156088,0.3412131411005392,0.32366991785781807,0.7377840594461886,0.9374415639608742,0.10434813488147271
0.5887012982544353,0.3414369360718052,0.325269667162565,0.7441298540676902,0.9329366765829263,0.10434988447184577
0.5887941857799497,0.34274368272227373,0.32523694911243156,0.7343358968242715,0.9342966425838313,0.10435161191550522
0.5888870263720278,0.3397086031063679,0.321853280328705,0.7562892584145235,0.937594560135949,0.1043533393591647
0.5889798700930018,0.3412913629587551,0.3251261322665357,0.7427418132494821,0.9235529111771257,0.10435508894953777
0.5890727557411779,0.34263881894613146,0.32454776293043586,0.7455086426040893,0.9272078198044937,0.10435679424648364
0.5891655650443002,0.34403124669121543,0.3289261626959602,0.7402021611662515,0.9363705907352369,0.10435853276349993
0.5892584212808565,0.33752628656719896,0.3191152651461309,0.7457371699938418,0.9347046323841823,0.1043602380604458
0.5893512024239178,0.34033650560663886,0.3245535663891999,0.7535422440325461,0.9361665958350613,0.10436196550410529
0.5894440211137266,0.3362410647841833,0.31947146736802784,0.7430307782912244,0.9322566935827581,0.10436370402112154
0.5895368053856829,0.3396233475386612,0.32134430681359255,0.725832255654286,0.931151721206902,0.10436543146478103
0.5896295521108921,0.33963507098378853,0.321359873451841,0.7488357710845703,0.9341946451338572,0.10436716998179729
0.5897222788111689,0.3423973342133754,0.3247670261018858,0.7581521040979391,0.9372375690606987,0.10436889742545677
0.5898150630831247,0.3412736714093369,0.3213709558004419,0.7351486680863824,0.9302167445813438,0.10437062486911625
0.5899078004216469,0.3400287352242486,0.3227540802719719,0.7400339920097612,0.9284657883551972,0.10437235231277571
0.5900005659202296,0.3399946322819946,0.3222356069685241,0.7360857296577763,0.9376965575859231,0.1043740686830784
0.5900932782275863,0.3396448741940422,0.32392717796923826,0.7534258161773328,0.9313557161070776,0.10437579612673786
0.5901859842771504,0.3448618448222083,0.3292873782031739,0.7343787432280147,0.9301317467062518,0.10437752357039734
0.5902786840689251,0.3447774420962471,0.33001799205019106,0.7530833229129346,0.9339906502336817,0.10437923994070002
0.5903713632099867,0.34124639120104755,0.3254514646030848,0.7348912719890106,0.9371355716106109,0.10438098953107308
0.5904640786462392,0.34405895421434163,0.3295784099293239,0.7318934135547202,0.9378325541861159,0.10438270590137576
0.5905567158601,0.3394634942431752,0.3213179212178923,0.7108217189730985,0.932528686782689,0.10438443334503524
0.5906493781051263,0.3423553465078133,0.3251786400667871,0.7239025394019143,0.9393965150870827,0.10438616078869471
0.5907420215767774,0.34118308781563056,0.32494776555106714,0.7509451324996246,0.931100722481915,0.10438789930571098
0.5908347119818647,0.33878912706515985,0.3223303303938733,0.7475856011781292,0.9321716957075523,0.10438961567601365
0.5909273429379338,0.34098295249807364,0.32547441947373384,0.7211663259669419,0.9335826604334443,0.10439135972970831
0.5910199457339416,0.3404637488799077,0.32113612599074354,0.7317744840095752,0.9425074373140205,0.10439307056333261
0.5911125128605397,0.34315972645986037,0.32556122788438424,0.7315937666940648,0.929281767955672,0.10439479800699207
0.5912051344299218,0.3468220720736023,0.3273430358074291,0.7285092624275518,0.9338886527835939,0.10439652545065155
0.5912977559993036,0.34268464354558464,0.3273100543661465,0.7369564368819463,0.9309987250318272,0.10439827504102461
0.5913903024751908,0.34374905262155153,0.32630740836964994,0.7415597846116448,0.9379855503611907,0.10439998033797049
0.5914828833689296,0.3423291301167957,0.3256617547684975,0.7409670032260285,0.9351466213344111,0.10440171885498677
0.5915754423603974,0.34584248946257706,0.330168915178621,0.7371271871470955,0.9372375690606987,0.10440344076196782
0.5916680420275107,0.34310622986055345,0.3252984277053491,0.7295380129203946,0.937594560135949,0.10440516266894892
0.5917605209192507,0.3431245597003347,0.32471293574136884,0.7263415679567988,0.9334806629833565,0.1044068679658948
0.5918530517506584,0.34384048905700343,0.32836335999810884,0.7178780729538052,0.9369825754355361,0.10440861755626786
0.5919455982265451,0.3418796217273182,0.32380765150845436,0.7412777687086003,0.9421504462387702,0.10441033392657054
0.5920381008978923,0.34204863994269474,0.32329181654323946,0.7430569864714567,0.9327156821079825,0.10441206137023001
0.5921306160848219,0.34266247681191236,0.324676523575035,0.75107601456333,0.9317467063323193,0.1044137998872463
0.5922230665036112,0.345497419322333,0.3291689075203573,0.7398397338011309,0.9370845728856239,0.10441552179422736
0.5923155410148975,0.34905681960687823,0.33259769587193466,0.7314230958476435,0.94046748831272,0.10441724370120846
0.5924080280417665,0.34454192546778195,0.327359921614794,0.7434722272906813,0.9382405439863533,0.10441896007151111
0.592500473141433,0.3402156559645696,0.3234696520496678,0.7347718659314981,0.9371355716106109,0.10442068751517061
0.5925929069770759,0.34208253012149437,0.32407572615058433,0.7323858890869017,0.9289247768805353,0.10442240388547328
0.592685365843884,0.3458644452207231,0.32912642850411045,0.7470033030646057,0.9352486187844988,0.10442414240248955
0.5927777996795269,0.34251328135635384,0.32606281538046716,0.7228387255406701,0.9357076073097232,0.10442586984614903
0.5928702303862727,0.3418325187592107,0.32662719842521304,0.7414618613200497,0.9397705057373287,0.1044275862164517
0.5929626079017938,0.343841341898749,0.32655701243077845,0.747164920176038,0.9334806629833565,0.10442930258675438
0.5930550292218535,0.3406815757468829,0.32594935798296737,0.7325066055534264,0.9344666383339018,0.10443103003041386
0.5931474079889321,0.3432893154949116,0.32618524357063305,0.7316367322259001,0.9393115172119906,0.10443276854743012
0.5932397636021838,0.34244742123362826,0.3238823217925365,0.7278859445410288,0.9356566085848499,0.10443446277101921
0.5933320713433301,0.34217567045250924,0.32620397532941264,0.7367042824206209,0.9336166595835493,0.10443619021467872
0.59342451456566,0.3408772358801858,0.3229688569404032,0.7435251598728778,0.9291967700806936,0.10443792873169495
0.5935168514055369,0.3411136053503966,0.3252881377435665,0.7319384836828466,0.9338376540586069,0.10443965617535443
0.593609200760997,0.33965936892786064,0.32236542339109064,0.723718129115553,0.9428644283892709,0.1044413836190139
0.5937015250852906,0.34041984272740006,0.3248575264153655,0.7296648843383369,0.9326306842327767,0.10444310552599499
0.593793843151794,0.34388418244605673,0.32776071662224354,0.7345089105231681,0.9400764980874783,0.10444480528626249
0.5938861130333044,0.34010461132068215,0.3251161056959022,0.7560710157500443,0.9348066298342701,0.10444653272992196
0.5939784623887627,0.34474419199573875,0.328147000769412,0.7434825120159545,0.9371865703355979,0.10444828232029503
0.5940707303929362,0.34489658605482526,0.3271765438273797,0.730996736406502,0.9371865703355979,0.1044499876172409
0.594162998397108,0.3458331135671603,0.3294206253507916,0.7415226166469517,0.9367275818103735,0.10445171506090038
0.5942552685915072,0.3443613965707323,0.3242562022086166,0.7399791930874575,0.9318147046324157,0.10445343143120306
0.5943475584979501,0.34521821109274275,0.32832483627584036,0.7374136504989064,0.9308457288567524,0.10445515887486254
0.5944398171154353,0.34572633134407255,0.32897497416664034,0.7468748035627402,0.9206969825754641,0.10445687524516521
0.5945320287994864,0.34453169494269137,0.3276385518232267,0.7326623853883518,0.9302167445813438,0.10445860268882469
0.5946242749013884,0.34472095965686655,0.32967339895919323,0.7408520843266466,0.9330726731831192,0.10446031905912737
0.5947165429055605,0.3446320817466514,0.3262058212808273,0.7266989919420568,0.9372885677857994,0.10446202989275166
0.5948086951405935,0.34488912681842576,0.33051166231820417,0.731535552766458,0.9435104122396751,0.1044637739464463
0.594900928726914,0.34261324084547695,0.32872062021134413,0.7353850182208403,0.9395155121120524,0.10446547924339222
0.5949930800232788,0.3428287237385979,0.32329867577997085,0.7388693957827146,0.931151721206902,0.1044671956136949
0.5950852904557711,0.3303343829782943,0.26349818815663245,0.7326679446993103,0.9198470038248843,0.10446891198399758
0.595177445819699,0.31574532164452634,0.23674177268971985,0.75969918091892,0.9211729706756842,0.10447063942765705
0.5952696324725841,0.29312630185756083,0.2105233529011561,0.7412357562015008,0.9263408414789183,0.10447235579795973
0.5953617909654088,0.27735113182469623,0.19114324906129826,0.7224445306843588,0.9143391415213955,0.1044740721682624
0.5954539588449204,0.25082487497286376,0.17000877645869228,0.3559615688010198,0.8069358266043309,0.10447579961192188
0.5946746760913784,0.2520657632885349,0.17101406300679278,0.35978319799124625,0.8082447938800215,0.9100654074129185
0.593161917616785,0.25237374643437954,0.17164995342846073,0.35883446186683954,0.7954781130471247,0.9103446774712002
0.5916492217201044,0.2501701160032839,0.16983357707712582,0.35917822583088577,0.8091117722055969,0.9106239475294816
0.5901364476010325,0.2502340558911358,0.17153939554697198,0.34410820452244395,0.8033999150020463,0.910903284027904
0.5886237560848064,0.24856795891798736,0.16810427695433244,0.3757746750910347,0.804079898002442,0.9111825983796127
0.5871110163835866,0.24580079318930953,0.16604990345939702,0.35351169958976647,0.8120696982575737,0.9114617134108993
0.5855982266200361,0.24690271478658452,0.16816997644574844,0.3602543495949666,0.8093157671057725,0.911741027762608
0.5840855150788777,0.24460360005061985,0.16512166656920454,0.3374043902752246,0.8005949851253717,0.9120204085544575
0.5825727972799282,0.24547192167844692,0.16625307321030028,0.3844406084316403,0.7981640458988295,0.9122996121725984
0.5810600700942903,0.24375616499988256,0.16429949663074023,0.36668309707783964,0.7829664258392768,0.9125400811886826
0.5795472803307407,0.2444968178275321,0.16587496968235071,0.36092639087110334,0.7927921801954199,0.9127799300967864
0.5780345625317902,0.2448022442360682,0.16537443796423518,0.35956995870662967,0.7909222269443035,0.9130198897384582
0.5765217977994053,0.24182940061245126,0.16214855597241198,0.35661447016371417,0.7926901827453321,0.91325984938013
0.5750090205514375,0.2404305774482396,0.16090447989389273,0.35712973887082544,0.7917722056947696,0.9134998090218017
0.5734962764697644,0.24071021478059496,0.1623213804068946,0.36819701657989046,0.7811984700381345,0.9137397132966895
0.5719835148662744,0.2397634585310976,0.16287230836932678,0.36675703591358566,0.7908712282192027,0.9139796175715774
0.5704707501338899,0.23626480489466084,0.15787253125578654,0.3740892508459188,0.7928601784955163,0.914219743313601
0.5689580010459832,0.23943735830892604,0.16217784329749424,0.36239766251623085,0.794390140246378,0.9144596475884889
0.5674452550869726,0.23930201214511013,0.1631044998407922,0.3676974727809186,0.7842753931151947,0.9146996072301606
0.5659324090033002,0.2375683511536732,0.1601050036482994,0.37838119774322165,0.781742456438451,0.9149395668718325
0.5644196818176628,0.23507506741651424,0.16265410097584426,0.35783942462402285,0.7708627284317799,0.9151795265135041
0.5629068826674257,0.23907800262246157,0.1636762711179387,0.3762304194615276,0.7695367615808664,0.9154195968887439
0.5613940897749794,0.23355006837216186,0.159755924054283,0.3695730254608105,0.7762855928601766,0.9156595011636317
0.5598813438159693,0.23649029839770525,0.15847623040961925,0.3766298162445212,0.7726816829579093,0.9158994054385194
0.558368535279044,0.2324568843799406,0.15775775247579932,0.3760913572688407,0.7710667233318418,0.9161394758137592
0.5568557642888683,0.2342617353080309,0.15930235785543295,0.3821036329422054,0.7770505737356643,0.916379391162004
0.555342943236361,0.23163331995843855,0.15501023750488988,0.3882192720900315,0.7683297917551499,0.9166193950971028
0.553830153472811,0.22927047631014819,0.15371286566604295,0.371401323997556,0.7622949426263403,0.9168593547387746
0.5523173762248432,0.2314122962758636,0.15796408734723366,0.38318154362766577,0.7572800679982947,0.9170993143804461
0.550804545785649,0.23012046988612223,0.15568676099139012,0.3835711321977542,0.7614789630258656,0.917339384755686
0.5492917497643082,0.2295113227525412,0.15451472128546212,0.3838971460760974,0.7530811729706102,0.9175793001039306
0.5477789787741321,0.23079206398751828,0.15645484056933745,0.3959682765067847,0.7569910752230271,0.9178191490120344
0.5462661671083118,0.22755152102805587,0.15470284896704406,0.3853079403598709,0.7615809604759534,0.9180591529471334
0.5447533491847008,0.22898913508222987,0.15491947158689,0.3743398963514124,0.7534721631958519,0.9182992233223731
0.5432405500344628,0.22600009461715972,0.15296114511316233,0.39205015356206685,0.7629069273267532,0.9185390722304769
0.5417277414975392,0.22562347827197027,0.1541912371136987,0.3901443820561803,0.74067148321285,0.9187791426057165
0.5402148672538059,0.22654700397052366,0.1554994279099974,0.38969217181908244,0.7571610709732113,0.9190190579539612
0.5387020962636297,0.22536217256732438,0.1543880721967977,0.386662942987241,0.7701997450062663,0.9192589511554923
0.5371892814689141,0.22422124910456087,0.15324610556265728,0.3745126717941252,0.7493412664682637,0.919498910797164
0.5356764197407635,0.22456674298378543,0.15274478367109445,0.39252877052621704,0.7433914152145462,0.9197389368789765
0.5341635736570916,0.22385209199577094,0.15323476203627828,0.37586664197803166,0.7502932426689313,0.9199788300805074
0.5326507651201675,0.22127504739887024,0.151702560387733,0.38159384412732456,0.7406034849128673,0.9202187897221794
0.5311379315520783,0.2196558370545185,0.14960148697805226,0.3919012831564752,0.7293157671057315,0.920458749363851
0.5305626183778367,0.22068017687186875,0.15063869918946796,0.3943471020126017,0.735911602209967,0.9207632666756173
0.5281064384121761,0.22183559864430705,0.15320072481702834,0.3974629369673013,0.7295197620059071,0.9209383364464908
0.5265932012165471,0.21802767991751504,0.15052867251701937,0.405056558642769,0.7290607734806827,0.9211782960881626
0.5106530854459863,0.21978222748604176,0.1488727212958207,0.39880626504165906,0.7324096897576737,0.9258407329652232
0.5240401756723605,0.21829729770030598,0.14837799524984022,0.4201177247630412,0.7371695707606705,0.9216883791954062
0.52204846775212,0.21830539701499668,0.14934924457869078,0.3945678066576481,0.7233829154271234,0.9218977320789064
0.520535621668448,0.21585260985129123,0.14597348859629203,0.4080073217713698,0.718623034424013,0.9221376917205781
0.5199603000461877,0.21559663038471677,0.14657323466951735,0.3997319300255884,0.7243008924776859,0.9224420540053494
0.5175040202687562,0.2153581314920343,0.1456114807022601,0.3982300027514618,0.7284317892051604,0.9226171680696499
0.5159907580419607,0.21450685775947784,0.1494408006701379,0.40641291138851443,0.7003314917126318,0.9228571277113218
0.5000506932723998,0.2155787260718442,0.14870253519957102,0.4111018725069717,0.7154781130470838,0.9275194538548144
0.513437707466609,0.21262314847073677,0.14610277823656037,0.4119183367399337,0.7141521461963976,0.9233671665251382
0.5114459682574122,0.21183901501748828,0.14429352893984795,0.41027504413000915,0.7150701232469601,0.9235765637020653
0.5099330940136788,0.2114555795141906,0.1446236089571937,0.40560105344177555,0.7140161495962047,0.9238165233437372
0.5093578734547495,0.21408314202203738,0.14667243795777216,0.3979896816806052,0.7175010624733886,0.9241209299219354
0.5069015414247593,0.21210501045777078,0.14630488999612526,0.42595746324987727,0.7017084572885324,0.9242959996928092
0.5053882260067382,0.21035792212564353,0.14556477857414374,0.423803746475248,0.6977475563110147,0.924535848600913
0.4894481496602636,0.21092699821267974,0.14487981329064653,0.41058850984933204,0.6971865703357025,0.9291983962115413
0.5028351191112646,0.21050029484723748,0.14554182591686568,0.4220612598740807,0.7078623034424254,0.9250461088818651
0.5008433548709026,0.20851257462409972,0.14294813137702617,0.3984545592048152,0.6885847853803853,0.9252553953252245
0.49933050565833437,0.2087203837294387,0.14360143881509926,0.4310704409570003,0.7009944751380317,0.9254953549668963
0.4987552807189508,0.20723140786221397,0.1416950911459538,0.41572674271195176,0.7044623884403336,0.9257996508115266
0.49629881727534375,0.20535813828616145,0.1421914019655708,0.4040338439732525,0.6942626434339445,0.9259748866827521
0.49478556443523525,0.20353922172701777,0.1398380795164156,0.4331929064621709,0.6968465788354479,0.9262147909576399
0.4788455250097292,0.20613075926980873,0.14238322376335308,0.4187082805976434,0.6837229069273008,0.9308771724679165
0.49223240434853555,0.2027597762214777,0.13796076020794532,0.41716517471306114,0.6855418614534301,0.9267249405050243
0.4902406620104425,0.20356735298912454,0.14106315823163518,0.4220503795083481,0.6910327241818095,0.9269342712418107
0.488727753348857,0.20209713248858974,0.13925786644227214,0.41397595685371114,0.6775350616234164,0.9271741865900553
0.48815257471712936,0.20173330519372756,0.1394565496901568,0.4034660794869487,0.6979005524862032,0.9274784824346858
0.48569605995963316,0.19914410804893445,0.13880667740387692,0.41040437752851844,0.6716022099446946,0.927653729379268
0.4841827664438818,0.2003005936386445,0.1368807945222786,0.42212431834409414,0.6647683807904059,0.9278936225807989
0.46824276863268777,0.20019594620181297,0.13854493300280915,0.4288960753130975,0.6777730556735833,0.9325559487242915
0.4821013843739723,0.19823635902871017,0.13755125779897873,0.4359679159457597,0.663408414789501,0.9284337809250883
0.4805667017274762,0.19931589934093036,0.1378124732043773,0.42151215878885173,0.6797110072246824,0.9286775055080692
0.4785973090910951,0.19965009887779261,0.13711563318546094,0.42510530029869,0.6855418614534301,0.9288831377436874
0.47659873011598153,0.19466736829736567,0.1371596903352314,0.43081288602217294,0.6599235019124308,0.929091981252775
0.47508579454589306,0.19549412417068293,0.13650348116777627,0.44143204355863097,0.6563025924351678,0.9293320516280147
0.459145310817203,0.19416819662661577,0.13324171600528853,0.42536090947468197,0.669885252868653,0.9339947099722109
0.47300135179024716,0.1913620254565931,0.13185067651905974,0.4481654015726577,0.6563535911602685,0.9298706597023532
0.47147668098409,0.19324723124122734,0.13425781708409884,0.4253491157935776,0.6687632809180286,0.930110619344025
0.4699400437164738,0.19158241263673317,0.13293776261923596,0.4357621023122087,0.6493157671058043,0.930354233193438
0.4682832659292395,0.19276916069894978,0.13390531561851524,0.4188015181842879,0.6491627709307295,0.9306332817845837
0.466912258005042,0.19042081178447784,0.13337970640696092,0.410990289194165,0.6528176795579839,0.9308279513969783
0.46539046578289334,0.18956208239137828,0.1325327378598039,0.4328277788602992,0.6484997875052159,0.9310681325057858
0.46385096557574634,0.18809100368531334,0.1311139891820164,0.4395097926666893,0.6352401189969896,0.9313114141544949
0.4621519085858812,0.189148593603172,0.13121029295426018,0.43374931407037387,0.6549426264342628,0.9316027541716794
0.4608238932525257,0.18725123884650172,0.12920500096126702,0.4309241119507039,0.6351041223969105,0.9317852430916033
0.45929772996313734,0.18629573426438145,0.13091241748497573,0.4180399720017216,0.6429919252018408,0.9320250919997071
0.4577633830471455,0.18611201391551663,0.1300876047815365,0.441721286565921,0.6420739481511646,0.9322688608761152
0.45581107762286477,0.1836315245924695,0.12945936155667623,0.42809986285576973,0.6474458138545742,0.932475999088257
0.45379407258119775,0.18476626897541598,0.12767202020612944,0.42845665149120404,0.63493412664684,0.9326837352616655
0.45228116079071645,0.18472682727959325,0.12853640798306257,0.4259836714301093,0.6360900977474557,0.9329235841697694
0.4507681613911565,0.18262145959377057,0.12785539799354376,0.4332716898403235,0.6268763280918392,0.9331635438114412
0.4492551932805542,0.1810732317864024,0.12790210012166014,0.4513553342005594,0.6258563535910753,0.9334035588198969
0.4477422282988468,0.1815295557581318,0.12725933718303473,0.4420755735114239,0.6087547811304148,0.9336434077280007
0.44622929147720036,0.1814462186373706,0.1264989114420081,0.4348537109016144,0.6368040798979564,0.9338833120028885
0.4447162626660215,0.17907527567438955,0.12611686147356413,0.43464968418944294,0.6230344241392913,0.9341232716445603
0.44320325387977455,0.1804762246852165,0.12606461263771981,0.4377991926848046,0.6252953676157631,0.9343632312862321
0.44169028576917135,0.17972171898996792,0.1265340155060804,0.43905361149319244,0.6086867828303184,0.9346031909279038
0.4401773176585686,0.1778100840508617,0.12538941496044906,0.4475532023080513,0.6068848278792984,0.9348432613031434
0.43866426819667836,0.17725402050517625,0.12447859065991965,0.4228256651308542,0.6060348491287186,0.9350829994776795
0.43715131573055377,0.17724378282837297,0.12517885697714523,0.4461327586488286,0.5958691032724346,0.9353229591193513
0.4356382944287245,0.17395826095949024,0.1230218384020488,0.44707450592517306,0.5972290692732258,0.935562863394239
0.4341252793846868,0.17721457880935354,0.12524165031243722,0.4539375944313495,0.6058988525286395,0.9358029891362627
0.43261227810778946,0.17338428237336312,0.12263952282908477,0.42879017043934087,0.5966850828729093,0.9360428934111505
0.4310992599348564,0.17181558993995746,0.12296432395659365,0.4544997598973308,0.5780875478112648,0.9362941478767496
0.4295863012109402,0.17320652655293278,0.1235453227774424,0.45191468030169757,0.5954951126220749,0.9365467865119476
0.4280732924246937,0.17217793146649554,0.12224795536533745,0.45160586057796115,0.5929791755205542,0.9367991483132259
0.4265602867673426,0.1715762399934576,0.12136484246973778,0.45600673026068383,0.5921631959200795,0.937051786948424
0.42504724982103514,0.17198610465122727,0.12334453682710697,0.4606469282801633,0.5884742881427201,0.9373044255836219
0.42353422226141424,0.1673471640544619,0.11985453548713218,0.45844448811592065,0.5661368465788428,0.9375570088520361
0.42202122911964635,0.1678254437843374,0.1199416006488187,0.46343023702082564,0.5729196770080307,0.9378094260200982
0.42050820594047966,0.16839792945042772,0.1201708970310151,0.44424541228783254,0.5622779430512992,0.9380620646552963
0.41899515334969406,0.16474006080886802,0.11765609588712728,0.4591521089821906,0.5806714832128819,0.9383146479237103
0.4174821602079253,0.16473153239141225,0.11713367392981408,0.4370713200429004,0.5768635784105527,0.9385671204585565
0.4159691357772006,0.16465267581868964,0.11874133382251781,0.4617695517094744,0.5599660008499541,0.9388197037269705
0.4144561050886839,0.16644687069478067,0.1200864657808195,0.4555052804122406,0.5685677858052713,0.9390722869953848
0.4129430337245248,0.16539503254190216,0.11917590708481021,0.46721898685766994,0.561716957075987,0.9393248038236579
0.4114300218093825,0.16024136529915314,0.11624420865944218,0.4624939299273474,0.5533191670207316,0.9396198644887244
0.4099169879919704,0.16070068405059712,0.11637931282532954,0.4402125292811887,0.5546281342966495,0.9400162906618599
0.4084039372785222,0.1600968649430157,0.11477138732810571,0.4431964100193557,0.5627879303016243,0.9404495911131112
0.4068908471409882,0.16157517760652843,0.11692443290225571,0.45660610340072183,0.5476923076922731,0.9408827808307948
0.4053777945502022,0.160116889738719,0.11624527107752256,0.45190526918243235,0.5606119847003583,0.9413159705484782
0.40386480453732965,0.15975264228073272,0.1167378877809393,0.4683402998779693,0.5460603484912099,0.9417491602661614
0.4023517675910222,0.15797081092806026,0.11606109647654797,0.45691782190802943,0.5401444963875974,0.942182349983845
0.4008386430356361,0.15491847065342948,0.11385370157747393,0.458962457059783,0.5508202294942066,0.9426155397015283
0.399325609218224,0.1576125208467957,0.11483048433382645,0.46713925045478155,0.5107012324691595,0.9430488401527797
0.3978125722719166,0.1555099244496641,0.11435501904229473,0.47067298675609326,0.5331406714832383,0.9434819191368953
0.396299473999254,0.1544772725541688,0.11260936653454759,0.4683875143117511,0.5300467488311824,0.9438800063135496
0.3947864276662596,0.15348852144739653,0.11349934088024966,0.4786500023408671,0.5237229069272189,0.944258604382251
0.3932733218842479,0.15204239149126408,0.11194022021359293,0.46540681032270337,0.5085252868677799,0.9446369809838164
0.39176029119573075,0.15405696460785426,0.11345421909902784,0.4807044457055256,0.5077773055672878,0.9450154683189498
0.39024722296046743,0.151863133811156,0.11209589766293251,0.47138854949516107,0.5270718232043237,0.9453939556540834
0.38873416098299396,0.14913262776204064,0.10986368866156881,0.47415319483474905,0.5203229919251271,0.9457723765490759
0.38722108961883395,0.15086437924617305,0.11070221541172881,0.4715515564343329,0.5190650233743099,0.9461507752973551
0.38570801199688365,0.15092149640006025,0.1129117351469636,0.45780207002531914,0.5024394390139832,0.9465292626324885
0.38419487054546053,0.1462552791708619,0.1092663241755403,0.47052860350863224,0.5078623034423799,0.946907738894265
0.3826818023101968,0.14551291350800846,0.10981620300011813,0.46784278125656087,0.5120271993199594,0.9472862262293985
0.3811687309460363,0.14386707197329954,0.10730430137224134,0.46449770414355696,0.5076073098172174,0.947664658197748
0.379655618906233,0.14654215224859327,0.11201120302158785,0.4740167534600854,0.5036124096897083,0.9480430347993134
0.37814252876869947,0.14504358235871284,0.10859560636117513,0.48023083212123807,0.4942966425838904,0.9484215221344469
0.376629491822392,0.14595837581599705,0.10895628623260659,0.46672138881753344,0.4885677858053441,0.9487998987360124
0.37511636413811056,0.14324043890204188,0.10727870594998834,0.4691614895252456,0.47772205694855074,0.9491783860711459
0.373603256478761,0.14202406486975358,0.10671484968754064,0.46432846283423923,0.48258393540163524,0.9495567626727113
0.37209015069674845,0.14168815964940018,0.10801960975878816,0.47979248045217227,0.48683382915430684,0.9499352500078448
0.37057709497706703,0.1411448726385447,0.10686287994007251,0.46825651311995387,0.4836379090521632,0.9503137373429781
0.369063923488246,0.14173036190634486,0.10806737430498489,0.4787700040388394,0.49478963025921985,0.9506921582379707
0.3675508552529818,0.1382672987684143,0.10445757647296408,0.47209299361231194,0.4549766255843224,0.9510706455731042
0.3660376900219524,0.13985708875443592,0.10808030039162944,0.4782411150198804,0.4486867828304639,0.9514490886148105
0.3645246061422096,0.13445192438107917,0.10411112857706761,0.46722470500608426,0.48312792180195174,0.9518275316565168
0.36301151913357144,0.13746973976240368,0.10434833554722076,0.4894188641795607,0.45817254568635235,0.9522060079182934
0.36149835265098407,0.13509794574560524,0.10398923823605485,0.4804425624500235,0.4645473863153029,0.9525844398866429
0.35998520932222355,0.13629705554331226,0.10471984986970106,0.4874174725251905,0.46991925201859885,0.9529629272217763
0.35847211292689796,0.1357669884734773,0.10392961002129394,0.47546610553629165,0.44535486612824116,0.9533413038233417
0.35695900401599046,0.13316158375966186,0.10424806984088561,0.4665496458182845,0.4551806204844979,0.9537197911584752
0.35544587946060435,0.13091000288249782,0.10225861451740298,0.4723452672017292,0.4668763280917574,0.9540982784936087
0.35393277367859266,0.1334491183708227,0.10331905163072985,0.4915495098137128,0.44232894177639537,0.9544766550951741
0.35241959906087583,0.13053125532690857,0.10146626089969016,0.4817046451656608,0.45259668508288087,0.9548550316967396
0.3509064838921767,0.1302232668172794,0.10089554318714003,0.47998840645409,0.42852528686773894,0.9552336297654409
0.349393362465686,0.12766967626234615,0.09962535597092462,0.4840829183936435,0.44249893752635217,0.9556120063670065
0.3478801972346566,0.1287080781348934,0.10315360214842184,0.4815585147061845,0.4454568635784426,0.9559904272619992
0.3463670445192095,0.1277178430477253,0.10143354727629866,0.4858450214206209,0.43491712707179886,0.9563689810372733
0.34485390431934526,0.12593451698708785,0.0988601714822463,0.49552429802084186,0.44164895877588606,0.9567473576388388
0.34334076724837637,0.1250190906032252,0.10017389570604696,0.49957683716265966,0.4064598385040199,0.9571257896071882
0.3418276239196163,0.12583497587316067,0.10179977164208712,0.49553295466219094,0.4311092222694697,0.9575042215755377
0.34031449435799743,0.12321488154135435,0.0999717927999661,0.48985995579474184,0.39554611134713014,0.9578825981771032
0.3388013791892983,0.12028572951886246,0.09564325806971827,0.4886419504731312,0.42651933701654343,0.9582610855122365
0.3372882170871643,0.12290497279685145,0.09827626207853152,0.5027001771871531,0.4139396515087128,0.958639683580938
0.33577505498503024,0.12188512067925253,0.09768206049966316,0.4841634489838116,0.41570760730974143,0.9590179494489356
0.33426190852737436,0.11858617146967951,0.09697043958920365,0.4807981598045379,0.4084657883552154,0.9593965475176368
0.3327487182651794,0.11985156691702073,0.09732559709998817,0.48877708143878307,0.3959541011474812,0.9597748133856344
0.33123553426077557,0.11689279607616992,0.09366224675660359,0.4739605250006782,0.40263493412658136,0.960153300720768
0.3297224003187029,0.11856955088924576,0.09664405590142919,0.4797238626712006,0.3985890352740853,0.9605316773223334
0.32820919754092515,0.11831804303106896,0.09587544954118368,0.5081718892885461,0.38419039524001164,0.9609102089508939
0.32669606672774787,0.11520964048018173,0.09522240770763069,0.48741628124427083,0.3578070548236383,0.9612886519926002
0.3251829190185336,0.11307677624675899,0.09236565402434893,0.4830081050385744,0.3592690182745173,0.9616670950343064
0.32366970685406926,0.11331186198453094,0.09134665342952761,0.49489343535516084,0.36307692307684647,0.9620455823694399
0.3221565572675176,0.11411859306214495,0.09577756542204535,0.47983012492923294,0.3611049723756423,0.9624240032644327
0.3206433357163663,0.1139161101948774,0.09585196567486542,0.4940637876133551,0.3461453463663702,0.962802379865998
0.3191301861298146,0.11225982000783899,0.09551424067408301,0.48792916738954273,0.38313642158937,0.9631809779346995
0.3176170021254108,0.10900200745001071,0.09296751386687999,0.49206243566834873,0.3641308967274881,0.9635593545362651
0.31610380435386665,0.10834980700566763,0.09257251567808147,0.5083096410722212,0.3441223969399516,0.9639376204042626
0.31459063411660404,0.10432940016546921,0.08975429678392324,0.4857388782906804,0.3603399915001546,0.9643162184729639
0.31307742351658696,0.10943468607145657,0.09151525475214073,0.5054692699755077,0.3361665958350386,0.9646945950745295
0.31156425985000524,0.10818462747211025,0.08963502928754641,0.5024565999484494,0.36671483212921885,0.9650730270428788
0.31005102828638753,0.10692434549938606,0.09022896526189467,0.4992275933063832,0.3469613259668449,0.9653898357806836
0.3085378555460081,0.10436860943062753,0.0903305479239753,0.5013207533009303,0.3238079048022655,0.9656969553312957
0.30702463837531013,0.10412691729820167,0.09115008173757766,0.4898117883362241,0.33234169145771375,0.9659988704042161
0.30551145311934835,0.10513292191198609,0.0919822760333045,0.4993304405591126,0.3460433489161687,0.966297242002963
0.30399824502244854,0.10193565039052466,0.08729464399189071,0.5143218373268577,0.3337866553335971,0.9665956689684938
0.3024850219068491,0.09970367235801161,0.08704371412153272,0.5279661733400305,0.3167020824478186,0.9668940959340248
0.3009717894045627,0.10055302049190984,0.08999044133599604,0.5024365070102714,0.3161070973225151,0.9671923014324197
0.2994585628471782,0.10200023035666775,0.08998594819286446,0.5161906394148714,0.3267318317041372,0.9674907283979506
0.29794537727832626,0.10093901273251607,0.08868990880335997,0.49822965727999535,0.32183595410106136,0.9677891553634814
0.2964321760649966,0.09732164066440988,0.08659015013605367,0.5009701196169145,0.2998725031874301,0.9680874715954445
0.29491890570307255,0.19239681035041645,0.15875828912973217,0.5021748223015889,0.20698682532940893,0.9683859428544026
0.29340570761863827,0.2433961745989114,0.20006047372248317,0.5187661887631476,0.34570335741602776,0.9686842147929383
0.2918924738647939,0.2812781927221382,0.24372045509386747,0.5154167039107411,0.3606459838504179,0.9689826417584693
0.29037929424084385,0.3094051160635371,0.2905590939734024,0.49906637328859116,0.40401189970248197,0.9692810687240001
0.28886603044960113,0.35620929043960115,0.3532015548311536,0.4571134302350355,0.7906162345940402,0.9695794292493902
0.29058126070114154,0.34517984572968907,0.3392383821373523,0.76030594000066,0.9354016149595736,0.10203660487131776
0.5712746885852464,0.3457105582415998,0.33866872241614054,0.7583797975910473,0.9396175095622539,0.1043071080945602
0.5705698341243717,0.3411764814209767,0.335496136184645,0.7323425264614267,0.9344666383339018,0.10428851592850728
0.6013788056328102,0.34318786129782347,0.3428946120662274,0.7223954102011054,0.9400254993623776,0.10452808800269135
0.6024075496054597,0.34665433222687997,0.34858595252221813,0.7670132486719106,0.9340926476837694,0.10456674509125048
0.5710107030324769,0.34331297336069244,0.3464049343653603,0.7838244858818717,0.9417764555885242,0.10429428514739564
0.5405549866602675,0.3487720670119776,0.3487447928787178,0.8002182188388609,0.9299447513811856,0.1039855156666215
0.5264570936294768,0.343604332350247,0.3414893251108666,0.7995164352490971,0.9272078198044937,0.10553502155581268
0.5412594043273087,0.35049571202970653,0.34388697031431237,0.796594739374936,0.9313557161070776,0.10400524838842395
0.5407673620177644,0.3442347933757547,0.3323958452901479,0.7951020643826185,0.9335316617083436,0.10398860513316631
0.5409297063336274,0.34607140148431653,0.33101166725402154,0.7548630966068866,0.94046748831272,0.1039908364145598
0.5710588748843071,0.3425878790841331,0.3289240511400255,0.7289302213951909,0.9344666383339018,0.10432814747246404
0.6019646287675791,0.34513721794583574,0.33237895948278295,0.7216614620265109,0.9400254993623776,0.10453877379199515
0.602055061048667,0.34495328125766017,0.33054754770223976,0.7464054785897631,0.9353166170844815,0.10454045694222744
0.5877188547411221,0.3431503487765154,0.32707575133874633,0.7259064327462159,0.9361155971099606,0.10616623611299847
0.6027093037448736,0.350165774913644,0.3352971895456113,0.736434576420413,0.9379855503611907,0.10456165134712636
0.6023211967785356,0.34320683121589596,0.328466264042677,0.7478306873726646,0.9312367190819941,0.10454551746628117
0.6024119942017472,0.344830300405191,0.33117314594875413,0.7360614672363794,0.9431024224393241,0.10454722276322705
0.6034406055092196,0.34443556877160286,0.32995941518665556,0.7114143812306226,0.9395155121120524,0.10458587985178616
0.6025876910798473,0.34639664886474253,0.3327631320740167,0.7226265186995169,0.9353166170844815,0.10455058906369168
0.6026780535865615,0.34820959910752347,0.3324098315815018,0.7442274993937374,0.9371865703355979,0.10455228328728076
0.5883417922104521,0.3507239821852266,0.33513307251264574,0.7241438134975067,0.9312027199318891,0.1061759474469046
0.6033321701882737,0.3419022157758273,0.3277113783692652,0.7212093709175051,0.937594560135949,0.1045734666188229
0.6029440369392112,0.3476895408596838,0.3362710772126948,0.7395084385773771,0.9357076073097232,0.10455733273797768
0.6030347342377609,0.3449839728329318,0.33086364585497363,0.7268627136497803,0.9383765405864324,0.10455904910828039
0.6040632360338867,0.34766694859910285,0.33206207115660186,0.7252051256688199,0.937594560135949,0.1045977061968395
0.6032103309912005,0.3467306356381504,0.3349803012194302,0.7156953286341008,0.9379855503611907,0.104562415408745
0.6033006340488973,0.3448379724050449,0.331506393300002,0.7409039447560151,0.9334806629833565,0.1045640985589773
0.5889642415720604,0.34622038417642076,0.33528558041471224,0.7310144864922048,0.9382065448363619,0.10618563663409718
0.6039545857578075,0.34983498674376406,0.3323319939635175,0.7394119845322498,0.9416064598384537,0.10458530403723301
0.60356637741525,0.3479698182703304,0.3346087957504339,0.7276629764622349,0.9357076073097232,0.10456917015638781
0.6036570693946777,0.3473557686376585,0.3349689554796802,0.741248423488613,0.9361665958350613,0.10457085330662011
0.6046854723176995,0.34609228806140635,0.33251906808050313,0.7306902198258769,0.9387505312366784,0.10460951593185762
0.6038324971877516,0.34938803509159505,0.33879959240330343,0.7392348410594984,0.9375265618358526,0.10457421960708473
0.6039227095074735,0.3481857266903601,0.3340789744938651,0.7277910391610969,0.9324266893327149,0.10457591383067381
0.5895862879319065,0.3449705454922415,0.33091509566388666,0.7252963777872647,0.9335826604334443,0.1061953811880737
0.6045765767362012,0.34772172535499224,0.331911411419321,0.7465210725483329,0.9304377390565151,0.10459710823557276
0.6041882620111911,0.34989402413252496,0.33779166751697,0.7313683366347037,0.9345006374840068,0.10458097435472755
0.604278893602932,0.3487106838614343,0.3350631521227312,0.7181687454981991,0.9353166170844815,0.10458266857831665
0.6053072621081022,0.34516727123074437,0.33329506267314923,0.732658374742589,0.9323246918826271,0.10462132566687576
0.6044541993690746,0.34298729866542965,0.33090849981830434,0.7483810988669053,0.9361155971099606,0.10458604041545964
0.6045443334664058,0.34502958288100244,0.33115889847962215,0.7225335193690565,0.9333786655332688,0.10458771802901358
0.590207881227661,0.34559695686040387,0.331572095004789,0.7153937757239741,0.9336166595835493,0.10620508144862305
0.6051981215340732,0.34978319225209187,0.3370539332554433,0.7406541728565292,0.9328686782829436,0.1046089124339125
0.6048097786490017,0.35071098215937313,0.338558693530321,0.7327242128680818,0.9408754781129574,0.10459277855306728
0.6049003195027689,0.3489704984339716,0.3365803139153262,0.7333266039197828,0.9319677008073768,0.10459447277665637
0.6059285503365293,0.3472494119414794,0.3347528574287614,0.7310795701397814,0.933684657883532,0.1046331298652155
0.6050754957326303,0.34914271346494796,0.3356565613147813,0.7315682732823843,0.9369825754355361,0.1045978280037642
0.6051656173143796,0.34395281206954514,0.33159346510180154,0.7399163728736282,0.9329366765829263,0.10459953330071009
0.5908289713969936,0.34858471895681975,0.3339626153669833,0.7299309370770581,0.9346026349340946,0.10621479278252921
0.6058192092002885,0.3393264459717245,0.3259271932857656,0.7299182697899458,0.9388015299616654,0.10462070555889542
0.6054307818350346,0.3450845724003462,0.3322874033913359,0.7302064406444084,0.936506587335316,0.10460458275140702
0.6055212194352451,0.34438804027658676,0.32811375372360935,0.7187905941382546,0.9337356566085191,0.10460627697499611
0.6065494233605024,0.34818210255992343,0.33209241425965147,0.7338021632629059,0.9315087122821524,0.10464494513691203
0.6056962655030471,0.3469395103486893,0.3339847800641851,0.7310244138332018,0.9393965150870827,0.10460962112874715
0.6057862932179261,0.3470100602070514,0.3340863627262657,0.7313511424800969,0.9328176795579566,0.10461132642569303
0.5914496591903431,0.348684041943508,0.3349328067044955,0.723839798606813,0.9398725031873028,0.10622450411643532
0.6064398287837136,0.34500699062042145,0.33068923664685446,0.7360157220490651,0.9361665958350613,0.10463252083059196
0.6060512919071108,0.3474162989464562,0.33390773261964807,0.7208231179339919,0.9363705907352369,0.10461636480303316
0.6061417013472599,0.3455423928679688,0.33149478416910294,0.738716594150088,0.9377815554611288,0.10461807009997907
0.607169842694605,0.3456054817020032,0.33137789604655193,0.7198053669349735,0.9403144921376452,0.10465672718853818
0.606316616001445,0.34742418549769255,0.33636843897627694,0.7172148471564741,0.925320866978268,0.10462142532708689
0.6064066312007408,0.3446229168267608,0.3313715635921187,0.7533236836931552,0.9381385465362655,0.10462310847731919
0.5920698879747,0.35005942000539314,0.3342684235579345,0.7273042817773292,0.931100722481915,0.10623422652369828
0.6070599633883105,0.3484655767861698,0.3359847953807124,0.7341556560211291,0.9397705057373287,0.10464430288221811
0.6066714108672295,0.34748471580649026,0.33383016060618387,0.7152788568245925,0.9331746706332069,0.10462815792801612
0.6067617452138827,0.3448249723791914,0.3293042662239098,0.7420091357745355,0.9377815554611288,0.10462985215160522
0.6077897498284877,0.34613512860871404,0.3335325308210805,0.7468699590203334,0.9411304717381199,0.10466852031352114
0.6069365315833459,0.3485636196162756,0.33563439661757954,0.7379803825417466,0.9410964725881286,0.10463321845206984
0.6070263965956495,0.3482967713342475,0.33335495870580123,0.7511007534970946,0.938716532086687,0.10463489052894534
0.5926896214548729,0.34739711626492936,0.3369557791050429,0.7171561567164997,0.9363705907352369,0.10624394893096122
0.6076796380452452,0.3477262005392463,0.3334932169253647,0.7427774325489795,0.9435614109646622,0.10465608493384426
0.6072910385907293,0.34819936679450475,0.3335678894228179,0.7310453009586597,0.9414364640882695,0.10463995105299907
0.6073812915860959,0.3445790106742531,0.33249663999215223,0.7342678349743958,0.9334806629833565,0.10464162312987457
0.6084092586539516,0.34911308749487624,0.3361227902091268,0.7336923271621143,0.9385465363365029,0.1046802802184337
0.6075559715731051,0.3487307193847067,0.3358998329214766,0.7327394612638531,0.939056523586828,0.10464500050369599
0.6076458240698273,0.34899884603538905,0.33430245856381346,0.7345035894683936,0.9349766255843406,0.10464667258057149
0.5933089450497149,0.34835986016828197,0.3351357108508787,0.729462644547545,0.9335826604334443,0.10625366026486735
0.6082988602638668,0.34710362606497497,0.3314496646012521,0.7287461287837416,0.9383765405864324,0.10466787805882721
0.6079101919736467,0.346169231550968,0.33255231291293474,0.7235533352550019,0.9442753931151628,0.10465172203126843
0.6080003573599346,0.35073144142162604,0.3381544700111912,0.7221022756761444,0.9388015299616654,0.10465342732821431
0.6090283544651895,0.3452827910588858,0.33452620823828194,0.7008393407975555,0.9354526136846744,0.10469208441677343
0.6081749538054306,0.3484105854788978,0.3329673553895163,0.7269358980076106,0.9361155971099606,0.10465649464804556
0.6082646999196997,0.34816420003497905,0.3300396277517237,0.7251110541855319,0.9347046323841823,0.10465719226952341
0.5939277811626122,0.34738262331903913,0.33737029479932623,0.7491352988171336,0.940127496812579,0.10626112370734482
0.6089176722842677,0.3475109321975079,0.3352710673410601,0.717794842126886,0.9392265193370122,0.10467640454355669
0.6085289414161346,0.3450800990040203,0.3321454488422011,0.7311019265117069,0.9361155971099606,0.10465928513395702
0.6086191130602137,0.3467267987442594,0.3318662918514702,0.719220884806431,0.9335826604334443,0.10465998275543488
0.6096469693651638,0.34926803829127134,0.33479058876421164,0.7255111657370772,0.9365745856352987,0.10469767646195315
0.6087935177044055,0.3452254575656879,0.3313734117569044,0.7050660849191897,0.9450403739905369,0.1046613779983906
0.6088832074985517,0.34800050984560205,0.33372646417479745,0.7392808642123607,0.9422864428387356,0.10466206454651168
0.5945462393049139,0.3479022542520419,0.33454573238387975,0.716692589601301,0.9300807479812647,0.10626394741332666
0.6095360640939806,0.34562594275218433,0.33169214824787113,0.7153375472645669,0.9457883552910289,0.10468127682054493
0.6091472643901432,0.34959136901267995,0.33520589684531327,0.7323260867847357,0.9376965575859231,0.10466415741094529
0.60923730055304,0.3462672743810738,0.33424335491797974,0.7319622695918755,0.936472588185211,0.10466485503242316
0.6102651152436773,0.351164111103431,0.3383457628133043,0.737102289375875,0.9362685932850354,0.10470252659222781
0.6094115925569881,0.349094757655095,0.3363623699129928,0.7436003694082713,0.9377815554611288,0.10466623920202209
0.6095012823511352,0.34949886697202814,0.3335858310081502,0.7329735876739276,0.9352486187844988,0.10466692575014315
0.5951641589642711,0.3469525121624709,0.33513122656123107,0.7240703511741287,0.9382405439863533,0.10626677111930849
0.6101539731150933,0.34595055184224727,0.3333731636822826,0.716891533514882,0.9388525286867662,0.10468613802417641
0.6097650795443856,0.3493699180152681,0.33538479034308,0.7349807371860761,0.9357076073097232,0.10466900754121997
0.609855126032639,0.3461468520538414,0.3330626078105347,0.7167337682117567,0.9371355716106109,0.10466970516269783
0.610882856243093,0.3480444159981097,0.3356874312001291,0.7457709229532314,0.9337356566085191,0.10470738779585928
0.6100292615918028,0.35057734346697655,0.333414325742784,0.7442596639785677,0.9330726731831192,0.10467110040565356
0.6101188240398963,0.34878038087805086,0.3366410023347965,0.71235307088594,0.9438164045898247,0.10467176480706103
0.5957816871987816,0.34738475631736715,0.3336132723818178,0.7390131833897162,0.9350106247343319,0.10626956160521994
0.6107714428392552,0.3464482288050321,0.3321546852393873,0.7114229981626081,0.9375265618358526,0.10469099922780788
0.6103825179795912,0.3528274385758165,0.3352890089263924,0.7157815773726832,0.936846578835457,0.10467385767149463
0.6104724424409125,0.3466208693629172,0.3348449425158777,0.7254457247052246,0.9348576285591434,0.10467455529297248
0.6115001257179324,0.34879466106048673,0.3336304215803318,0.7317005054644654,0.940127496812579,0.10471223792613396
0.6106464422060061,0.34992045328699695,0.33439559942889713,0.7150261464321712,0.9387505312366784,0.10467595053592822
0.6107359818131615,0.3505466518917049,0.33811726545803916,0.7409778835917613,0.9349766255843406,0.10467663708404931
0.5963987927194889,0.3487656733807781,0.3349351816515793,0.7321741190487527,0.9376965575859231,0.10627236316448818
0.6113884181979024,0.3390423334551151,0.2701626223435287,0.7215480917923247,0.9190480237992915,0.10469582721136896
0.6109994401470122,0.32433839237149686,0.24420541906704904,0.7345154228588624,0.9319167020823897,0.10467869672841251
0.6110892957726293,0.30193208383137565,0.21948569491682082,0.731660994647297,0.9380365490861777,0.10467941649660396
0.6121169427544593,0.27873801878032617,0.19435910669585893,0.7381784925586838,0.9205609859752713,0.10471707698305184
0.6112632373402631,0.25207876152646014,0.17248742661402444,0.32471907511173126,0.8117977050573018,0.10468078959284612
0.6104834977679552,0.25685986744514966,0.17835924091467642,0.34390878409649517,0.8162005949851618,0.9115568778391654
0.6089695878597579,0.2528345491662194,0.17488163887904798,0.3295443981861239,0.8018189545260839,0.9118360371638791
0.6074557123694122,0.2527503609916408,0.17600222877606292,0.3566854705065252,0.814925626859349,0.9121151964885927
0.6059417930745292,0.25137967087746405,0.17549984667979074,0.3512626406322017,0.790055248618728,0.9123944111800905
0.6044278581351663,0.25227165215900016,0.17382200079265242,0.3393042847952408,0.8014109647258465,0.9126735151380201
0.6029140327071523,0.25032527956313333,0.1736636872184509,0.34176209587929174,0.8053038674032678,0.9129525637291659
0.601400094638894,0.2497020650105708,0.1730098574248216,0.3576996476627845,0.80200594985115,0.9132318337874475
0.5998861722151139,0.24962533607239165,0.1719837297753778,0.3504671032340618,0.8058138546535929,0.9135109377453773
0.5983722635584745,0.24740017898591504,0.16974439593276255,0.3225434784775445,0.8073098172544633,0.9137902631704429
0.5968582879434687,0.24834650970850372,0.17160272009130417,0.360765012015855,0.7939651508712586,0.9140428464388568
0.5953443874219584,0.24675074804233488,0.16982803922288187,0.34277635245427907,0.7881002974926332,0.9142825846133927
0.5938304837715527,0.24527668885998088,0.16944016808870588,0.3447635678657055,0.7922821929450947,0.9145224335214965
0.592316561347773,0.24694960677916575,0.17060798689613538,0.33791862653887206,0.7920781980450329,0.9147623931631684
0.5908026795996366,0.24481481873501293,0.16953542272309524,0.35367633461286174,0.7961920951975117,0.9150020206041364
0.589288710242422,0.24648432528721548,0.16990085912880742,0.37660213881782134,0.7863663408413686,0.9152420909793761
0.5877747815608507,0.24530844604045246,0.1684575774468473,0.354579206421862,0.7863663408413686,0.915481829153912
0.5862608560081752,0.2410535792373478,0.16563934527246307,0.3693139615701513,0.7854993625157931,0.9157216780620159
0.5847469867756216,0.24033360022333372,0.16471559488528914,0.36829339120629,0.7749596260093767,0.9159614162365519
0.5832329798716587,0.2446458005196363,0.1696253962542768,0.36297960324547796,0.7834254143646149,0.9162013758782237
0.5817190374229466,0.2361750687789155,0.16059867391631252,0.36397730101568215,0.795835104122375,0.9164411140527596
0.5802051087413753,0.24117549269668884,0.16785730901806584,0.3634947925338614,0.7876753081172865,0.9166810736944313
0.5786911957042831,0.23957291187241175,0.16529871190218565,0.37940605671839345,0.7916362090948041,0.9169208118689673
0.5771772075736945,0.23781111246715533,0.16428471795256805,0.3684396407938586,0.7701487462812793,0.9171607715106389
0.5756632914077051,0.23734562536346349,0.16400134006333872,0.36574321614160255,0.7710157246068547,0.917400509685175
0.5741493189215952,0.24060279247921598,0.16529000892741058,0.3618110360820328,0.7721206969825971,0.917640358593279
0.5726353745955457,0.23901150957315756,0.16440899873426165,0.359832239055772,0.7678198045048248,0.9178802075013828
0.5711214678162437,0.2348246287393937,0.16060051765435615,0.38318372764268505,0.7728346791329841,0.9181200564094866
0.5696075078457161,0.23654379857286859,0.1622567389068169,0.3571774298169752,0.7708117297066792,0.9183599053175905
0.5680935603907713,0.23457888337376614,0.16200079575114218,0.36674961026251984,0.7710157246068547,0.9185996434921263
0.5665795190689558,0.2350045193460803,0.1632942122960107,0.3776555091163367,0.7784105397364556,0.9188396031337983
0.5650655778718021,0.23490477083248334,0.16235910731560282,0.36536057671021194,0.7704547386314289,0.9190793413083341
0.5635516773502922,0.23367560596193954,0.1600878522364144,0.38108437298735587,0.7711687207819296,0.9193191902164379
0.5620376986063902,0.23334481421620323,0.16132506465146024,0.36241422132101375,0.7547471313216647,0.9195590391245417
0.5605237010891142,0.23222349717394708,0.1599564488268403,0.38260412976591307,0.7624989375265159,0.9197989987662135
0.5590097192163173,0.23314574629177437,0.16085593181436172,0.36890296965287317,0.7484572885678062,0.9200386262071817
0.5574957874058502,0.2293275970398918,0.15825511907338372,0.3743017753619837,0.745329366765759,0.9202785304820694
0.5559818117908444,0.22986150815533052,0.15838229937108833,0.3732127857639709,0.7490012749681227,0.9205183793901732
0.5544678330469428,0.23180212541036083,0.16164485692039438,0.3881429506924461,0.7563110922226315,0.9207582282982771
0.5529538574319361,0.228302195193198,0.1584503715962172,0.36990118364480895,0.7506502337440679,0.920998077206381
0.551439878688035,0.22676120670706218,0.15801105065312815,0.3878344883529856,0.7498852528686939,0.9212379150411282
0.549925899944133,0.22749397477140357,0.15732661657867114,0.40199643592574463,0.7220229494262185,0.921477763949232
0.5339849399975232,0.22630807597507616,0.15692133506820302,0.384181425412889,0.7559711007224905,0.9258044787950878
0.5473706103310456,0.22704190964461746,0.15644270022939816,0.3924524094192676,0.7369315767105036,0.9219874262689175
0.5453777697505755,0.22532636751743562,0.15767147527418907,0.3853357369146626,0.7316617084571817,0.9221968234458446
0.5438637503310302,0.22574773749309368,0.1579667278988376,0.3949523124291461,0.7393115172120588,0.9224365616203807
0.5432875835940525,0.22245135038461378,0.1544690727219421,0.38909573717197943,0.7334636634083154,0.922740857465011
0.5408299511950263,0.22142445382995496,0.1552036440763087,0.3872683916599693,0.7380195495112503,0.9229159272358846
0.5393155688235836,0.22451090062269607,0.15815274402448481,0.39409705214756774,0.7244028899277737,0.9231557761439884
0.5233745344092573,0.21974130896153593,0.15223871188536403,0.38008071881255345,0.7273438164045274,0.927469070081413
0.5367602059943382,0.22199438454666492,0.15452131713104444,0.3931753978094015,0.7345856353590534,0.9236654827571011
0.5347673309960146,0.21789063164606434,0.1522149624145257,0.38034935265993397,0.7281937951551072,0.9238747138336765
0.5332533491232181,0.21900043979457567,0.15216456838358,0.40415714154843574,0.7334126646833283,0.9241145627417803
0.53267713952037,0.21951409904743122,0.15361312674200595,0.3866695744510269,0.732341691457691,0.9244186924860589
0.5302195155693612,0.22040991901078655,0.15459862575335953,0.39811063640331334,0.7314407139821242,0.9245937622569323
0.5287050643622146,0.21780217926275786,0.15325956285834197,0.42063688498782326,0.7117382065447373,0.9248335004314684
0.5127640390216852,0.21473683359848905,0.15010914353741925,0.4007206931888949,0.6931406714830928,0.929133617074311
0.5261496984040734,0.21449407049707875,0.15016560884502006,0.3884978729877726,0.7209519762005812,0.9253434285117168
0.5241568327924382,0.21587541487532652,0.15074450496341807,0.40387762733532284,0.7216659583509681,0.9255528256886443
0.5226427820839352,0.21489477202288593,0.1490130910713189,0.39432355435975674,0.7104632384190381,0.9257924531296122
0.5220665693521922,0.2117554651332727,0.14796849284087363,0.39187253357694773,0.7144241393964421,0.9260967489742425
0.5196088922099573,0.2117092132189827,0.14994370733533724,0.4084096967566624,0.7150701232469601,0.9262717523049754
0.5180944941940369,0.20916498961982533,0.14537058182927765,0.4093136804278541,0.6852868678282675,0.926511556919652
0.5021534992037955,0.2110872770350744,0.1477790459901752,0.39536366173070014,0.7102422439437532,0.9307980533336412
0.5155390719157738,0.2099207736837282,0.14721888163055674,0.38186887118230706,0.6913217169569634,0.9270212635327647
0.5135461656284939,0.21017206699052246,0.14719592675990772,0.4208093427556243,0.7004334891627195,0.9272305499761241
0.5120321305644708,0.2100480205328534,0.1489708754462211,0.3841003388916253,0.6975945601359399,0.9274702881506601
0.511455966956389,0.20858823974500712,0.14587296171217878,0.4027234349616411,0.663408414789501,0.9277745839952903
0.5089982594638665,0.20777874274248662,0.1446378586396967,0.4158743027085321,0.6801529961750248,0.927949653766164
0.5074837957411376,0.20693386442905787,0.14574578362784518,0.419876291829993,0.684368890777705,0.9281893919406999
0.49154280544423923,0.20672328403502782,0.1438861358734451,0.4050424618185531,0.695520611984648,0.9324624895929712
0.5049283578183954,0.20647071593543564,0.14461490376904765,0.4243289822327201,0.6841138971525424,0.9286992092873805
0.5029354358866374,0.2020589798889904,0.14144996694773082,0.40914979988267475,0.7003314917126318,0.9289084957307397
0.5014214008226139,0.201923209986194,0.1408655329750889,0.4092950170267795,0.6843178920526043,0.9291483446388438
0.5008452265762866,0.2024153461595249,0.1421565723595026,0.4165327633821847,0.6888907777305349,0.9294524190163383
0.49838745775740945,0.2036411014510146,0.14357795494878103,0.4022632828517454,0.6842668933276173,0.9296274887872118
0.4968730096791587,0.2021693862425148,0.1434170052497176,0.4386422224822746,0.67246918827027,0.9298672269617478
0.4809320124986902,0.19960342143659388,0.139930432421423,0.4184196332308132,0.6636634084147772,0.9341270365858694
0.49431754359635605,0.2011085995090564,0.14244496574741974,0.4145172749035986,0.6742881427963994,0.9303771550419963
0.49232461227791147,0.19903008114082982,0.14182332500825473,0.40824045544734444,0.6760730981725374,0.9305863307517876
0.4908105302804535,0.19919504969886107,0.14199588383821726,0.4074757325156593,0.6869018274542213,0.9308262350266756
0.4902343823168489,0.19825362147536332,0.1396238340570245,0.4231856702247714,0.6782830429237947,0.931130364770954
0.48777655592629143,0.1961559204256099,0.13928029453062302,0.40746997465788115,0.6593455163620092,0.9313054345418277
0.4862621047191449,0.19570001840493279,0.13868978928132594,0.42997922763460417,0.6752571185719489,0.9315451727163635
0.47032112693783024,0.1952436890694188,0.13743331832520236,0.4102985520734901,0.6542286442838758,0.9357914728451995
0.48370663237855105,0.1950772329551353,0.13833305806375984,0.418251702330507,0.6589375265617718,0.9320550343564713
0.4817136572555678,0.19364047174270685,0.13828002126783925,0.4213916805785116,0.667352316192023,0.9322642211396196
0.4801996096759611,0.19310698615417687,0.13819928413384394,0.4234388968389242,0.6591925201869344,0.9325040700477234
0.47962344794521616,0.19272909322826134,0.13640216411021577,0.41865264777869604,0.6467828304291743,0.932808089058434
0.47716558838836454,0.19121027326372597,0.13543091478136518,0.41984245945187504,0.6460688482787873,0.9329832695628755
0.4756510670939553,0.18863621093104255,0.1348981895820434,0.42669939300663295,0.6341181470462516,0.9332230077374115
0.4597100965091001,0.19344033106136532,0.1371910870028774,0.43184612367314634,0.6423799405014279,0.9374561305716654
0.47309553530434423,0.19105894659776756,0.1359420020657834,0.4139369225489109,0.6438929026774076,0.933732825084092
0.4711025570524643,0.1875869223637598,0.1335533232282618,0.4234152697673512,0.641053973650628,0.9339421115274513
0.46958847818390126,0.18554954243520613,0.13319052958752456,0.4290295781948259,0.6404589885252108,0.9341818939954144
0.46901241282314343,0.18815345422898477,0.1345881627059647,0.44347616248865274,0.6297662558436059,0.9344860348130497
0.4665544600252005,0.18813704283614902,0.13538263009298326,0.4374297764716222,0.6388780280492483,0.9346611045839234
0.46503996814241066,0.18677636511982393,0.13460954386983215,0.4239737025531176,0.6283382915427183,0.9349009534920273
0.4490990194598252,0.18336658939360234,0.13065515737355554,0.41579440746818785,0.6357331066723191,0.9391205668309957
0.4624844238372168,0.18519445989711047,0.13242746108152298,0.4231951210534006,0.6176455588609997,0.9354106601051398
0.46049145497202426,0.18100417127222074,0.13074037215708542,0.43123098591560494,0.6334551636208516,0.9356199465484992
0.45897731665444397,0.18115720362167026,0.12961555914820097,0.4273837441856061,0.6278793030173802,0.9358597290164623
0.45840125942881427,0.18010878041163042,0.1294809994715798,0.42530007472905207,0.6344751381215019,0.9361637591005297
0.4559432703356818,0.17852750811549545,0.1281714895061646,0.4272980513781195,0.6337101572460142,0.9363389396049713
0.45442875342172684,0.17917715182252997,0.12919999874280524,0.4645144614951602,0.6096557586059816,0.9365786777795071
0.438487888280656,0.17880032807767077,0.12935408477839527,0.4437248225259469,0.6065108372290524,0.9407851138238936
0.4518731434097236,0.17567935639162335,0.12652212970380622,0.4395043127744589,0.6034849128770929,0.9370884951261877
0.4498801808023223,0.17806116280627343,0.12930026444914042,0.4355905578597794,0.6076158096046811,0.9372977815695471
0.448366042484742,0.17541740703282985,0.12777808494448664,0.4253818760188679,0.5953591160221094,0.9375374090105151
0.4477900084129405,0.1747189528862686,0.12669258140457598,0.4338171376640658,0.589188270293107,0.9378538855476162
0.4453319617481277,0.17644536919268858,0.12950079586181074,0.44003582261144114,0.6114237144070103,0.9380414682116641
0.4438174260607983,0.17184543046141174,0.12469678477317617,0.444937943595787,0.5734806629833429,0.9382939407465102
0.42787654402369046,0.172341616292088,0.1259582734413585,0.43420021389846,0.5881172970674697,0.9424997566829165
0.4412617972754216,0.17376665584731726,0.12744377738852938,0.44037168441205354,0.5994050148746055,0.9388288946131075
0.43926880337906393,0.1713339042068842,0.12396512400167559,0.43583107747745653,0.590599235018999,0.9390508046832092
0.43775466193258783,0.17036518683545618,0.12508545272091245,0.4336115622866987,0.6069698257543905,0.9393031664844875
0.43717863599591444,0.16743838415060308,0.1229978321801744,0.44499524420802206,0.5792945176369813,0.9396199752222922
0.4347205373914349,0.1697511407786406,0.12428570644405701,0.44055275911183966,0.5745856353590852,0.9398076243264809
0.4332060142196874,0.167377641078351,0.12320337909153248,0.47454623811950425,0.5650658733530918,0.9400600304211864
0.4172651199798869,0.16602464430152064,0.12136800759026889,0.4533946482975386,0.5912452188694033,0.9442527355031515
0.4306503635320409,0.16565143932331355,0.12150943093036348,0.4496757075225857,0.572103697407556,0.9405950950213516
0.4286573633778925,0.1652899560023056,0.12195930965312624,0.4462653879245493,0.5687037824053505,0.9408170050914532
0.4271431418316869,0.16586926261443233,0.12348332625571065,0.4547147463939629,0.5648108797279292,0.9411035835652172
0.42656715657065813,0.16645943982994088,0.12266537500237382,0.4562950202432381,0.5566000849978536,0.9415549335880388
0.42410900477495117,0.16453673046363948,0.12066483290354832,0.44401617012952843,0.5500722481937146,0.941923233434924
0.4225944722165176,0.1618188007013971,0.11892339465418666,0.44522563793788184,0.5411474713131383,0.9423564231526074
0.4066536583893354,0.15966610834437173,0.11858433941743277,0.44525796136016793,0.5521971950701072,0.9467163359221241
0.4200387433064794,0.16047773655729208,0.11985084137093188,0.456872394395627,0.5506842328941275,0.9432527560180952
0.41804572750785196,0.1593832741964166,0.12119227699966226,0.4566449391587024,0.5726136846578811,0.9436552171706821
0.4165315923191675,0.1581694604772932,0.11770174887738927,0.44064079477180185,0.5433744156396187,0.9440884068883656
0.41595557138872685,0.1607023825823755,0.12076562539218166,0.4532155590659517,0.5503272418189908,0.9445857113418717
0.4134973551377703,0.15751981677025867,0.11803683996668077,0.4552972430543063,0.5322906927326585,0.9449475886418179
0.41198283509491906,0.15821144103114254,0.11825662770705783,0.46878611690746497,0.5208329791754522,0.9453259652433835
0.39604205380825164,0.15884830105163433,0.11921337060236933,0.4388373542969126,0.5293667658307868,0.9496180426291955
0.4094271155715674,0.15615339265273798,0.1171716642296714,0.45438261727356544,0.5485762855928442,0.9461129487105554
0.4074340716128795,0.15684480236223933,0.11735794595983873,0.47587959914350075,0.5417084572885642,0.9464606521138083
0.4059198769751773,0.15148289512345806,0.11269827764764878,0.4624230487126284,0.49834254143650014,0.9468391394489418
0.4053439167453132,0.1535878480099412,0.11644949881976419,0.46291020319003584,0.5200679982999645,0.94728163078633
0.4028856397937801,0.15538822196584923,0.11762944690027793,0.4764769868153398,0.5163790905226051,0.9475953389842331
0.40137112287982424,0.1525941997678626,0.11655636037168163,0.4737234600976683,0.5107012324691595,0.9479737155857987
0.38543027369612126,0.1492952577100023,0.11407612322934191,0.45457544594509214,0.519847003824907,0.9522526821171695
0.3988153814542037,0.14869442444249453,0.11436452547074305,0.4560039506052045,0.5011814704632798,0.9487605883194026
0.3968223030776632,0.150315546082079,0.11520779768832876,0.4692462293079964,0.5215469613259529,0.9491084024562235
0.39530804148159326,0.14797059959494846,0.11601439434843158,0.45909036092118893,0.5225159371016161,0.949486668324221
0.3947321219273734,0.14745587294896478,0.11338588348274986,0.4874472942575456,0.49788355291116204,0.9499292703951774
0.3922737917846142,0.14724913481261032,0.11505343719473463,0.4614678796712557,0.478368040798955,0.9502431336200755
0.3907591966482671,0.14567681288498344,0.11280540480408632,0.47416280450083415,0.4878028049298564,0.9506213551946461
0.3748184698043846,0.14757097261398214,0.11518589638227608,0.47110490550819306,0.48319592010193446,0.9548870779912942
0.38867945724857966,0.14536073578823266,0.11193495239061108,0.4566537943468718,0.49302167445807754,0.9514387903929944
0.38713978745528843,0.14472729071057952,0.1133703146311304,0.4624953197550872,0.5036634084146954,0.9518203782680295
0.3851643432218079,0.1431954725081189,0.11180882344413187,0.463940899441714,0.48057798555032605,0.9521643167299735
0.38316873982646804,0.1429454593579071,0.11240988425973164,0.4773829162453669,0.48096897577556774,0.9525117986660906
0.3816545170287049,0.14102743078760133,0.10950591051951933,0.477251239994382,0.47286017849557993,0.9528902417077968
0.36571328611973053,0.1378834413140643,0.1076283078995609,0.45808670674638674,0.46480237994046547,0.9571450572480055
0.37956747728966,0.1398737164865824,0.11006685841247202,0.45639997209225913,0.4677943051423199,0.9537057279953501
0.37804426079420583,0.14090849780454937,0.11004575170660863,0.47764976317136765,0.4736081597959583,0.9540844367976193
0.3765041845573678,0.13761659303203622,0.10834151358365704,0.47397025379485513,0.46181045473861104,0.9544660246726543
0.37482143005256985,0.13709653657212476,0.10829850557174095,0.4715701404166792,0.46196345091368585,0.9548903557049045
0.37347321769771646,0.1358328378686337,0.10691854622074204,0.4870229202846035,0.46952826179335716,0.9552167318229771
0.3719480863181177,0.1353066059047616,0.10644994237931271,0.48413724080357934,0.46595835104130856,0.9555951305712563
0.37040993122321586,0.134542293423403,0.10554333455053982,0.47014302558430643,0.4450998725031923,0.9559768734732863
0.3688385879320286,0.13301559048348763,0.1063021887981559,0.4663946998800024,0.4393200169994316,0.9563699222726005
0.367379771618646,0.13183309947828614,0.10542222774286136,0.47433720802747037,0.42665533361662256,0.9567277135038907
0.36585477478156037,0.13123568115361706,0.10636551334248812,0.4850914568202165,0.444844878877916,0.9571061343988833
0.3643171703722947,0.13108200872587625,0.10458184618780267,0.47655592903094823,0.42944326391830145,0.9574879437410542
0.36235673388685674,0.12970385579944368,0.10501615384557494,0.4937212546395924,0.45886952826174365,0.9578332552992402
0.36034481955843223,0.12836065686908243,0.10451298821596852,0.480656159118916,0.4205184870378389,0.9581798070733869
0.3588305560850249,0.12552167006510098,0.10166151120915262,0.4822812251307702,0.45477263068426055,0.9585581172348118
0.3573163332872613,0.12789772650269912,0.10422801669961859,0.482560540797063,0.44124096897576237,0.9589366045699452
0.355802004107046,0.12655624398339818,0.10454306792786905,0.4743761629135428,0.43343816404592417,0.9593149368780836
0.3542878000826559,0.12563186723102743,0.10237233530605186,0.4914490451228226,0.42640033999146,0.9596932027460812
0.3527735678982058,0.12193925199306616,0.09937469170508673,0.48622436497480037,0.4224394390139423,0.9600715793476468
0.3512592368406522,0.12638914421496705,0.10366971599838282,0.48653306557044473,0.4066978325541868,0.96045006668278
0.34974498275393273,0.12176895898489162,0.10069527737898978,0.4858109904956829,0.4090777730556283,0.9608282218172098
0.34823070363604725,0.12013397017428262,0.0995485741309077,0.4944271282938473,0.38495537611549935,0.9612066648589161
0.3467164839671799,0.12085672226491598,0.10003695444222893,0.48391248580340607,0.3893072673183724,0.9615849750203408
0.34520221110708516,0.12164874584525723,0.10235993157496351,0.4909901240032106,0.41808754781129664,0.9619632962551223
0.3436879132158266,0.11974584672327654,0.10024251020707103,0.4708863451688019,0.379124521886979,0.9623417725168989
0.3421736716446886,0.11828479471848877,0.0978438025855449,0.48693178729425046,0.3677858053547425,0.9627201048250373
0.3406593581089514,0.11799620522969714,0.10157998390171002,0.48128729975014495,0.38881427964292925,0.9630983706930348
0.3391451384400832,0.11266329103440911,0.09529392172466578,0.4959831397217256,0.3709307267317854,0.9634768580281683
0.3376308280332414,0.1122031248050041,0.09617966853175636,0.4820921291394582,0.3936251593710267,0.9638552346297339
0.33611652388419166,0.1135642280482379,0.09653825676759212,0.48368963685270416,0.3769485762855993,0.9642335004977314
0.33460223537961875,0.11191730660490354,0.09589998697209828,0.4917687055029276,0.3925541861453894,0.9646118328058697
0.3330879643968623,0.11099079149042015,0.09499206218757991,0.47904562673428175,0.3618019549510336,0.9649903201410033
0.3315736277072965,0.10982152221416741,0.09471158381436157,0.48135925311769157,0.37144071398211054,0.9653686303024279
0.33005938738771734,0.1101674505599416,0.09385036115795956,0.48049247712055654,0.3400254993624685,0.9657469515372095
0.32854508167421903,0.1117372050226908,0.09669525117267713,0.47570178061156154,0.356787080322988,0.9661253835055588
0.3270308041207821,0.10897131766266727,0.0965841620821482,0.49183601287488776,0.3573990650234009,0.9665028742385811
0.32551649809439365,0.10794101510481069,0.09536171727841952,0.484132356551809,0.3320016999574591,0.9668097169552735
0.3240022052093674,0.1077086917160889,0.09592848412373325,0.4927246687315803,0.3448363790904523,0.9671166704055338
0.3224878929251882,0.10439418753128205,0.0928395367556151,0.4892491860672392,0.3373395665108774,0.9674236238557942
0.3209735562356224,0.10310449056401236,0.09217357768890158,0.4960425052208881,0.3381895452613435,0.96772337962414
0.31945929370088466,0.10237300265625343,0.08969149459514719,0.4896469150569449,0.3373395665108774,0.9680215851225351
0.3179449798522569,0.10518833874616676,0.09351844404268317,0.4890866159310714,0.33621759456002565,0.968319956721282
0.31643062407642875,0.10409834620576075,0.09238730079273652,0.49287556431473534,0.316770080747915,0.9686182175864612
0.31491630553445793,0.10227794924207759,0.09176697258257499,0.49991885391469015,0.31580110497236547,0.9689165338184239
0.31340204675439454,0.10010585786421469,0.09056458977359735,0.48956273120529015,0.30714832129194747,0.96921480575696
0.31188770349414785,0.10099486045738995,0.0911983664259596,0.49873769888286046,0.3261878453038207,0.9695130555487821
0.3103733974677594,0.19358846091172394,0.1618488146313739,0.4908543576877351,0.19614109647250189,0.9698114271475289
0.3088590479497224,0.24419480278597833,0.2007752531133608,0.4935422845360977,0.3578070548236383,0.970109688012708
0.3073447578807018,0.28547977568939026,0.2500081053646048,0.49116103310581605,0.3976710582235228,0.9704079599512438
0.3058304424676268,0.3167406737821679,0.2972778812479534,0.4910782787912644,0.4398810029749711,0.9707062651098499
0.3043160585317368,0.35923584700183575,0.35707915948741337,0.4403223256726161,0.8141096472587606,0.971004525975029
0.3204550807026374,0.3502844933453134,0.3446384274760439,0.7341982244593246,0.9346026349340946,0.10065326577413981
0.586393459857883,0.35246254567575447,0.34697881719844154,0.7588500755887599,0.9363705907352369,0.10452702496043938
0.585871918632928,0.3475878756870695,0.34685586001260643,0.7318270194981316,0.9403144921376452,0.10452397978732171
0.6168254031937428,0.35081286009544177,0.352569626343577,0.7229749683685134,0.9458563535911253,0.10476468134389849
0.6169141355458172,0.349012060612625,0.35333111007594203,0.7451865202434169,0.9468763280916619,0.10476636449413082
0.5864604357468628,0.34903827700364265,0.3543881098241047,0.7977251855489524,0.935758606034824,0.1045308784886028
0.5562358070926554,0.35609611458531387,0.36188526885175665,0.7881938263295876,0.9347046323841823,0.10420526643214878
0.5561242097097523,0.35047311976912554,0.35033873651132974,0.7812101404849794,0.9354016149595736,0.1042040926563289
0.5562087108562235,0.3490433922661879,0.34697169014381907,0.7704525561056583,0.934347641308932,0.10420539931243028
0.5563660639577268,0.352869639044833,0.3464935865140544,0.7891688897623186,0.9277008074798232,0.104207326076512
0.5564778440681368,0.35191286324577126,0.3443252310526921,0.7549543090159676,0.9321716957075523,0.10420897600667395
0.5853247999374962,0.3489110337303738,0.3367943004103103,0.7031233837047939,0.9410284742881458,0.10452586225797625
0.6174165279293207,0.35094734984165576,0.338886666418474,0.7165152475817296,0.9426604334890953,0.1047753782065591
0.6175052361888982,0.3508290587248232,0.3374998456173727,0.7114604043834851,0.9454483637908879,0.10477706135679139
0.6175938433851469,0.3527315251681824,0.3443861828633114,0.7349879642903221,0.938342541436441,0.1047787223603101
0.617682525674891,0.35266651967513063,0.3465329004097702,0.7244895232203881,0.9453463663408002,0.10478041658389924
0.617771173546783,0.35461672916488846,0.3455679857487238,0.7194956736052296,0.9347046323841823,0.10478209973413152
0.6178598652232141,0.35140389194062405,0.3413515936736013,0.7129310803881528,0.9408754781129574,0.10478377181100705
0.6179484599038791,0.35019241683157026,0.33905183701603586,0.7289730677989341,0.9342966425838313,0.10478546603459614
0.6180370364369492,0.3533059310691464,0.34371124193707675,0.7232647673068995,0.9431024224393241,0.10478712703811488
0.6181256774252701,0.35267355159669317,0.3427727128717306,0.7028669009227941,0.9395665108371531,0.10478883233506076
0.618214309652684,0.3546037273511068,0.3438901354348435,0.7286749298941109,0.9405864853378034,0.10479051548529306
0.6183029284258459,0.3530083912118467,0.34210832751179865,0.7084136637221248,0.9366255843602858,0.1047921764888118
0.6183915356220946,0.35218376297307286,0.33887136095800363,0.7327458147620911,0.9407224819378825,0.10479388178575767
0.6184801334316554,0.35008414347637395,0.3402616102707851,0.7299537699613514,0.9356056098597492,0.1047955538626332
0.6185687281123209,0.35072270381657233,0.34023548806623394,0.7241852303641465,0.9429664258393586,0.1047972480862223
0.6186572727306552,0.3533907611099444,0.3411059449064512,0.686186228101626,0.9407224819378825,0.10479892016309782
0.6187458392512606,0.34909880731244036,0.33929300149353847,0.7330487972093214,0.9412664683383127,0.10480060331333012
0.6188343682251163,0.35526978245097707,0.3475458385814204,0.713378287245388,0.936931576710549,0.10480228646356245
0.6189229003278687,0.3573344461636765,0.3443389517395259,0.7225063184547245,0.9426604334890953,0.10480396961379473
0.6190114668484732,0.35147955527360325,0.3398874642501849,0.718783446452737,0.94046748831272,0.10480564169067026
0.6191000186632682,0.355214580168179,0.3427998886408782,0.7123502118117331,0.941538461538471,0.10480732484090256
0.619188525734855,0.35423350642504514,0.345326031097774,0.7468868752093925,0.937645558860936,0.10480899691777809
0.6192770484509205,0.35270658893374723,0.3415537054331662,0.7084361392221421,0.937645558860936,0.10481068006801038
0.6193655398780291,0.34924246197854497,0.33906555770286967,0.7263196880972413,0.9427964300891745,0.1048119535040414
0.6194540031450764,0.3509729279423103,0.33874945955013586,0.7142109131894929,0.9380365490861777,0.10481263451548407
0.6195425227322464,0.3519469661880252,0.34386348644799414,0.7136577617491373,0.9417424564385328,0.10481330445356998
0.6196310191655878,0.3514177448082231,0.33873785041923676,0.7239938709390872,0.9372375690606987,0.10481396885497744
0.6197194761748444,0.3498136710639092,0.3395869327356995,0.7209661907724412,0.9361665958350613,0.10481464432974173
0.6198079550863698,0.35122911838441095,0.3415668971243308,0.7376787502128919,0.9388865278366438,0.10481533087786282
0.6198963964511477,0.34813840917087013,0.3366444308464767,0.7307534371333462,0.9445813854653125,0.10481597313255672
0.6199848033980735,0.3504317703539265,0.33925474116241905,0.7158988788339045,0.9380365490861777,0.10481668182739139
0.6200732541495388,0.35703264388557704,0.3471959710273277,0.722183759291048,0.9394645133870654,0.10481733515544209
0.6201616977045434,0.3532733210469292,0.3417201974132156,0.7249427659009495,0.9446663833404045,0.10481801063020638
0.6202501390693218,0.35416423672326547,0.34527115056380975,0.7058049173455545,0.9388015299616654,0.10481867503161384
0.6203385554029337,0.35525528771715864,0.34427509819952445,0.7216248897022779,0.9351466213344111,0.10481933943302134
0.6204269216742162,0.35323346455176696,0.34088826429526686,0.7262827583887321,0.9410964725881286,0.10482003705449922
0.6205153411367252,0.34916743872385697,0.33997005176233686,0.736518720562704,0.9397705057373287,0.10482069038254992
0.6206037105369022,0.352328270480923,0.3378378428627882,0.7198274056319871,0.9460943476412922,0.10482134371060059
0.620692108097141,0.35816674997816045,0.3493603645545987,0.7343352217650838,0.9362685932850354,0.10482203025872167
0.620780449337258,0.34899948611368026,0.33758269652067374,0.7254145925638578,0.938716532086687,0.10482270573348595
0.6208688375108102,0.35198916665704166,0.344316523651175,0.7283430787392613,0.9389545261367402,0.10482335906153666
0.6209571912665091,0.35685147848609255,0.3450848688336424,0.7195268057465962,0.9385465363365029,0.10482403453630094
0.6210455074754613,0.35315737569187905,0.34309039358473004,0.7501764783409048,0.9363365915851318,0.10482471554774361
0.6211338518444727,0.3534301902902698,0.34351414346282866,0.7162963695674265,0.9342966425838313,0.1048253965591863
0.6212221805690077,0.35774494911180915,0.3467521680079621,0.7233296126982922,0.9383765405864324,0.10482606096059377
0.6213104873912716,0.3554332580889715,0.3454922596866743,0.7135275150352558,0.9382065448363619,0.10482672536200127
0.6213988067291192,0.3577087185350117,0.34681733629033795,0.7438612202203101,0.9351466213344111,0.10482740083676556
0.6073126429894957,0.3516082896789807,0.3419655827892166,0.7374279458699422,0.936931576710549,0.10436122358920026
0.6222933267098867,0.3524429374673189,0.3399959083623679,0.7325374200198811,0.938716532086687,0.10484578260903943
0.6216517416481899,0.3576057696299586,0.34549647837180175,0.7182960140097814,0.9416064598384537,0.10482947155448555
0.621740026568185,0.35473949546597505,0.3458790706161409,0.7117064436027563,0.9397705057373287,0.10483014702924984
0.6232626535796966,0.35709040469361186,0.34459145974340744,0.7007823181508683,0.94046748831272,0.10486439692180596
0.6219051821968002,0.35716777371008224,0.3488790935909319,0.724692199814184,0.9453463663408002,0.10483156441891915
0.6219928538532455,0.3517024974031237,0.341056867831251,0.7243971592397516,0.9397365065872236,0.10483222882032664
0.6079065602644524,0.35201517028460494,0.3388882489787395,0.7088181433037088,0.9352486187844988,0.10436606264611814
0.6228872518070827,0.34950334394421034,0.33865816684983785,0.7278496104729795,0.9402464938376625,0.10485061059260053
0.6222455810136447,0.355615918196421,0.346289892194224,0.7057232351838307,0.9358266043348067,0.10483431061140346
0.6223338033557266,0.3540640626827598,0.3449049195579083,0.7138646475355159,0.946247343816367,0.10483497501281093
0.6238563584026382,0.35388715791614683,0.34344343068609584,0.7076214619105596,0.9356566085848499,0.10486922490536704
0.6224987900239762,0.35572227310467186,0.3462854056912054,0.6989027945345778,0.94046748831272,0.10483640347583706
0.6225864366492564,0.35071993252788125,0.3396236082931824,0.7329034609371246,0.9326306842327767,0.10483703465717414
0.5940736261858706,0.35215456252990984,0.34919387036117827,0.7330024166721831,0.9447343816403873,0.10586297009054971
0.6239533791993206,0.35153987281894666,0.34875982830792607,0.7229852530937864,0.939056523586828,0.10487322238716877
0.6228327683469232,0.3523802741601932,0.35936572666718514,0.7164396806620601,0.9450403739905369,0.10483907215482377
0.6229209124666131,0.3552024311961429,0.36219899205740663,0.7586401321813543,0.9280577985550735,0.1048397254828745
0.5941336186926232,0.3597908574578186,0.36914509032036635,0.795013035988557,0.9360645983849736,0.10469785363566181
0.5605586083006759,0.3547987474061185,0.36059739458787404,0.7776234318921071,0.9367275818103735,0.10427109753827425
0.5609406596023505,0.3546141706396517,0.3544313812271699,0.7923251885589224,0.925320866978268,0.10427615806232797
0.5324122694287965,0.35794551174420297,0.36044620585492404,0.7835459246934944,0.9381385465362655,0.10544942450781439
0.5623240601435966,0.35932728343728765,0.353644567677072,0.7881477634673615,0.9348066298342701,0.10431385176884621
0.5611516153798854,0.3628316924145609,0.3547477427710528,0.7430951074608854,0.9439864003398952,0.10428002266384818
0.5902723755894912,0.3573101482196044,0.34746298767811934,0.716078523996587,0.9432554186143989,0.10461844659410999
0.6102543937698024,0.35245743041320915,0.3440260209206941,0.7085970812743865,0.9344666383339018,0.1044130026055573
0.6249982219659294,0.35146271656593064,0.33929458405380397,0.7111453502896026,0.944785380365488,0.10487783997695083
0.6250715379361882,0.3557192908404546,0.34594793965483006,0.7486263041895325,0.9387505312366784,0.10487844901157437
0.6106957338895946,0.3562082266223294,0.3468152269477742,0.7174841560630421,0.9420484487887961,0.1063680812605939
0.6255008127214179,0.3522975771177232,0.34263498143446536,0.6958722552937249,0.942354441138832,0.10489188099336244
0.625272244390203,0.34832000367311966,0.3374391594112734,0.7277593510886342,0.9409774755630451,0.10488087407671169
0.6253386267276753,0.3554496712697355,0.34519014782529434,0.7253080920496413,0.9412664683383127,0.10488130593762655
0.6263348592841709,0.35198767552493304,0.34106847696215004,0.7081955401857374,0.9361665958350613,0.10491881139707937
0.625273167101533,0.35065513801035564,0.3380457625078591,0.7087822460386635,0.938716532086687,0.10487624541357285
0.6255479376447601,0.35344042081536037,0.3430363032242131,0.7506439369737741,0.9442753931151628,0.10488390817647257
0.6111889839528635,0.3565223924238474,0.3466561209867544,0.7051031734651547,0.9388015299616654,0.10637131468077701
0.6261463189151582,0.35184061127977434,0.3411402455168502,0.7130561648847156,0.9357076073097232,0.10490269966294774
0.625082738443989,0.35206270056754924,0.3418465853241019,0.7031603928320311,0.9402464938376625,0.10487000004034246
0.6243978513436694,0.35514062073076275,0.34700203546023967,0.7182458610830644,0.9363705907352369,0.10485270345703414
0.6254242004595789,0.3549300403367327,0.34619965305852235,0.7022627626590772,0.9376965575859231,0.10489026428327089
0.6245680351076142,0.3487349818055064,0.33777689326553983,0.7181806583073955,0.9397705057373287,0.10485397689306515
0.6246556879906846,0.35164111425258043,0.3436175742896949,0.7224145898239118,0.9375265618358526,0.10485461914775905
0.6103171152993507,0.35912288391100283,0.3484057398553349,0.7231890415497739,0.9353506162344729,0.10634036464854478
0.6253041994887081,0.3551133387345452,0.3449590099184253,0.7054106827798794,0.9406714832128955,0.10487373176158117
0.6249132971669855,0.35411287133435837,0.34564265603280603,0.7091916495813819,0.9331066723331105,0.10485654591184078
0.6250012598107269,0.36062337403575695,0.3507250206584982,0.7302442836682892,0.9341946451338572,0.10485721031324827
0.6260275244464539,0.3543999679031132,0.34685084672728966,0.7148485661564159,0.936846578835457,0.10489478221284183
0.6251713090321571,0.3532112978180947,0.3404449902715704,0.705108454810565,0.943051423714337,0.1048584837492793
0.6252588805639419,0.3521445447682736,0.34431494109090943,0.7184386103358631,0.938291542711454,0.10485914815068678
0.6109203166335155,0.3534135661339797,0.34280384614822756,0.7200336560685419,0.9394645133870654,0.10634305547424514
0.6259073629632352,0.35656118331380976,0.34477853386039303,0.7059435824446016,0.9337356566085191,0.10487826076450889
0.6255164043213903,0.358437220602697,0.34489594655187117,0.7339198618177667,0.9327666808329695,0.1048610749147685
0.6256042856138451,0.3541554973302835,0.34568434930234765,0.7149939024286127,0.9436464088397543,0.10486171716946241
0.6266304563827019,0.35181396757391986,0.34055818206455013,0.7226487559433503,0.9400764980874783,0.10489930014241275
0.625774231581719,0.354002464980834,0.3431458031143635,0.7007265662038289,0.9397365065872236,0.10486301275220701
0.6258617467933805,0.3544986508115102,0.34302601326243043,0.7444636906907394,0.9344666383339018,0.10486366608025771
0.61152305645557,0.35685744480245524,0.3459123154485726,0.7241553292130631,0.9458903527411167,0.10634573522658868
0.6265100686803264,0.3551156827083994,0.34565532094167245,0.7227176913992339,0.9324776880577019,0.10488274547400946
0.6261190850073168,0.3543385829646417,0.34361599172942936,0.7183448962368508,0.942626434339104,0.10486557069762585
0.6262069256241283,0.3530629552042817,0.34126900616144934,0.7170215419725794,0.9474713132170791,0.10486623509903335
0.6272330463306544,0.359346889857795,0.3468249879138876,0.7197682386796445,0.9464003399914418,0.1049037848519133
0.6263767151472184,0.3516884299841422,0.3452582200504232,0.7111243043266888,0.9395155121120524,0.10486749746170758
0.6264641677809677,0.3535020185172862,0.3444437017355086,0.7406090233096747,0.9445813854653125,0.10486815078975827
0.6121254486573164,0.356394296308833,0.3473152274568495,0.7266536438483822,0.939056523586828,0.1063484149789322
0.6271123967397121,0.35558501206976684,0.3459073021632558,0.7133944886658954,0.9376965575859231,0.10488726340358039
0.6267213263962921,0.35488613418422504,0.3429428989679803,0.7105731383545324,0.9446663833404045,0.10487007755383998
0.6268091075640854,0.34980003095976453,0.33939247481305534,0.7164264177344879,0.9443263918401499,0.1048707308818907
0.6278351969816551,0.35568774463550923,0.3463350139754458,0.7088538817312982,0.9379855503611907,0.10490828063477066
0.6269787781891409,0.35577640978227004,0.3475139129181052,0.698622525843549,0.9441223969399744,0.10487199324456492
0.6270661932761423,0.35227455933023355,0.34252125843244546,0.7302634235817316,0.9392605184870035,0.10487263549925882
0.6127274666431415,0.35390101257167406,0.3448218052634582,0.7268779223361879,0.9369825754355361,0.10635111687798933
0.6277143753014522,0.35762985302264816,0.34752578544015333,0.7028003083193859,0.936880577985562,0.10489173703972417
0.6273232038947025,0.35614044984058657,0.34455346501680806,0.6979643034260803,0.9398725031873028,0.10487455118998376
0.6274109121592271,0.35543624392904516,0.34898305341346736,0.7079836113101323,0.9400254993623776,0.10487522666474805
0.6284369796745275,0.34165028596659813,0.2788157267712136,0.7339403915589489,0.9258818529535802,0.104912776417628
0.6275804795307258,0.32889463771372046,0.25363161724334643,0.7202519781517491,0.9298767530810892,0.10487647795406548
0.6276678414265002,0.30600706253089316,0.22554062582710904,0.7129968390949173,0.9268508287292434,0.10487710913540259
0.6133290306262054,0.28492732197071596,0.202826191456503,0.7094198195868582,0.9316617084572272,0.10635377448361928
0.6283158951670882,0.25904580632682705,0.1798360330335883,0.326345491241961,0.8134296642583649,0.10489622174922471
0.6270576504523171,0.2586495835611303,0.18246191220115007,0.36289136903869634,0.8118997025073895,0.9131162279425442
0.6255426360439511,0.2559947408449942,0.17938880150254244,0.33021445399406124,0.8205694857628032,0.91339527653369
0.624965959296981,0.25355005299597944,0.1792953950329387,0.3320817471262434,0.8148746281342483,0.9137385505942264
0.622506790610184,0.25414150858014223,0.17909328327337382,0.3430685339545043,0.8049978750530045,0.9139530415152778
0.6209913788320689,0.2538740202198229,0.1794267962291418,0.35675079241028573,0.8074288142796604,0.9142319129327148
0.6050498813411851,0.25221964669180186,0.17538322416175986,0.36188251293721163,0.8168635784104481,0.9181189490738074
0.6184340948608873,0.25474511671219746,0.17966927766238983,0.3382610800939063,0.8103697407564141,0.914820251452404
0.6164401935847872,0.25201226490129974,0.17920568489290623,0.33141752859481244,0.8076498087547179,0.9150687929455893
0.6149251278625325,0.2500707930165957,0.17434390482115142,0.34130067306974854,0.8115597110072486,0.915347730803167
0.614348439851538,0.25337122978242094,0.17747031570682872,0.34123066546103753,0.8042498937526261,0.9156718479564542
0.6118892667842868,0.2520821728934425,0.17767585597807378,0.34922690037798154,0.7980620484487417,0.9158469177273277
0.6103738862951289,0.2498495547826382,0.17778614825504246,0.35601434254576025,0.7935401614959119,0.9160864787281552
0.5944323628344113,0.24963087686184562,0.17584919409169825,0.3448288500601022,0.8054398640032332,0.9199218022930312
0.6078164990703905,0.2466047494023761,0.17210562896987452,0.34521601635898724,0.8021589460262248,0.9165960856810567
0.6058225821498122,0.24828619037523214,0.17491778765423266,0.34120191588151005,0.7989290267742035,0.9168052613908481
0.6043076115459858,0.24860120901849575,0.1753080293087505,0.3523694994440094,0.7960900977474239,0.9170449441985999
0.6037309235349908,0.24774269060092233,0.17535552161031415,0.35025056807223387,0.786808329791711,0.9173490185760945
0.6012716659875572,0.24716594072610412,0.17484364857919066,0.3466812918901525,0.7844793880152565,0.9175241326403952
0.5997563230451468,0.24497275358355342,0.17259270339230534,0.35134452134074556,0.7829664258392768,0.9177638265215042
0.5838147332518409,0.24378451081337182,0.1715781826603896,0.3569155068521088,0.7859583510411312,0.9215864600194973
0.5971988920158688,0.24739101406602443,0.17494285186744543,0.3639904448151623,0.7938121546960701,0.9182733116674809
0.5952049938686645,0.2448798260159929,0.1738964076855855,0.34915173055195203,0.7937611559709694,0.9184824209371316
0.5936899356557594,0.24359631170439655,0.17244995424298126,0.3616774140722123,0.7850913727156694,0.9187222255518084
0.5931132288713905,0.24084214600157217,0.16762722688916415,0.37999228605895174,0.7827114322141142,0.919026078462167
0.5906539994840183,0.24086857694397232,0.1684792109350089,0.3519530276345011,0.7877263068422735,0.9192012589666085
0.5891386033503818,0.23818773060027296,0.16650136474242533,0.370834512535988,0.7606289842753995,0.9194409971411446
0.573197043907363,0.2403711127446418,0.1705963799786073,0.36428207038429194,0.7780705482362009,0.9232511177459632
0.5865812129967476,0.2402251123167548,0.16966418336769443,0.3459424991731517,0.7758266043348385,0.9199505930206892
0.5845872554005251,0.23748331013734902,0.16834860433899512,0.365862979583391,0.779566510837185,0.9201595472633448
0.5830721940587247,0.2733592764097286,0.20206180378138497,0.3704188349137594,0.7934041648958328,0.9203993408046647
0.5824954797650062,0.2749360699457532,0.20541407811083648,0.35965612802648406,0.755767105822315,0.9207031383482394
0.5800362672736705,0.28003645335264965,0.20739219433468212,0.37768306741494473,0.7539311517210763,0.9208783188526809
0.5785208054332251,0.2816722842774351,0.20937585062614272,0.384731003010486,0.7583850403739234,0.9211181234673576
0.5625792591315686,0.3176693147432666,0.23820194239241588,0.6518890518781797,0.9182320441988168,0.9249157754724292
0.5450463518029491,0.28560573987883353,0.20408530739097253,0.3487505468475789,0.823595410114649,0.1027427639072684
0.627965216676436,0.28437060761917016,0.20608664187661632,0.33172666599346057,0.8209604759880449,0.9132007176548634
0.626450139690157,0.28390511515169375,0.20814233232729717,0.3443938736869754,0.8189885252868407,0.9134796555124413
0.6258733659474212,0.3123106084323199,0.22980108390548604,0.6804076420353322,0.9446663833404045,0.9138230403065456
0.609626008893124,0.2859354638738561,0.208144707274381,0.33926755363355166,0.8116957076073277,0.10431301019373009
0.6281132854058424,0.28118505239112335,0.20482304386587025,0.34603839728718344,0.8091117722055969,0.913214227150149
0.6121716524337755,0.2868276579188466,0.20774074493302935,0.3365359464848021,0.8288142796429838,0.917039739720908
0.6255557617612517,0.31112108729348403,0.229795278233351,0.7258270140182395,0.9410964725881286,0.9138024438629134
0.6097736339451254,0.28685408707331855,0.2081454974478283,0.32849305306517196,0.8114917127070385,0.10431522486508837
0.6282613303556412,0.2871021792734854,0.2119740250288878,0.3324464379251111,0.8243093922651497,0.9132275816184396
0.6276845334590773,0.28503325135205815,0.20782227666721392,0.3256870305683084,0.8144836379090066,0.9135710107059711
0.6252252565124907,0.3137239240060434,0.23131666313781546,0.7217940118835038,0.9454823629408793,0.9137853355266705
0.6099215962920788,0.28348885686272457,0.206524904828367,0.3470432030335413,0.8070718232044101,0.10431747275651704
0.6139827395328132,0.2812200063871947,0.20276286691217082,0.3357923489347585,0.814228644283844,0.9167758616285666
0.6273668166326649,0.28226182320258064,0.2058510196800997,0.33482300365044226,0.8177135571610279,0.9135503035287709
0.6253728465208606,0.3123728446034016,0.23183249810303036,0.7089974707914797,0.9411814704632206,0.9137986789216043
0.6100695445590021,0.2822302787855634,0.20652543161066517,0.3341422660235922,0.8099107522311897,0.10431967635451855
0.6294955363908215,0.2847389083103582,0.20867637448236442,0.32631713875607327,0.8099107522311897,0.9133188150050449
0.6270362456770942,0.27956243425564564,0.20445813202908525,0.33734025965238357,0.8198045048873155,0.9135330290921762
0.6255208182545009,0.3130774776509871,0.23196125874762952,0.7390973275320072,0.9417764555885242,0.9138121884168899
0.5957908539244028,0.2838109074275508,0.206002998586497,0.3224947153785671,0.81026774330644,0.10577716264877239
0.6291777338326678,0.281734520269724,0.20296471749395759,0.32553287881730597,0.8049978750530045,0.9132982074880558
0.6271837512052807,0.2853452859431763,0.20790539096166408,0.32979540107589367,0.8106247343815767,0.9135465385874618
0.6256686272855672,0.3146116428667798,0.2352188052249898,0.7205873634399937,0.9455163620908706,0.9138255871786077
0.6113035096692165,0.2826028436854793,0.20672384925402976,0.3253189644735015,0.8130556736081189,0.1043610353421348
0.62884708152581,0.28544418161502766,0.2093587014276287,0.32630383611913705,0.8132596685081808,0.9132808887580338
0.6273315883964083,0.28449337392025675,0.20578321084611992,0.34567029148301276,0.8025499362515802,0.9135599373491796
0.6113899238224954,0.3112781696578646,0.22869104736140278,0.6989559256635942,0.9470123246918547,0.9173501812785577
0.6109855725685489,0.28279211018758266,0.2045235681293522,0.3461794449480695,0.8100637484061508,0.10434413739967098
0.6289944869293351,0.28512575339270996,0.2064510291444741,0.3365684287445445,0.8283042923926587,0.9132945089868874
0.6274793260886526,0.2826096646315157,0.2060056391381009,0.33484262007625243,0.8106247343815767,0.9135733361108973
0.6269024378283357,0.3156558036560199,0.23545996748912137,0.7217184846731983,0.9422864428387356,0.9139167209050016
0.6106547791484971,0.285561194363206,0.20593730130845195,0.3419365788246562,0.8166085847852855,0.10432853503995176
0.62914217455925,0.2849049424735894,0.20771673428441292,0.332615639525065,0.8101997450063436,0.9133077970150371
0.613200427382492,0.28368302586391886,0.20794233212366703,0.32166081873481445,0.8304802379939247,0.917086424993141
0.6265845307650664,0.3150502797589115,0.232755460530128,0.7041185003663388,0.9460943476412922,0.9138960137278016
0.6108020446903861,0.28431050283728115,0.2066344047185174,0.3427476028747516,0.8130896727581103,0.10433072756459648
0.6292898302744288,0.27972378047116847,0.20473280473016858,0.3343991856085957,0.829324266893309,0.913321195776755
0.6287129733030676,0.28580225285388206,0.20913679991794587,0.3319970867622204,0.8199915002124953,0.9136645252040753
0.6262537157556349,0.31401613583734345,0.23184199567799468,0.7046836043252551,0.9411814704632206,0.9138787392912069
0.610949673184173,0.28339656758552706,0.20541486828428374,0.3321871357782682,0.7986740331491546,0.10433295330931155
0.6150108561618826,0.2842535948709919,0.20697002701684908,0.3365096191764778,0.8197535061622148,0.9168227019277947
0.6283949191817029,0.2848885310807536,0.2091299384678435,0.33080945910406045,0.8187335316616782,0.9136437626600913
0.6264008645897161,0.3119945254354061,0.23296469713094436,0.7126923476918556,0.9379855503611907,0.9138921380529246
0.6110971646323291,0.2819585280044444,0.20626421620526658,0.3282858496038812,0.8185295367616163,0.10433516798066984
0.6305232803684171,0.2830483006296833,0.20515391627003426,0.3319812824353532,0.8054398640032332,0.913412218769581
0.6280639633719658,0.2844221857715316,0.2079222789824,0.32958617243703947,0.8277943051423335,0.9136265989570643
0.6265484545980855,0.3118127188848735,0.23365098158355802,0.7232503528077716,0.9297407564810101,0.9139056475482102
0.5968180913337906,0.28920094592843876,0.21076741910804067,0.3388271767869224,0.8223884402889325,0.10578265503374097
0.630205179313617,0.2846223228770168,0.20585840791250026,0.3429119599322987,0.8137186570335189,0.9133916223259488
0.6282110996904651,0.28448420900036614,0.20549376168023542,0.34035968027132,0.8216234594134448,0.9136399423519982
0.6266959350951069,0.31489447612077087,0.23559295124559,0.7165499932752193,0.9427114322140824,0.913918990943144
0.6123304157285543,0.28238906647584944,0.20605154887939903,0.33350175398246207,0.80520186995318,0.10437650482157251
0.6298740795746793,0.28436463951487934,0.20575972697980166,0.3216399316093568,0.8207054823628823,0.9133744143294947
0.6283585332540511,0.28355428967061325,0.20544046370653674,0.34574911457052937,0.8145346366339936,0.9136533964804999
0.6124168198693662,0.31459011621139876,0.23255176399692656,0.7145748495104451,0.9406714832128955,0.9173971876781376
0.6120121647996521,0.2859891743093743,0.21021939287499053,0.31717437537269744,0.815979600509877,0.10435960687910871
0.6300211063818302,0.286323800624695,0.20876555562672772,0.3255055984842459,0.8216234594134448,0.9133877466510719
0.6285059167553078,0.2811513767637063,0.20548452749642018,0.35360890811280976,0.8197535061622148,0.9136667952422176
0.6279290191083033,0.3134116775454349,0.233511138590358,0.696037525666644,0.9377815554611288,0.9140099585691862
0.6116810090534819,0.2859041325778789,0.20767293609904958,0.33807897295065636,0.8035359116021255,0.1043436833920425
0.6301684711097124,0.2823598660326864,0.20440298810397195,0.360630556109391,0.8137186570335189,0.9133979784327472
0.6142267179880525,0.28425487323964616,0.20751462252484804,0.3440797726178284,0.8193795155119687,0.9171334203193641
0.6276107209330766,0.31212880241816576,0.2300799775050678,0.7125225504514419,0.9400254993623776,0.913989251391986
0.6118279466871064,0.28804041121776186,0.20884075490647908,0.32838250219582865,0.8129196770080398,0.10434444745366114
0.6303157450996202,0.28631250431561167,0.20864919428647488,0.3437094430892742,0.8128516787079434,0.9134046888869628
0.6297388224214506,0.28291636940870607,0.2071278115953814,0.3293731714086068,0.8143306417339318,0.9137578182350437
0.6272794866516263,0.3122630786857541,0.23406760883377611,0.7355566023826334,0.936846578835457,0.9139589103943773
0.6119752141063324,0.28904919194764345,0.21018878638079178,0.3403949024771773,0.7970420739480915,0.10434524473535012
0.6160364840673416,0.2866952995618253,0.20959432362414532,0.3245443936195471,0.8245643858903122,0.9168696529605905
0.6294204679261028,0.2866933812936726,0.20919062467394275,0.3408483834139231,0.8185295367616163,0.9137370003242756
0.6274263413695151,0.31362161875513783,0.23318791780974366,0.721611388518522,0.944785380365488,0.9139656208485929
0.6121223657564205,0.28577326588934465,0.21320991827481717,0.3265048846290095,0.8180705482362782,0.10434600879696873
0.6315485237325995,0.2830335949203387,0.20748691776003134,0.3630700611766433,0.8061198470038562,0.9135054564337655
0.629089127262199,0.28432776707186247,0.20845447075931062,0.33564856132775733,0.8271483212919293,0.913695187329031
0.6275734745591177,0.3152374141566509,0.2358929537644062,0.7420786271615147,0.939107522311815,0.9139724198896629
0.5978430468395723,0.28338079627098256,0.2066489155787985,0.32330939269014936,0.8108797280067392,0.10578814741870954
0.6312300146698049,0.2848124422208657,0.20736765469039653,0.34143409653274914,0.8088057798554473,0.9134847492565654
0.6292358818554269,0.2892538042373827,0.21057348575432366,0.33964193351723293,0.8245643858903122,0.9137018977832466
0.6277206452954687,0.31297005660115784,0.233168920446444,0.713947719524979,0.9393965150870827,0.9139791746373057
0.6133549134769001,0.28514898573158215,0.20993574938124104,0.34337421663848566,0.8078878028048848,0.10439187464079912
0.6308986020413014,0.2845244928103653,0.20751778764537915,0.32757235175174104,0.8184275393114149,0.9134313756768304
0.6293829305648471,0.2859891743093743,0.2082927308867999,0.3566392090974788,0.8043518912027139,0.9137086525308894
0.6134411705596166,0.3169802418559067,0.23730932306836786,0.7041255289237649,0.9379855503611907,0.9174440279773656
0.6130362811356171,0.2853243975781583,0.2073726679757133,0.3229012201377144,0.8197195070122234,0.10437494901494332
0.631045253380973,0.2848476089803914,0.20725208795033298,0.33632004667279825,0.8205014874628205,0.9134381304244732
0.6295299605008937,0.2832220085806965,0.20711198156598387,0.3388938885184227,0.8212154696132075,0.9137154072785323
0.6289530190493493,0.3121418035167761,0.22966256008140246,0.7188666772796561,0.9410964725881286,0.9141029747662347
0.6127047902847211,0.28705805982114496,0.21124103844815775,0.3237176843706764,0.8083297917552272,0.10434915363029752
0.6311922426413754,0.28443476205840457,0.20664443128915091,0.3430455819421192,0.8137186570335189,0.9134448851721159
0.6152504325738155,0.28617204664389967,0.20860513270996245,0.3359782681769514,0.8126986825328686,0.9171802606185921
0.6286342796998348,0.31718954209335426,0.2335818535804618,0.7089306002225233,0.9450403739905369,0.9140739625714409
0.6128513424384008,0.28887505846972156,0.2125275913295529,0.3203019642991376,0.8137186570335189,0.10434991769191614
0.6313391755816564,0.2856944052043872,0.21074472762854074,0.33843151268414373,0.8140246493837822,0.9134517506533266
0.6307622166082978,0.28271005143547573,0.2077877126656658,0.34097338849175785,0.8105397365064846,0.9138507236985243
0.6283027074976526,0.3103395118290938,0.22890081074451735,0.7083631137017676,0.9408754781129574,0.9140059167939573
0.6129982713111168,0.28498146043624234,0.20881753443130993,0.3293431114200678,0.8093497662558775,0.10435070390024832
0.6170595703708543,0.2834833151793065,0.20565392120585158,0.31521916570864517,0.8175605609859531,0.9169166039933865
0.6304433790114587,0.282552543007808,0.20228898418090463,0.327417564650915,0.8175095622608524,0.9138102616528082
0.6284492086503319,0.31611895214964214,0.23401694919831037,0.7155884310262448,0.9493412664683092,0.9140126161748161
0.6131450753408965,0.28730444687419915,0.21329778246343498,0.35068629892327663,0.8076838079047093,0.10435151225529413
0.6325711970218855,0.2837853311148244,0.20946978387804466,0.3167997969421963,0.810981725456827,0.9135982511636782
0.6301116753956584,0.2860405405922455,0.21094947772633854,0.32336228556298163,0.8181215469612653,0.9137422048019676
0.6285960070480994,0.3119958038040604,0.2306739134794161,0.7304409244387591,0.9339566510836903,0.914019370922459
0.5988654144357519,0.28444456526865824,0.2069987875596332,0.34003672401400364,0.8064598385039972,0.10579359551025096
0.6322522342692207,0.28727375512013464,0.20939695954537713,0.3422565965890372,0.8253633659157913,0.9135465828808891
0.6302580826814679,0.28700243075988846,0.2091705715326757,0.3247297569306442,0.8357501062473602,0.9137488488160426
0.6287427585124319,0.3157664227729987,0.23544862396274238,0.6947070237168544,0.9453973650657872,0.9140261256701018
0.6143770010369183,0.2862498417236572,0.20997743822404066,0.3436106859010355,0.809519762005948,0.10440716694652818
0.6319204774621943,0.2845526267543643,0.2077602712919982,0.3061379121300869,0.8191415214619155,0.9134784928099781
0.6304047653100957,0.2815241544270765,0.20698269192571553,0.3464993038749946,0.8126986825328686,0.9137556035636853
0.614463035968043,0.31452574722078186,0.23357129801415907,0.7203554210449385,0.9451763705907297,0.9174909790101616
0.6140578927906049,0.2858139752262525,0.20880935602546208,0.3261384466181261,0.8139396515086901,0.10438115563142494
0.6320668409434642,0.28646127442305436,0.21028799630915956,0.34358983848494185,0.8156396090096223,0.913485192190837
0.6305514541965147,0.2827914701092914,0.20712939415564696,0.32498298354479704,0.8225754356139987,0.91376252441168
0.6299745578010687,0.314868686150626,0.23290981438360914,0.7039516019094962,0.9371865703355979,0.9141916723541346
0.6137260255335613,0.2832015475305154,0.20295864843067346,0.32202324609993505,0.8089077773055351,0.10435462386855253
0.6322134171896399,0.28624941548157723,0.20930698601419556,0.34380581771567353,0.8101147471312515,0.9134920133786206
0.6162716321532442,0.2853904704643382,0.20908218056175973,0.32754582589659686,0.8343391415214683,0.9172273223849561
0.6296553666390206,0.3159467371186658,0.23264200313262823,0.6941175779178135,0.9429664258393586,0.914121068631232
0.6138722291282641,0.2848846959747908,0.21068747214749264,0.3258094942468479,0.8130896727581103,0.10435538793017114
0.6323599552632877,0.2867816201983535,0.2066655379950143,0.340999437834534,0.8036889077773139,0.9134987681262634
0.631783114562185,0.28455944680643663,0.20796264644271215,0.3289003917209632,0.8169145771355488,0.9139280157289291
0.6293233745390401,0.31504303239200226,0.23516787998500394,0.702061356764929,0.9433574160646003,0.914052923193537
0.6140187753370405,0.28517925177994513,0.21055923828519169,0.35317774383862544,0.80200594985115,0.10435619628521692
0.6180800856608033,0.28476214064923033,0.20942255275425908,0.3287098661925476,0.8145346366339936,0.9169636657597503
0.631463695616532,0.28891960398534916,0.2102505283648584,0.3363629724952695,0.8180195495111775,0.9138573123458152
0.6294694908375531,0.3140314816249793,0.23233408559911325,0.7031848140908838,0.9435614109646622,0.9140596779411799
0.6141652117215788,0.28270898583027576,0.21072599365639016,0.3359400280594309,0.8302592435188672,0.10435694927347873
0.6335914860926777,0.2821580250316383,0.20857030310389424,0.32078038271646747,0.8225754356139987,0.9136642483701554
0.6311316791111654,0.2869146184548732,0.2087381142530601,0.33427433936821704,0.8184275393114149,0.9137892222749042
0.6296159763457543,0.31563683463191156,0.23516286891305818,0.7318833670856311,0.9441223969399744,0.9140664991289634
0.59988531677504,0.2851673155713634,0.20794576063534723,0.33766178637259614,0.8068338291541295,0.10579905467514918
0.6332719563841183,0.2848932208163902,0.2075655455514629,0.3323391829329789,0.8110837229069148,0.9135937110873936
0.6312777422184523,0.2848821374495541,0.20858586974214272,0.31171624387378816,0.8262813429663538,0.9137960213159744
0.6297623335692331,0.3092354584850405,0.2300528017359203,0.7040177974192647,0.9482362940925668,0.9140732538766063
0.6153965864190756,0.2896340411371524,0.21288326676915165,0.3188322413192055,0.8083297917552272,0.10441425389487473
0.632939877300839,0.288848842078704,0.21210542401171986,0.343849220050513,0.812103697407565,0.9135254992095581
0.6314240274773311,0.2835907365867214,0.20764100822236337,0.3453005973042824,0.8158946026348985,0.9138027760636172
0.6154824095239637,0.3132982880337292,0.2323496522373617,0.6839183866148948,0.9355546111346484,0.9175380407765255
0.6150769675369903,0.28823415344049774,0.20829219967775972,0.32366546655703177,0.8078198045047884,0.10438663694303675
0.6330857745766552,0.28446843768582164,0.2068890242783337,0.3380923152969564,0.8212154696132075,0.9135323093239847
0.6315703127362098,0.28436144269927954,0.20996292736375957,0.3417385879358108,0.8138716532085937,0.913809641544828
0.6309935743499953,0.31553218451318776,0.2376570834932678,0.7019846779830676,0.944785380365488,0.9142388448540665
0.6147447038488658,0.2833145106213483,0.205409859425709,0.3409333614528576,0.809859753506089,0.10436007196009393
0.6332320254176813,0.28219106236869235,0.2099589698564102,0.34283563853471355,0.8126986825328686,0.9135391194384116
0.617290373359352,0.28417686503884865,0.2085510423494455,0.33400121836270613,0.8208584785380708,0.9172743841513199
0.6306738059066963,0.3141022442467958,0.23390876847727643,0.7067863342765235,0.9445303867402117,0.9141681968377365
0.6148905194605061,0.28586193103610547,0.21040303626692491,0.33575506184197357,0.8057118572035051,0.10436085816842613
0.6333782324541688,0.28636472326143564,0.21086979415693957,0.3370697197555319,0.809859753506089,0.9135457634524864
0.632801476233249,0.2866703624334261,0.21136821653249135,0.32845362166673153,0.8115937101572399,0.9139750774952929
0.6303415046718248,0.31479131713415565,0.23485442238387402,0.6989688709162543,0.9388525286867662,0.914099984959901
0.615036651090608,0.3074150495422385,0.23183988633543096,0.34541031427698177,0.8321631959200886,0.10436165545011511
0.6190982599110164,0.32452808440050895,0.2562691055418073,0.33149730470706484,0.841648958775977,0.9170107275261142
0.6324815228722169,0.33882024416734025,0.2875194914983756,0.3170299921252362,0.8383850403738506,0.9139044294789631
0.6304872492575337,0.3592381927636181,0.35664802359028513,0.7191017170051024,0.9396175095622539,0.9141067950743278
0.6151827508059737,0.35676856689224007,0.3519981162442086,0.6945708205983749,0.950956226094263,0.10436241397505534
0.6362049753553016,0.3594383280811751,0.3565303430809159,0.7462556551594359,0.9453463663408002,0.10502104062697848
0.6043870936309252,0.3561449250248406,0.3551714948625224,0.7360326779474882,0.9489842753930589,0.10478090381159803
0.6038142028477052,0.35646782843141234,0.35912930987047925,0.7235108462355344,0.9412324691882077,0.10477506815256893
0.6203639445138931,0.3568823810368904,0.36571946930269117,0.7006550893486501,0.944496387590334,0.10639078164201647
0.6353492965466114,0.3566261905947897,0.3691750372300069,0.74305921019584,0.9460943476412922,0.10497720120744093
0.6045114553436806,0.35935797501255934,0.3690775426641647,0.7733615846927075,0.9422864428387356,0.10478363893072554
0.5739821917758228,0.3560198129619716,0.36276654243605466,0.7743395469090093,0.9424564385890335,0.10443147296468552
0.5751509334915181,0.3562301805925473,0.3603272083898093,0.7644420673536731,0.9335826604334443,0.10448744878326653
0.5741549036874618,0.3539331952790543,0.3507952044395618,0.7603409636596976,0.9388015299616654,0.10443369870940063
0.5741156739065434,0.35636403026047003,0.3530221389778307,0.7918364457069551,0.9369825754355361,0.10443328899519932
0.5599343638916277,0.3615015006617659,0.35580395234576817,0.7388226181519366,0.9329366765829263,0.10579757084533911
0.6039737733975645,0.36119735262188407,0.3540672639905742,0.7072548253528566,0.9377815554611288,0.10479981710499792
0.635349798108586,0.3604230259547456,0.35296751740827353,0.7172494737218718,0.947386315341987,0.10495219756780574
0.6354363715226539,0.3549187459943704,0.3487619420772318,0.7217236071811526,0.9460943476412922,0.10495259620865023
0.6364617053119215,0.35855060922043863,0.3535065728486576,0.7145279924609391,0.9427114322140824,0.10500868276079917
0.6214292727861785,0.3548164389555367,0.34575162914065827,0.6925322609793114,0.944836379090475,0.10448645218115532
0.6364077246652942,0.36090663371062076,0.35187331089358787,0.7300205214022157,0.9363705907352369,0.10497069007364752
0.6213382973288044,0.3586075171867279,0.3525973266816517,0.724665197446672,0.9432044198894118,0.10639539923179853
0.6363235166963466,0.36769634642953786,0.35896413263280436,0.7153720149925089,0.9388865278366438,0.10498180772386621
0.6373657311905991,0.3596310041623326,0.35301685787462284,0.7133506892374164,0.9396685082872409,0.10498839083447874
0.6360063211439515,0.36165261456426995,0.3514804375409501,0.7047647702652471,0.9458903527411167,0.10495528703435057
0.637031071394178,0.35927208294241775,0.34918410939506483,0.6917244533876992,0.9379855503611907,0.10501134036642913
0.6219984921232284,0.356523245265593,0.3474909558340851,0.7066905949999478,0.940127496812579,0.10448914300685565
0.6369769389961113,0.3615430628404193,0.35291791133740413,0.7306673869415836,0.9322566935827581,0.10497338089934788
0.6219076161647359,0.3585256729860035,0.35668100503156774,0.7181296317746708,0.9433064173394996,0.10639809005749885
0.6373663510248302,0.36299261131524685,0.35627414096083404,0.7301522373625644,0.9443773905652506,0.10501155076020817
0.6388647178309372,0.3592556697616538,0.3524643473519251,0.7191773633434999,0.9485252868678344,0.10504685262165946
0.6370458676288733,0.3607090551303723,0.3519672463588608,0.7266734191116484,0.9345516362091075,0.1049854619316074
0.6366480316743641,0.363869883311582,0.3551435222798146,0.716089285234228,0.9361665958350613,0.10495819932718672
0.622560065690839,0.35884175544653885,0.3524252968473584,0.7258801451472556,0.9395155121120524,0.10449172309898806
0.6231124255993943,0.35931641283390586,0.35237542959871093,0.6958276219686022,0.9521461963450975,0.10641737984502965
0.6378368080218717,0.3595994597453154,0.35122053909129697,0.7020053665617056,0.9411304717381199,0.10501351074436027
0.6379105745531062,0.36145844735100385,0.3546704363621087,0.7099250815342444,0.9439184020399125,0.10501382079835044
0.6394097874126001,0.36413268551212113,0.3611071627031758,0.7231405167069802,0.9406714832128955,0.1050491558798721
0.637986332939319,0.3599869449059584,0.3524442942106581,0.7043506015988501,0.938291542711454,0.10502135068096864
0.6381331645033796,0.35895088164348077,0.35251263425367807,0.7116707051751665,0.9400764980874783,0.10501478418039129
0.6240346237911867,0.3612917731094814,0.3558712343974498,0.7149914007386815,0.9427114322140824,0.10454829687883582
0.6389896349226727,0.36196784597098786,0.35214561086095836,0.691900286451439,0.9379345516362037,0.10503384142742946
0.6382152344979217,0.36257251792031486,0.35318994791362557,0.7020921315220199,0.9379345516362037,0.10502867016980781
0.6384302227961851,0.3618384714873192,0.35284429461791833,0.7163807519659016,0.9417764555885242,0.10501599117628156
0.6399387028188515,0.361304774923263,0.35173162416234416,0.7202775509821575,0.9441563960899657,0.1050498092079228
0.6385580381839717,0.36457196158857996,0.3556311279112856,0.7152012647273596,0.9385465363365029,0.1050181504808559
0.6382008002764548,0.36092560362869325,0.34987118402112577,0.7146369946650868,0.9437654058648377,0.10499138617749085
0.623611213182206,0.35955086564509936,0.35441001113015735,0.7033470268427755,0.944496387590334,0.10449622441852381
0.6385899973500417,0.3610400578516348,0.35188175711732683,0.7199450247681203,0.9517212069698644,0.10498048999440801
0.6379464179302503,0.3612787712956998,0.35466753241935567,0.7139655887387739,0.9346026349340946,0.10496391317929114
0.6380327472904561,0.36114449431294016,0.35078016458361155,0.7106880969632781,0.9421164470887788,0.10496431182013564
0.6395533824469894,0.3624589147511907,0.3573715125960508,0.716226798761719,0.9377475563110238,0.1049982405853448
0.6381939511238506,0.3615831320990359,0.3527894162973251,0.7003530599261556,0.9426604334890953,0.1049651201751814
0.6382796891227769,0.3622766819585781,0.35539840965752195,0.6993002852680998,0.9409264768379444,0.1049655077426691
0.6241914449804273,0.3594366259735403,0.3529828206553729,0.7083805064031947,0.9427114322140824,0.10449900936775687
0.639170157809442,0.358332996904846,0.35151447254682905,0.7062109455923342,0.9456353591159541,0.10498328048031948
0.6385265627451724,0.3628302030703805,0.3574271855168334,0.7136716600265332,0.9412664683383127,0.1049666925918458
0.6386127919807176,0.36263432659776684,0.35677519724787676,0.7103821363137488,0.9468083297916792,0.10496708015933351
0.6401333561113183,0.36327011743720233,0.3570395844139195,0.714760768752638,0.9428644283892709,0.10500100892454266
0.6387739729731732,0.3603524743084553,0.3535144878633564,0.715148689529439,0.9414364640882695,0.10496791066109287
0.6388596264919166,0.3627447329512912,0.35434826914609074,0.7247381435483184,0.9382065448363619,0.10496828715522379
0.624771266580427,0.356631305857335,0.3485469020176514,0.7184540175690906,0.9455163620908706,0.10450177770695475
0.6397500538771586,0.36379976076805676,0.35460579043528906,0.6863563827263157,0.9485762855928215,0.10498604881951736
0.6391063680749145,0.359655514869859,0.3497912370605778,0.7113010109964362,0.9446663833404045,0.10496946646772207
0.6391925722792942,0.3642545989714621,0.3573419596664485,0.6995857161764474,0.9457373565660419,0.10496987064524499
0.6407130550586082,0.36401631463016226,0.35732560064138175,0.6949342406975951,0.944785380365488,0.10500377726374054
0.6393535664766792,0.3643112941742971,0.35970345609470955,0.7179302113487218,0.9450403739905369,0.10497067900029075
0.6394392012220487,0.3599517763585045,0.3523078841558802,0.7048715487450115,0.9431364215893154,0.10497105549442165
0.6253507555788187,0.36348559854239515,0.35554378829159494,0.727416023927592,0.9438164045898247,0.1045045571195094
0.6403294621500422,0.3634815488850498,0.3569825901106495,0.7155177483583453,0.9471143221419425,0.10498883930542881
0.6396857888633809,0.3579154566713662,0.35043715405287923,0.7070077536901218,0.940518487037707,0.10497225141695514
0.639771914845368,0.3580096661834374,0.35085299112965007,0.7015272658192875,0.9407224819378825,0.10497263898444285
0.6412923225311866,0.3592047316875836,0.3535266259899246,0.7240010980433331,0.9396685082872409,0.10500654560293841
0.6399328589804232,0.36262303046747635,0.3523661932015247,0.7094967366249034,0.9424564385890335,0.10497345841284542
0.6400183591832795,0.36426781354869814,0.3585034460194448,0.7110188759653,0.9388015299616654,0.10497382383361954
0.6259298844413199,0.36062785100793915,0.35211606014472696,0.7035624501424118,0.9475563110921712,0.10450732545870729
0.640908586319199,0.3612018295940663,0.3552751890805378,0.6914005441056472,0.9474203144920921,0.10499159657126989
0.6402648097789814,0.36472243898864914,0.35755066948496667,0.6990025444569163,0.9428644283892709,0.10497500868279623
0.6403509044720126,0.36203626283102197,0.34903529560919866,0.7061697669818783,0.9408244793879703,0.10497538517692713
0.6418712871266652,0.3562924165848362,0.3472840941803526,0.7332871328119785,0.939005524861841,0.10500932501549307
0.6405117046778663,0.364616718794905,0.3564759937559918,0.699587264841643,0.9427114322140824,0.10497620460532972
0.6405971585730668,0.3639890308460165,0.35483534356852153,0.7310418065346285,0.9361665958350613,0.1049765921728174
0.6265086803893216,0.3597228661246932,0.3491830536170975,0.6945714559481988,0.9403654908626322,0.10451010487126196
0.6414873168732815,0.3623365739770128,0.355552500119854,0.6957257277406084,0.936846578835457,0.10499436491046776
0.6408434308217155,0.3627788358935452,0.35279020868414335,0.7110153021225409,0.9425584360390076,0.1049777659486373
0.6409295474170165,0.363842177576384,0.3543379769709371,0.6992225343334111,0.9417764555885242,0.10497816458948181
0.642449858107069,0.36472094428068413,0.35736781847985055,0.7107444445507773,0.939005524861841,0.10501207120797737
0.6410902568848966,0.3619761580491329,0.3519635500292895,0.7067699740185605,0.9428984275392622,0.10497899509124116
0.6411757226699,0.3646638235509405,0.3559501277934014,0.6869266886119143,0.9466553336166044,0.1049793494386585
0.6079478685707587,0.36378825366224016,0.3560532952291186,0.710095831799394,0.9467573310666921,0.10341945674079689
0.6420656869785839,0.35906405749776804,0.3528527408416573,0.6984681358363627,0.9448873778154621,0.10499712217630884
0.6418897178865617,0.3656498015810935,0.36029343898845045,0.7191399174132589,0.9435614109646622,0.1050073428846274
0.642445850304616,0.36149787474340106,0.3558654309386857,0.7083781635507194,0.9405864853378034,0.1050352145236716
0.6439505171421382,0.3651785519848524,0.3549997239926362,0.7137277296484845,0.9398725031873028,0.10506852318090043
0.6425830117037448,0.3652254421895055,0.35751267033162537,0.7236180615183025,0.940127496812579,0.10503557994444572
0.6426568667827262,0.3632988905655285,0.3568841725691,0.7047036972634333,0.9431024224393241,0.10503556887108893
0.6285616846271367,0.3604032031949276,0.3535208203177896,0.7094279202971117,0.9422864428387356,0.10456928088995572
0.6430950842646475,0.3613478282340251,0.3533487882701253,0.7322086661954226,0.9450403739905369,0.10502827152896332
0.6419445611697228,0.36544348181993497,0.3558567235371687,0.7042355238620122,0.9453463663408002,0.10498279325262065
0.6420305088046581,0.36206205548305903,0.3541234681203969,0.7073560445216625,0.940127496812579,0.10498319189346514
0.6435507193700492,0.3628221037556898,0.3561469628765005,0.6970296244165255,0.9410964725881286,0.10501707636524713
0.6421910461832767,0.36330230014458265,0.35905358380842967,0.7006000521701625,0.9434764130895701,0.1049840113218677
0.6422763899413493,0.36713558063271845,0.35779842759468056,0.7221401584093889,0.944496387590334,0.10498437674264183
0.628187714637177,0.360664932638554,0.3527617137458794,0.7265820478651115,0.9418444538885069,0.10451784514765922
0.6431661289695456,0.363888429490674,0.3587016046984023,0.7148948275654623,0.9435614109646622,0.10500210518686502
0.6425221584377963,0.3645022663598916,0.3557575113954299,0.6883046829610338,0.9333786655332688,0.10498558373853212
0.6426080841704627,0.3645623711417806,0.3555931331846862,0.688856404864286,0.9427964300891745,0.1049859713060198
0.6441282352868356,0.36477486819482796,0.35593852087587335,0.7169230627498886,0.9429664258393586,0.10501984470444499
0.6427685151666283,0.363085326119353,0.3557401010191378,0.7070147822475479,0.9439184020399125,0.10498679627110077
0.6428537838312058,0.3657384649399262,0.3579889302233464,0.697382481824925,0.9432044198894118,0.10498716722855328
0.6287650537713598,0.36320660128833104,0.35552875286238667,0.7130528292981406,0.9424054398639328,0.10452059134014349
0.6437434602814887,0.356022158723754,0.35035219380701443,0.736927131371323,0.9453973650657872,0.10500485137934931
0.6430994030793293,0.36551275152171464,0.35908814780997783,0.6929075144690002,0.943714407139737,0.10498837422444356
0.6431852349451255,0.3665151409447034,0.3585794376860144,0.7205679852703675,0.944496387590334,0.10498875071857448
0.6447053538338738,0.36511610501703734,0.3599031951205616,0.7041557080403957,0.9451423714406246,0.1050225687502157
0.6433455251409868,0.3646184262663243,0.3556079096494874,0.7196031271441816,0.9460943476412922,0.10498958122033385
0.6434308094500416,0.36206205548305903,0.3552664816790207,0.7223514122258063,0.9437654058648377,0.10498995771446476
0.6293420527945832,0.36323643823392887,0.35761241146903333,0.7147971028206872,0.9427964300891745,0.1045233375326278
0.6443204045490378,0.3651512699886349,0.35661952643865014,0.7112520096412747,0.9446663833404045,0.1050075864984768
0.6436762650569232,0.36619436874853145,0.3568343031070815,0.7179819526499984,0.9406204844879085,0.10499113149028465
0.6437620343448058,0.364289767518916,0.3567287607242805,0.7061927984129914,0.9463663408414504,0.10499153013112913
0.6452822189403631,0.3633523853769073,0.35776966483852546,0.6948760267699885,0.9469103272417669,0.10502532601605681
0.6439222744783359,0.36588254513293944,0.35831294339077896,0.6974862026836621,0.9458903527411167,0.1049923606328885
0.6440074930805832,0.3648458417921706,0.3568314013776994,0.6899797033527848,0.9389545261367402,0.10499272051698422
0.6299187092037313,0.3634335930751968,0.35374404099658885,0.717487968161985,0.9456353591159541,0.10452608372511207
0.6448970036993957,0.36224002585487197,0.3525208104461549,0.7089766233753858,0.9403654908626322,0.1050103548376747
0.644252785984889,0.36715263210384547,0.36105676424548816,0.6967121083420758,0.9476753081172546,0.10499391090283931
0.644338536499399,0.36159911796496297,0.3537456235568544,0.7006776839767594,0.9469103272417669,0.1049943095436838
0.6458586125222756,0.3661525902305673,0.35791795405546445,0.7037617117309047,0.9418954526136076,0.1050280555985059
0.6444986483482067,0.3653897706692455,0.355196032293437,0.70309705639647,0.9496982575434458,0.10499512897208638
0.6445837721449141,0.360637226903356,0.35194903916900844,0.7190711805041954,0.9359116022098988,0.10499549439286049
0.6304949513470941,0.36270764595689187,0.3561625317281199,0.6945192381345542,0.9393965150870827,0.10452882991759638
0.6454731795101707,0.3615349635257286,0.35494748401027587,0.6968867898342599,0.9454823629408793,0.10501311210351578
0.6448289398933942,0.3677551728427726,0.36236416486833956,0.7094879608554621,0.9428984275392622,0.10499669031539398
0.6449146215721986,0.3663725483079423,0.36134225590402325,0.6998109476889887,0.9411304717381199,0.10499706680952489
0.6464346828892671,0.36772362842575534,0.35758391431739833,0.7163413205674611,0.9417764555885242,0.10503079625431179
0.6450746802297811,0.3659042845517748,0.3561308694559538,0.7118181460436548,0.9428984275392622,0.10499790838464104
0.6451597799339925,0.36611486494580486,0.3622282793824889,0.7271744321570877,0.9428984275392622,0.10499826273205838
0.6310708896746884,0.36183548922310194,0.35178228379780996,0.7074697721401249,0.9441223969399744,0.10453156503672388
0.6460490058232997,0.35952123967502764,0.35064876338740847,0.6869044513680809,0.9457373565660419,0.10501590258942724
0.645404759948732,0.3611679394152667,0.3530822984016318,0.7130231266938774,0.9392605184870035,0.10499945865459186
0.6454904510142243,0.3636026112905734,0.35571371542343755,0.7105289418324134,0.9476243093922676,0.10499983514872276
0.6470104153355267,0.36466616931272294,0.3579071373113837,0.7400996712977979,0.9374415639608742,0.1050335258367609
0.6312242484279902,0.3658691177922491,0.357722701532631,0.7066084363258562,0.940127496812579,0.10644194055039319
0.6462079484037995,0.36702027356803135,0.3600343307122446,0.6969508410383731,0.9447343816403873,0.10502833796910409
0.6316402623276258,0.3584075946326253,0.3498363588417996,0.7204425036801647,0.9431364215893154,0.10453424478906742
0.6466182874253734,0.35973522786018364,0.3546593518001368,0.6931188874135097,0.9470123246918547,0.10501860448848434
0.6469128113126925,0.3661020758954776,0.3598921105585897,0.7077581415414071,0.9431024224393241,0.10505783739159665
0.6460537313944181,0.3622664514334875,0.35228624624097665,0.7013519886866435,0.9385465363365029,0.1050025149010663
0.6475733527887564,0.364902322443623,0.3600820841915864,0.7118670282707245,0.9350616234594327,0.1050361557589989
0.6317871076588282,0.36338521173843513,0.35440394206687326,0.7040201799811041,0.9403654908626322,0.10644457600930958
0.646770758510975,0.3640990063088477,0.3584461905383967,0.7188449959669185,0.9379855503611907,0.10503097342802045
0.6322030345751646,0.3645570413278528,0.3600451474563254,0.7054618284406964,0.944785380365488,0.10453684702791342
0.6471810255679498,0.3624853439056626,0.35318572922849806,0.7077742635431865,0.9473183170420043,0.10502122887404393
0.6474754671653131,0.36921878873658165,0.3653363524894248,0.6925658551012457,0.9473183170420043,0.10506049499722658
0.646616302766855,0.36491362214976986,0.35564564098493767,0.7129277448015778,0.9380875478111648,0.10500513928662589
0.6481359344865489,0.3653433059915011,0.3582620203641641,0.7055049131006235,0.9412324691882077,0.10503876353452328
0.6323496155146833,0.3618086345417213,0.3563986807069347,0.7149784951953853,0.940518487037707,0.10644722254158274
0.6473331984697954,0.36952570806515456,0.36291615082211015,0.7087793472550923,0.9405864853378034,0.10503361996029363
0.6327655148967382,0.366203104565657,0.3598765461337122,0.6990320088049957,0.9483212919676589,0.10453944926675943
0.6477433184686725,0.37031985749211105,0.3623981998742185,0.718028094930953,0.9438674033149255,0.10502387540631711
0.6480377391024352,0.37226676289057786,0.36744995357897,0.715189153371343,0.9417764555885242,0.10506311938278617
0.6471543945983029,0.3739709087634907,0.36785998719697677,0.7014844591249081,0.9406714832128955,0.10500737610469776
0.630160636980754,0.3772079348682077,0.37412639685290516,0.7124330455450123,0.9272588185294808,0.10447318629971909
0.6136201947053634,0.37941369472177494,0.37736072064172527,0.7280919964307637,0.9371865703355979,0.1058640109860881
0.6285923725228981,0.37426386079706053,0.37283852480239354,0.6992387357539183,0.9395665108371531,0.10445045269822616
0.6281870616366532,0.37075700057024186,0.3693109227158575,0.7192954192826371,0.9407564810878739,0.10442350568447403
0.6282605121494256,0.3761590825554028,0.37435555379272845,0.7155002762381908,0.9389545261367402,0.10442390986199693
0.6292729226609408,0.370255277525968,0.36516867635589,0.7143870242187809,0.94046748831272,0.10448000748750265
0.6284017226524305,0.3762477459142355,0.3720148984658107,0.7162351774375206,0.938716532086687,0.10442468499697234
0.6284748105261957,0.37440325483029363,0.369988236375805,0.7177404005888584,0.9340416489587824,0.10442510024785202
0.6141223076784845,0.3723527622364107,0.3699090795887043,0.7095083317591881,0.932222694432653,0.10586676825192919
0.6290944197892108,0.36107309340076066,0.2957158632786567,0.7105469301743002,0.925320866978268,0.10445318781735365
0.6286890428832668,0.33833876583393674,0.26296731289279307,0.698885481251879,0.9357076073097232,0.10442624080360154
0.6287625059116224,0.34336860295832744,0.26989243548145264,0.7123858708205946,0.9416064598384537,0.10442667820119479
0.6297748191144819,0.31614602048844126,0.23695364762876914,0.6967207649834253,0.9252188695281802,0.10448276475334374
0.6289035493315986,0.2931505994440473,0.2184846314805898,0.33434160703081295,0.814279643008831,0.1044274422628134
0.6473905041938419,0.29036190670240286,0.2141832791596025,0.34041424093743977,0.8089077773055351,0.9148787741430471
0.6314483227263668,0.3213538253027526,0.23954285123884805,0.6892882441976578,0.9478963025924259,0.9186144817902271
0.629499456271307,0.28769065259343096,0.2131286521451527,0.3095985037829325,0.812103697407565,0.10445541356206875
0.6475079910970489,0.2919077941117732,0.21534159817869666,0.3248844249033782,0.8263493412664502,0.9148869130602888
0.6459917094859398,0.2890359773704075,0.21390913324081734,0.3181564673628541,0.820348491287632,0.9151645221150516
0.6454143884993528,0.320980834875928,0.24065948141514262,0.6982820577567141,0.9516362090946586,0.9155942901654865
0.6291633756433654,0.2923624165122463,0.21592788252949524,0.32345186988813923,0.8109307267317263,0.10442883750576916
0.6476504497165334,0.28857837073899617,0.2137344628549201,0.33363930721931734,0.812103697407565,0.9148959378460738
0.6317082169351687,0.2877392477664039,0.20925210326686033,0.3396189815048474,0.8241393965150792,0.9186316454932538
0.6450905750197435,0.3173982040404388,0.238832553924247,0.702694800539269,0.9477773055673424,0.9155258568205151
0.6293054190583951,0.28884010375847896,0.21449436181364856,0.3366834667720182,0.8167105822353733,0.1044295572739606
0.6477928895626435,0.28804339509111443,0.21168959136169105,0.3350974350649647,0.8169145771355488,0.9149050733654269
0.6472155028692477,0.29056609239247644,0.21592471740896413,0.32436542351605224,0.8369740756480724,0.915334774975721
0.6447545253678686,0.318652945223709,0.23887635432298135,0.7006342816419202,0.942354441138832,0.9154601253746008
0.6294477813078934,0.28884713728917694,0.21392047898056732,0.34852051050199506,0.8005949851253717,0.10443034348229277
0.6335092246097211,0.2865232974730961,0.21190014713162386,0.31934667612967305,0.8121886952825434,0.9183714216086536
0.6468915923938723,0.2921102746547341,0.21616851801132864,0.3262007903195878,0.8274543136420789,0.9152664080708902
0.6448965240396909,0.32103774284221726,0.24355475439395088,0.6966299893773478,0.9413854653632825,0.9154690947936018
0.6295900597029864,0.28838420245297314,0.2159434513811147,0.3205504654989757,0.8096557586059134,0.10443108539719782
0.6490164514076717,0.2936047957812333,0.2175286876122096,0.3320593113355901,0.817849553761107,0.9150752154925283
0.6465554081994842,0.2867605196062596,0.2120188812055895,0.3235357757742463,0.8192945176369903,0.9152005658914081
0.6450387949254353,0.3148066629217915,0.23744362378058195,0.729675049935518,0.9385465363365029,0.9154782856797389
0.6153064075785362,0.2920800091427496,0.21555743283846635,0.3038633597608418,0.8139396515086901,0.10587262605767189
0.6467604644442484,0.2902775039764417,0.21483130549446772,0.33077102043972006,0.8129196770080398,0.914709407150921
0.630351608814586,0.2892798066133962,0.2123574052333032,0.34397847403029447,0.8173055673607905,0.9183676566673444
0.627393666937897,0.3203699820588558,0.24171991188835648,0.7206325924055763,0.9369825754355361,0.9184201443785363
0.6120809200915938,0.2884165991753575,0.2115740224082565,0.3420943441277813,0.8132596685081808,0.10568236364128036
0.6305621997628865,0.290228269261556,0.21337984097991775,0.3406640525462894,0.8172715682107992,0.9178735634873079
0.6290397338895017,0.287210879585933,0.21249460988827035,0.33484273920434426,0.8180195495111775,0.9181507296077991
0.627517217015118,0.3157416975140897,0.23724678869748295,0.7194276117553535,0.9457883552910289,0.918428117195426
0.6122043672281472,0.29073084747188205,0.21638593523136387,0.3299767537412277,0.8047598810029513,0.10568297267590389
0.6306856975875492,0.28757641059756534,0.21234500371558587,0.3243346090495973,0.8126476838078815,0.9178814255706298
0.6291631340926203,0.28830001249046633,0.21431784326296566,0.33838084353569475,0.8073778155545597,0.918158702424689
0.6276406394333955,0.316022400451645,0.23740905977903384,0.7178443199944153,0.9346366340839722,0.9184359792787481
0.6123277336391921,0.29214650809221665,0.2172252543683422,0.3360343377989028,0.8169145771355488,0.10568353741710025
0.6308090840235261,0.28962935247427274,0.21266479598452,0.33082832105195514,0.8227794305142879,0.917889176920384
0.6292865649589157,0.2866650340498408,0.20896555804372885,0.32834430178767193,0.8127496812579693,0.918166453774443
0.6277640790605994,0.3175032805800354,0.23784996106901746,0.7138792208720997,0.9392605184870035,0.9184437306285022
0.6124512070584691,0.29018351026730277,0.21611020675231318,0.3334058161590667,0.8065788355290806,0.10568412430501019
0.6309325339760861,0.2949328565024213,0.218901522121957,0.3362775576533308,0.8101147471312515,0.9178971497372737
0.6294099961381017,0.28797519117332754,0.2127038464890867,0.3294128013538671,0.811729706757319,0.9181744265913329
0.6278875033562139,0.3191945283390015,0.23973889393512882,0.7187975432769527,0.9408244793879703,0.918451703445392
0.612574596310453,0.2895641322510456,0.2118822033329206,0.33318725581967557,0.8076498087547179,0.10568470011956337
0.6310559526396884,0.2891947650606936,0.21483473400614791,0.3324201503261508,0.8073778155545597,0.9179049010870278
0.629533428881734,0.28738863630032746,0.21079828899338848,0.35241151195110887,0.8132596685081808,0.9181821779410868
0.6280108882277435,0.31667993070991585,0.235995065422156,0.7004960930552413,0.9424564385890335,0.9184593440615781
0.6126979949491238,0.28836672491855897,0.21269619486553704,0.32625650255726324,0.80200594985115,0.10568527593411653
0.6311793093511571,0.290995351780056,0.21520782424878077,0.3366381186783438,0.8145346366339936,0.9179128739039177
0.629656819072387,0.28416407688248546,0.21156584178903765,0.33105859565372286,0.8153846153845734,0.918189929290841
0.6281343006335556,0.32003450415333934,0.2394069657529974,0.7193376700459204,0.9327156821079825,0.9184672061449002
0.6128213281938741,0.2866699361913461,0.21224658617403636,0.3250190396472985,0.8058648533785799,0.10568585174866969
0.6313026666884052,0.28779274508088215,0.2136426411589529,0.3410821524397216,0.8242583935401626,0.9179206252536717
0.6297801432433405,0.2886124726084932,0.21360649238376822,0.3505687592058715,0.8118487037822888,0.9181979685478716
0.6282575978960057,0.32051811369714267,0.24084602653645903,0.7130980185543592,0.9471143221419425,0.9184750682282221
0.6129446348430121,0.2895841668803539,0.21524027890776515,0.32529224007153723,0.811644708882227,0.10568642756322283
0.6314260118229598,0.2908527627191513,0.21754188151674522,0.3391107810645262,0.8053038674032678,0.9179283766034259
0.6299034298675461,0.2891152644762377,0.21548698345288264,0.3350043563157765,0.8134296642583649,0.9182056534574851
0.6283808598019363,0.32073977567008066,0.24065526051664415,0.7395208676083054,0.9392605184870035,0.918482930311544
0.6130678695275504,0.2904006975923652,0.21739227534406075,0.32960523293175403,0.8045898852527671,0.10568700337777599
0.6315491845553631,0.28919391221894797,0.21240648230850345,0.3393165946980774,0.8160475988099734,0.9179363494203155
0.6300266439013722,0.2880551176422777,0.21144183103860617,0.32699616888027205,0.8188695282616436,0.9182136262743748
0.6285040528721617,0.32029282580583984,0.23863598223229707,0.7082040776989948,0.9405864853378034,0.918490792394866
0.6131909850011632,0.2917232166301351,0.21512048905583214,0.34531131883255894,0.8112877178069766,0.10568757919232916
0.6316723885767233,0.2892258828780452,0.21367219187518427,0.325944188409496,0.8153846153845734,0.9179441007700697
0.6488500032322588,0.28901658192542634,0.2150297231378323,0.34266699286585545,0.82147046323837,0.915438864529561
0.6295340139852228,0.31797751244049377,0.2387404688371307,0.7115536419701294,0.9427624309391831,0.9186594949855845
0.6320116215670444,0.2917117072000119,0.20889062215512655,0.3219835764453107,0.7984700382489791,0.10449368308314017
0.6503700808195849,0.291262839425204,0.2088502524814434,0.32527873888778114,0.816353591160123,0.9151969116836668
0.6489630339622638,0.2945449459936624,0.2089172733553469,0.3221312952793469,0.8249213769654489,0.9154457300107718
0.6474177656359648,0.32322901153782246,0.23346601902250716,0.6926900262824369,0.9436124096896492,0.9157298723460416
0.632120354445969,0.2892520985538915,0.20478293758333616,0.22823274627141998,0.7552571185719898,0.10449399313713033
0.5304747593005419,0.2897663996729665,0.21755058670489127,0.32460653877418855,0.8061198470038562,0.8999895386011982
0.6303709554022423,0.2866590663031356,0.21234183859505476,0.3467937488089674,0.8212154696132075,0.9182354407872539
0.6288484222576005,0.31579285192747064,0.23512777370246987,0.7102119816890593,0.9393965150870827,0.9185127176413131
0.6135352749126528,0.28627669712020914,0.21281783066888466,0.33159213066826854,0.8108797280067392,0.10568908516885281
0.6320166146587414,0.2872370954405722,0.21271835956273882,0.3384348482707189,0.8179175520610897,0.9179660260165169
0.630494085581665,0.2879029374194024,0.21515030537658358,0.3252547147225684,0.816353591160123,0.9182433028705761
0.6289714983071288,0.3227477459678733,0.24234260840548882,0.7069540269206456,0.9443263918401499,0.9185205797246351
0.6136583265567941,0.29168954100271804,0.2167687864401101,0.33116394459638365,0.8033999150020463,0.10568966098340594
0.6321397160523246,0.29009036922111664,0.2144408004488008,0.33822073538009434,0.8215894602633398,0.9179738327330548
0.6306171309680151,0.28897757755683834,0.21405662785756707,0.33380167880866507,0.8061198470038562,0.9182511095871139
0.6290945349325718,0.31818979673008674,0.24017873944714505,0.7160627593790838,0.939056523586828,0.9185283753678163
0.6137813422186356,0.28870433492843944,0.21456586697719965,0.3249451802302803,0.8126476838078815,0.10569023679795911
0.6322627110634547,0.28725734354850607,0.21136504919858923,0.3311652550053952,0.8146876328090684,0.9179816394495929
0.6307400871808393,0.2870335489348257,0.21269170836251844,0.3498077292450372,0.8254143646407783,0.9182589605970791
0.6292174842618246,0.31848094295618695,0.24030881926086067,0.7167032317108499,0.9339566510836903,0.9185362374511382
0.6139041748400813,0.29058122505907225,0.216751371637076,0.33653435811024246,0.80266893327655,0.10569081261251227
0.6323855903054452,0.28874781519645276,0.21720230171106414,0.3403576550937566,0.8150276243093231,0.917989545826342
0.6308629126058243,0.2901920356452806,0.21658778138640866,0.3310138829098721,0.820348491287632,0.9182668226804012
0.6293402336546459,0.32057757840074047,0.24319564822930095,0.7042545049379985,0.940178495537566,0.9185440552410331
0.6140269495769566,0.29040794406531034,0.21478117264130014,0.32591496231760053,0.7982660433489173,0.10569139950042222
0.6325083168573276,0.2875563756106714,0.21354844451590188,0.33713587555593616,0.8111857203570025,0.9179974743498047
0.6309856510475105,0.29083869530016976,0.2141687660859504,0.3340273471242101,0.8229834254142361,0.9182747512038637
0.62946303029379,0.31759663546243283,0.2364217170296366,0.7262079856563426,0.9414364640882695,0.918551917324355
0.6141497102338014,0.28928513517577426,0.21587827867199685,0.34185588939703204,0.8110497237568097,0.10569197531497539
0.6326311225702699,0.28762223519701846,0.21389462238053628,0.3394769411098617,0.80839779005521,0.9180052256995589
0.6311084210910423,0.2883360331644945,0.2152621780004468,0.335029254086997,0.8154356141095604,0.9182825025536179
0.6295858022146601,0.32182869724150215,0.2424674115427386,0.7106395721204846,0.9395155121120524,0.918559779407677
0.6142724543074998,0.28932392606573665,0.21739992696761046,0.3498866317512821,0.8166085847852855,0.10569255666620693
0.6327538015629379,0.2881606207815399,0.2129750884651188,0.3455291246940344,0.810981725456827,0.9180131985164486
0.6312311939505806,0.28685430019435854,0.21449119669311745,0.3191291482337453,0.8216234594134448,0.9182904753705078
0.6297085353372234,0.31901634520373423,0.23929667568939975,0.7259414564052535,0.9396175095622539,0.918567641490999
0.6143951110850088,0.291828293884903,0.21936959918108812,0.31899223034671387,0.8009009774755214,0.10569313801743849
0.6328765206054716,0.28994266436128824,0.2153400156184311,0.33673719354149445,0.81026774330644,0.9180209498662028
0.631353861992114,0.2886525425822811,0.21422285644646735,0.33131198110533155,0.8212154696132075,0.9182983374538297
0.6298312209005719,0.3197542285306209,0.24293760015780447,0.7234983774952424,0.9392605184870035,0.9185755035743209
0.6145177603531677,0.2939213051990198,0.21906141825642406,0.3374619688530076,0.7996260093497085,0.10569371383199164
0.6329991661189558,0.29041540401688104,0.21574107401702974,0.33688570656281036,0.8139736506586814,0.9180288119495247
0.6314764705846305,0.4209297054935417,0.3050908750371901,0.32416250866607244,0.7992350191244668,0.9183060888035839
0.6299538335606525,0.5927537094235509,0.4092823556216989,0.7020352280034248,0.9427114322140824,0.918583254924075
0.6146403611234454,0.5777232408029243,0.3828110360625865,0.3519965888067962,0.8138206544836066,0.10569428964654481
0.6331217334100492,0.6004475577598247,0.4340267367248758,0.3378015633338347,0.7977050573734914,0.9180366740328466
0.6315990813673729,0.6183594335686163,0.47473749087925143,0.18738531191129626,0.8272503187419034,0.9183139508869058
0.6401646888724759,0.6739514847116586,0.5257912081982199,0.5576104445475212,0.944836379090475,0.5769446184521573
0.621918578563577,0.587279699087395,0.422959638250185,0.3330756725068684,0.8151806204843979,0.02267912544980927
0.6329664453796826,0.6262506334182587,0.4855263686191446,0.17432923041624515,0.8218274543136204,0.9180408819084275
0.6415320944990985,0.6212384985708553,0.4818210616150693,0.18379070115499063,0.83586910327233,0.5766555595464721
0.6370769225440962,0.6694552386635608,0.5282607525452548,0.5700623480694915,0.9497662558435422,0.5761770133593707
0.6188308704326566,0.5943839959830259,0.4342176399736927,0.33154392350038697,0.809859753506089,0.022349968811846307
0.6326723642310998,0.6220394725197047,0.4829927007008462,0.20372424594598182,0.8119507012323766,0.9180432073133536
0.641238200458476,0.6100989550310673,0.4694696457636942,0.17823643328586614,0.8286102847428083,0.5766345201685682
0.6367830723080128,0.6709529503479111,0.5262615362556589,0.5620325587399775,0.9482702932425582,0.5761560514949643
0.6185370868420508,0.5929371150970546,0.43164202867492957,0.32693954332722464,0.8034849128771384,0.022342106728524335
0.6323785806404945,0.6210789617386586,0.47736983087676443,0.18486118618938507,0.8289672758180586,0.9180454773514958
0.6409445942762542,0.6187855862521767,0.47501599935227906,0.18926622535532633,0.8272503187419034,0.5766135250840914
0.6364895662504533,0.6725709895993,0.5322627597186131,0.5436216695111147,0.9418954526136076,0.5761349678236333
0.6182435992449742,0.5959680467195648,0.4312707799569694,0.31457126772581345,0.8146876328090684,0.022334252396552127
0.6320850867856271,0.6157704420355647,0.47216650552587985,0.17511638913858363,0.8327071823204051,0.9180478581232061
0.6406512822102246,0.6180474937376921,0.47709265927982125,0.18874178378513395,0.8278453038674343,0.5765925299996147
0.6361963355357112,0.670585924449521,0.5280512459131764,0.5437604537382534,0.9491372715681337,0.5761141166927949
0.6179504545748635,0.5943414790507202,0.4277132287474219,0.3420896981321946,0.7986740331491546,0.022326396957244237
0.631791926471037,0.6155369564935209,0.4742890751947202,0.1875105155359511,0.8260093497663092,0.9180501835281323
0.6403582924204492,0.6204705655349165,0.4814097198948011,0.17927161669567504,0.82719932001703,0.5765716677954197
0.6359034646439699,0.6713395898185214,0.5289690644660683,0.5648855574144394,0.9456353591159541,0.5760931105349615
0.6176575968244848,0.5936781934516129,0.42706204171876755,0.33313066997599217,0.820348491287632,0.022318557020635857
0.6314990749784495,0.616591351383708,0.47769913621425997,0.18146555905602435,0.8295792605183578,0.9180525753731993
0.6400655592001177,0.6228099622929522,0.48177331034909854,0.18550471614217812,0.826128346791279,0.5765507170043701
0.635610856579464,0.6770713836407932,0.5384209997203626,0.5475767221643415,0.9485762855928215,0.576072204037339
0.6173650529023407,0.5889351417964723,0.42434104735918937,0.33570546484635244,0.8098087547811019,0.022310721513370192
0.6312065079024767,0.6205972760055853,0.47980916492300985,0.19082680336006352,0.8262813429663538,0.918054767897844
0.639773182673891,0.6257606338191122,0.48347767242082623,0.19571113454934275,0.8210114747130319,0.5765298437268181
0.635318530115569,0.6698536963394923,0.5262496504533847,0.5607516140764455,0.9458903527411167,0.5760513307597871
0.6170727664883087,0.6105557170452027,0.47060368852965184,0.3345747009974238,0.8376880577984593,0.022302888220775887
0.6309142289977956,0.6289646190109188,0.5178053966146137,0.19990579350487425,0.8569825754354952,0.918057215109695
0.6394810908771698,0.6437530736720458,0.535330602594239,0.20329145358787426,0.8123416914576183,0.5765089372291958
0.635026478994491,0.6895712723422636,0.5848734817215617,0.5572147804447425,0.9494262643434013,0.5760304685555919
0.6167808367683834,0.600815423984463,0.5178976056505059,0.7346401896805133,0.9398725031873028,0.022295066001538372
0.6164140785700352,0.5991713882572238,0.518810676522601,0.7469696295239439,0.9428644283892709,0.10577225715171375
0.6054062484770397,0.6053671852027916,0.5182109304493758,0.2252464829714136,0.8504887377814612,0.10481842034440764
0.609185877152838,0.5696193311367801,0.5043612262199293,0.5727777537977341,0.9485252868678344,0.5735227961765892
0.6388132406137297,0.3681432962937786,0.37571809834069325,0.7201365033212714,0.941538461538471,0.022353287496876713
0.632212577081154,0.3674825710078362,0.3818863560595922,0.721836500902971,0.946247343816367,0.10633492763036015
0.6199738369316683,0.5786092664956668,0.5304800332466031,0.7759121965603988,0.939107522311815,0.1050901826667846
0.5893206346777498,0.6686598072920937,0.6238131185348262,0.764631719276081,0.9422864428387356,0.10473190420779566
0.5892200635231588,0.7025925924204217,0.6903606187823917,0.7888075742593896,0.936880577985562,0.10474127226764128
0.589571603711676,0.705595399932538,0.6971330913705667,0.7575298583642436,0.9418444538885069,0.10473213674828828
0.5892693386235996,0.7167031719884289,0.7095944143723563,0.6513184283176687,0.9484742881427337,0.10473976629111764
0.5810569471435305,0.7103056252261506,0.7023029284182094,0.6198258847633464,0.9492562685932171,0.022046517864339112
0.60637768078074,0.7136251463374523,0.7038051875838562,0.5547065384684267,0.9418954526136076,0.022006853100311967
0.6360995963396374,0.7131480377005399,0.7022526627627819,0.5582840344888533,0.9463663408414504,0.02202416075697708
0.6332464408657752,0.7159781849875608,0.7080645766040399,0.5475498389249216,0.9400764980874783,0.021700004846941148
0.6303932957172678,0.7130609655977943,0.7043694422530842,0.5615226110876408,0.9375265618358526,0.02137584340022682
0.6133655701826344,0.7082825308438174,0.7021371026628314,0.5680711220123023,0.941538461538471,0.021195445130065153
0.6254050506794595,0.704804331105849,0.7076614110762485,0.5582079116380878,0.9371865703355979,0.02071155826298322
0.6218220302301392,0.7092730788184183,0.7081983527473268,0.5495044132391498,0.9329706757330314,0.020332726546453583
0.6189689498497724,0.7076860601210878,0.7096942816719113,0.5509717536572425,0.9374415639608742,0.01995301449805902
0.6175502002968969,0.710880873241291,0.7127518323723835,0.5466666629604595,0.9319677008073768,0.019572041194325915
0.6132515062912813,0.707312114940611,0.7150186120154083,0.5493829820040737,0.9331066723331105,0.01919401672550638
0.6103979252876095,0.7117305503539758,0.7157229509352754,0.5608473930623852,0.9302167445813438,0.018814302462440462
0.5933703205283489,0.7050127856532638,0.7135298101454463,0.5335049942665635,0.9269528261792175,0.018538306795762117
0.6054099274325586,0.7093509788495604,0.7185741711910552,0.5267801340564304,0.9239609009774767,0.018054425465358574
0.6018270540413337,0.7107487453482131,0.7206861919337058,0.551816133573088,0.9289247768805353,0.01767850271965806
0.5989742042605775,0.7150092530647503,0.7265766140443612,0.5338708366369869,0.914832129196725,0.01737460662320785
0.5975555316785353,0.7123911719400834,0.7247463775638195,0.5456078524790775,0.9222949426263085,0.01714873007670351
0.5932570861072355,0.7087211632661286,0.7242771207779449,0.5395154035998209,0.9225329366765891,0.016898301683521057
0.5904036396460768,0.7127580905627823,0.7285680503348896,0.5416118594715789,0.9197620059497922,0.016660146999006295
0.5733761081029747,0.7118493939406184,0.7286470676796173,0.5324383610404759,0.9131151721205697,0.016509431969059928
0.5854159296494266,0.7060187813274073,0.7249628673814054,0.5159718408192964,0.9064853378664566,0.016189951230261363
0.581833269023107,0.7079991621053341,0.7285527559412742,0.5386022073561838,0.9129111772205079,0.01593299841525736
0.5789805171767846,0.7072222715491743,0.7276985275372347,0.5315106708789832,0.9071313217169745,0.015675664676779725
0.577561934394049,0.7072639302759499,0.7277309755561061,0.5200480864514152,0.899787505312247,0.015430803967392034
0.5732636837529488,0.7072234337024964,0.7342576754283547,0.5238161477096215,0.9106332341690404,0.015163494241780942
0.5704103530609284,0.7094823736920814,0.7346741654495708,0.5257944682235147,0.8994815129620974,0.014909887795199323
0.5533829992391004,0.7051333098924029,0.7354061051058174,0.5173437199263613,0.9009094772629851,0.014852254295106608
0.5654229684694276,0.7067473978224965,0.7377392194777356,0.5356674868106339,0.900858478537998,0.014408842761768959
0.5618404652265601,0.7047971972723797,0.7373942434735545,0.5108386113365391,0.8967445813854056,0.014149120500231396
0.5589878041182121,0.707111437880813,0.7394713150881029,0.5339980257298413,0.8847938801528699,0.013895525127006574
0.5575694269039202,0.708434915963263,0.7399239494577616,0.5151282153813665,0.8959456013598128,0.013654392816850582
0.553271358677438,0.7059938576084694,0.7419169572417005,0.4998374497185143,0.8873268168294999,0.01338836538595594
0.5504182125902619,0.7075580623421238,0.7425841336624646,0.5116744934484911,0.8934126646832965,0.013134758939374328
0.533390972973125,0.7027932694802196,0.7409013962254144,0.5225899622590291,0.8841818954525706,0.013150887283541145
0.5454311158571623,0.7013193193614851,0.739223550338276,0.5085142634248525,0.8836889077772412,0.012633713905943957
0.5418486898980168,0.7090582413673732,0.7571669727684981,0.4960770523675577,0.8848278793029749,0.012373994966413435
0.5389962759724263,0.7027615158756044,0.7509082014558934,0.4992873956085493,0.8799830004248861,0.012120392949174535
0.5375779497591342,0.7067773456196421,0.7523080700790443,0.509332435160466,0.874152146196252,0.011879266175696939
0.5332800777144091,0.7006848015269193,0.7495455395992656,0.5136324827680223,0.8781980450488618,0.011613242066809335
0.530427047396373,0.7041674710853572,0.7497425074846247,0.49573662399008667,0.871976200594986,0.011359631190885004
0.5133999310577253,0.6997862245782984,0.7534442376811626,0.5027818196395131,0.8708882277942394,0.011375759535051821
0.5254402948417956,0.7078099993030655,0.7578223740555379,0.5100485538306292,0.874152146196252,0.010858590586797355
0.5218580409719125,0.703900193700564,0.7603456169964227,0.504530937704466,0.8664003399915146,0.010598407673617267
0.5190057302998783,0.701291499198883,0.7558810706181771,0.49448351559071035,0.873353166170773,0.010343300787190406
0.5175876074648045,0.70295579215249,0.7639221589291569,0.490587749017918,0.864377390565096,0.010100665822517806
0.5132897979979925,0.703904145021859,0.7628600285870144,0.46943024250071796,0.8620994475137422,0.009833140166449275
0.5104370045373576,0.7032098388686934,0.7626919451932155,0.488777438823059,0.8566765830853456,0.009578023314001299
0.4934099870718134,0.699435933687746,0.7664113602240497,0.476149066887525,0.8549086272842032,0.009592645681644474
0.5054505273255994,0.7045983260200515,0.7666592577761366,0.464821811972429,0.8608584785380344,0.009073969649530684
0.5018683735803764,0.7013397732599534,0.7685006939139424,0.47319294299478587,0.8534806629834293,0.008849477272625278
0.4990162099664386,0.6992578560402418,0.7671158540798868,0.46944755578341657,0.8615384615383164,0.00870112861902525
0.49759818506579867,0.6980031059173307,0.768565346480875,0.4822046654770007,0.8526306842328495,0.008565089108834655
0.4933006343586581,0.7055119394447318,0.7718372621627724,0.4813231573058263,0.8486697832554455,0.008404375945041242
0.49044796699251814,0.7016609745588904,0.7735168344792913,0.4813758516318385,0.8472588185294398,0.008256023969434173
0.4734210746828009,0.6955756715753281,0.7744923113467534,0.469193932075624,0.8405099872502433,0.00830314442458904
0.48546173070572607,0.6962885185438012,0.7716420207067939,0.4710197289224385,0.8393030174244132,0.007965381573727715
0.48187982101436466,0.6975041487979634,0.7792180576368004,0.45460078051931685,0.838079048023701,0.007810917105171741
0.4790277387517148,0.6976666714702338,0.781942761606176,0.4600810301339673,0.8368210794729976,0.0076625684515717165
0.47760992035818806,0.6957428964987324,0.7789010586420693,0.45720222037291314,0.8339991500213273,0.007526523404702724
0.4733124916779783,0.6964442113303941,0.7829913239840836,0.4651547352801062,0.8386400339991269,0.007365810240909309
0.4704599432098746,0.6985702724970624,0.7837600720000732,0.46268691743633017,0.8160475988099734,0.0072174582653022476
0.45343321266406145,0.6956083906611648,0.7843907942004544,0.43456804173708297,0.8265873353166171,0.007264576505785749
0.46547409177724797,0.6976197741138679,0.7850200998433949,0.45462861678347255,0.8226094347639901,0.006926813654924427
0.4618922665660694,0.7018935124989948,0.790899964174377,0.46815144214284143,0.8291712707182342,0.006772349186368455
0.45904037829495037,0.6968766754004575,0.7918758173149092,0.4644191590215885,0.8210114747130319,0.006624002747439785
0.4576226694127725,0.6965530246399032,0.7921227852511756,0.4459572432600005,0.8192945176369903,0.006487956593235116
0.4533253877906587,0.694234510883101,0.7931019584482091,0.45649285229462766,0.809570760730935,0.006327242322106022
0.4504730207985026,0.6988435036827209,0.7976839241580458,0.4494315743527859,0.7994900127496294,0.0061788936685059975
0.43344645451971253,0.6952944483506702,0.798223765345135,0.4470627916627967,0.8057798555034879,0.006226009694318143
0.4454874009041552,0.6897745061393699,0.7958352281633576,0.4389687128729858,0.8000339991499459,0.005888246843456817
0.44190578532898606,0.7014938747904593,0.8010174600886046,0.4362344054874847,0.797960050998654,0.005733782374900845
0.43905401908479735,0.6962943829482571,0.7974753360749327,0.4411903723693984,0.8031279218018881,0.005586661756568997
0.43763643222955073,0.6992967434783264,0.8063674876694207,0.42224126242103943,0.7896982575434777,0.005459053500239446
0.43333933834117655,0.694789626826847,0.8028736594109855,0.446589773718969,0.7901402464937064,0.005306749443593496
0.4304870746025773,0.6960052570810091,0.8062705198858768,0.44244622071489004,0.7852103697407529,0.005164148637303234
0.4134607082602204,0.6859854393273901,0.8003418507243278,0.44425545875692163,0.7890012749680864,0.005223549777340572
0.4255018051445436,0.6913826223893165,0.8067200112687143,0.44165219227258157,0.7971100722481879,0.004881466102659206
0.421920314725202,0.6909072122841824,0.8085548515609378,0.4036618466514106,0.7863663408413686,0.004730961466491874
0.4190687456014399,0.6937013506975012,0.8125488131307084,0.4236328770820066,0.7699447513812174,0.004586574859951846
0.4176513549279508,0.6893906379574508,0.8075891356595892,0.4280163143539384,0.7677688057797241,0.00445454390491977
0.41335432768505465,0.6929753982154117,0.8143377481083756,0.42864340463004025,0.7634169145770784,0.004297782822165243
0.4105022172623425,0.6926531420388439,0.814076127656084,0.42585104215438885,0.7501912452187298,0.004153391786282498
0.39347597670159074,0.6860200893756694,0.814558465464573,0.409658556254092,0.7716107097321583,0.004212796691261148
0.4055172262760234,0.6885563191478992,0.8161083342404465,0.40408840463937223,0.7555121121971524,0.003870708919437767
0.40193590168815074,0.6906597630229918,0.8182983320434545,0.4001178653341899,0.7576710582234227,0.0037202079374781772
0.39908448588027623,0.6900213117464129,0.8214934658853348,0.4195459893403388,0.7415724606884169,0.0035758209987374447
0.3976672109759267,0.6897079058143747,0.8248435135635594,0.40864922364023926,0.7439524011899721,0.0034437889363696907
0.3933703589511879,0.6896028113954962,0.8261669987534737,0.4089819881104606,0.7364555886102835,0.0032870278536151617
0.3905183799420935,0.6962490947272604,0.8307244845800419,0.40776422104503385,0.7408414789629205,0.0031426346030610603
0.37349231147060324,0.6838089943443898,0.8254706943703396,0.4173894532008666,0.7254568635783016,0.0032020409475760894
0.38553369245865365,0.6903500938608661,0.8331482143607316,0.4260060278020348,0.7378665533361755,0.0028599525113513014
0.3819525055421904,0.6914381554388294,0.8326037472282506,0.41450603715359,0.7336676583084909,0.002857031692030409
0.379101224276829,0.6853339898128858,0.8301028150670537,0.3862447239657172,0.7261198470037016,0.0029043614336286315
0.3776841245906368,0.6863441513597068,0.8330387188973234,0.3798463938556591,0.7202379940500805,0.0029735101174488228
0.3733873664327674,0.6869183444972167,0.8372590640530533,0.3937986759865604,0.7048363790904659,0.003012265426682685
0.37053558454410007,0.6913564113620834,0.8399839008246888,0.3960210502515251,0.707420314492083,0.0030664348485703137
0.35350969348099426,0.6846707042137785,0.8320651233952119,0.37642070673375927,0.7090012749681591,0.0031776275178578743
0.36555119430574745,0.6823772393308871,0.8395627848580811,0.38762720547296703,0.7149171270717716,0.003182035378262299
0.36197016070517174,0.6873311949950598,0.8423015880007314,0.37967818498980477,0.7084912877177203,0.0032285056059063654
0.3591189698648951,0.6821418228264005,0.8412584483817755,0.3819960205657975,0.6855928601784171,0.0032826810074066603
0.3577020935818531,0.6849534292981141,0.8494669560752541,0.3838905543216755,0.6898427539310887,0.003351826369219814
0.3534054511931237,0.6859080756747042,0.8469559752097136,0.38331572156858185,0.6928346791330569,0.0033905776920452315
0.35055381479810466,0.6901670994108455,0.8500570629177711,0.38184842085985315,0.6854908627284431,0.003444742352389437
0.3335281061496156,0.6783636444970842,0.8416854961826654,0.3802382458594946,0.6713982150446327,0.003555929374265036
0.34556969208033106,0.683774254899701,0.8523204118357446,0.38040566053806923,0.6971865703357025,0.003560334466330262
0.34198883463658136,0.6885688882830594,0.8571621387662325,0.3718053270667723,0.6822949426264131,0.0036068009290330183
0.3391378484260814,0.7395661248970109,0.8471986049388185,0.3863206085602986,0.7365915852102489,0.0036609717904570295
0.3377210753965958,0.7411871499884732,0.8054141887793864,0.3483063976113707,0.7293157671057315,0.0037301138302631457
0.33342456817615806,0.7368124830571455,0.7666112276254198,0.3552538685160218,0.7501402464937428,0.0037688622740157983
0.33057308447124756,0.7233205624006784,0.7213075737084637,0.35575599342365294,0.7521121971949469,0.003823023723086536
0.31354749002744997,0.6914273921111388,0.6559876532853486,0.6216575188866669,0.9138971525711668,0.003934207422955096
0.5232294412596259,0.7188368854877409,0.6864220578887708,0.576753137645323,0.9432044198894118,0.09918731943529727
0.635034890404699,0.7250690310133666,0.6899650893845531,0.5730876853836622,0.9452443688907124,0.02236155154305021
0.6321840409269393,0.7225150113556683,0.6899017648402208,0.5838458654034431,0.9485252868678344,0.022037455429140953
0.6307674471831755,0.7005713217248402,0.6664474912922664,0.7279062757353909,0.9347046323841823,0.021696260945009937
0.6247593680160048,0.7238469999762921,0.6897895026630615,0.5811637758315866,0.9433574160646003,0.1061974740525073
0.6349310924200129,0.7197495334311999,0.688678545356642,0.5956649605008972,0.9468083297916792,0.02235350121266279
0.6179057057348869,0.7205521165154181,0.6858844522063922,0.5732101887715659,0.9406714832128955,0.02212810082050048
0.6299474803380112,0.6955496750994776,0.6646794062694263,0.7363250579945335,0.936472588185211,0.02168242589303464
0.6246550321741542,0.7202869667651683,0.6823042360777967,0.5784872058613244,0.9466553336166044,0.10619608988290835
0.6348274624570229,0.7229491560782282,0.6904275068540352,0.5833164601627521,0.9454483637908879,0.02234545420428241
0.6334110354833982,0.7235236710428117,0.6882290761075144,0.569565981019639,0.9442753931151628,0.022019934056689762
0.629114690339756,0.6981071275792965,0.6666506566164276,0.7299536905426234,0.9363365915851318,0.021668683857256392
0.6245515373794577,0.720564149272122,0.6902715748670305,0.5799378683465422,0.9433064173394996,0.10619470571330941
0.6205495036711195,0.7241030849306296,0.687424050940822,0.5939735004324549,0.9412324691882077,0.02246359916989794
0.6325914128167569,0.725400566537229,0.6905275069558503,0.5735326685165143,0.9450913727156376,0.02201257802577317
0.629010854808322,0.6933059861373345,0.6565441168886537,0.7500810964486051,0.9406714832128955,0.02165406370428458
0.6244483069764444,0.7281777553913276,0.6934168414602635,0.5733217720843728,0.9524351891202514,0.10619333261706727
0.6360552411147347,0.7220252084286225,0.6879694476891233,0.586582833316331,0.937645558860936,0.022327950549202086
0.6317590514772071,0.7212612267139786,0.6839203289140134,0.5838750517859745,0.9482702932425582,0.022005434603306975
0.628907858759594,0.6938686650173149,0.6586043004824661,0.7389450024117483,0.9425584360390076,0.021639449087991154
0.6101707389896083,0.7228081779406208,0.688652825985613,0.60335571128068,0.9427624309391831,0.10572510679849555
0.6352359501110341,0.7184556813188216,0.6884679873733381,0.5891291168633479,0.9374415639608742,0.02232060891364932
0.6316555391606946,0.7244715054130062,0.6959044712617458,0.5847158975684248,0.9421164470887788,0.021997410848975853
0.6288050933104756,0.6895111621965899,0.6525963262379593,0.7396366998230592,0.9412664683383127,0.021624851081732926
0.6256768105992805,0.7213226062886655,0.6862276132463525,0.5782134892153539,0.9505652358690213,0.106224149769018
0.6344039360789031,0.7197657320605811,0.6861224559901056,0.5628151508854573,0.9396685082872409,0.022313472135197198
0.6315529176407773,0.7240707949475581,0.6889541321799486,0.5840660538267577,0.9407564810878739,0.021989395953330167
0.6145279912162036,0.6950724591868739,0.6584761905689412,0.7438702342459351,0.9377475563110238,0.02167392155501877
0.6248578487554033,0.7212552550338314,0.6889716842119847,0.5831803364630004,0.9482362940925668,0.10620625522444294
0.6343008671269064,0.7247304689317262,0.691365245745934,0.5881554035489929,0.9471143221419425,0.02230546277622991
0.6314505245302438,0.7235399769478843,0.6890648228636974,0.5918241516878644,0.9471143221419425,0.02197527963809237
0.6300345534367162,0.6972505133052431,0.6638900960368397,0.7391322320629528,0.9439864003398952,0.02159441153124878
0.6240261291523543,0.7239260800400382,0.6864080693840457,0.5975913411666938,0.9370845728856239,0.10618790667223944
0.6341985763312601,0.724416186914876,0.6872416027692281,0.5766042672397311,0.9427964300891745,0.022297446773248547
0.6171738288795181,0.7209388632617195,0.6891695817131642,0.5787760914843387,0.939005524861841,0.022009510705941922
0.6292159601767477,0.6969114148451463,0.6630059207231596,0.7575646437670973,0.9366255843602858,0.02158063959740719
0.6239234172073522,0.7222150148850386,0.6891202456735568,0.59181235800676,0.9427964300891745,0.10618653911267568
0.6340965273992492,0.7250515629549719,0.6889996612214346,0.5927390554341532,0.938291542711454,0.022289447380302366
0.6326807427879024,0.7220356499292392,0.6896747393766713,0.5865042484849985,0.9354016149595736,0.02194487552234995
0.6112930450776752,0.6984727588937001,0.6705045339355591,0.7476647419405578,0.9407224819378825,0.02162701481564998
0.6215979299619292,0.7286439934248583,0.6950328236279302,0.5682304359806232,0.942354441138832,0.10613400157137841
0.629571258794734,0.7228047629977821,0.6888738089463304,0.5761418516960883,0.9330726731831192,0.022287377769918033
0.6267091912873579,0.720745320035391,0.6906817346471844,0.5869688877530246,0.9455163620908706,0.021938705447945725
0.623847090300798,0.6928980345627259,0.6579575977434593,0.7312502012768389,0.9342456438588442,0.021559530457355557
0.6192724546063095,0.7245651749707647,0.6883575622941094,0.5765696009649692,0.936880577985562,0.10608042867122117
0.6294338930787182,0.7246545892594363,0.6902325310025769,0.5894243956939644,0.9386485337865906,0.02227979252051586
0.6265718368353661,0.7316330338899285,0.6954213366396964,0.5814799020782968,0.9324776880577019,0.02192545506920902
0.6237098944838171,0.6968145448959318,0.6665073851115474,0.7396492479820793,0.9277518062048102,0.021546290044639958
0.619135200904759,0.7214831086020836,0.6895011225553704,0.5811494804605508,0.9425074373140205,0.10607276590832142
0.6292967201026749,0.7106747787590841,0.6197216579724716,0.5812082900286175,0.9219889502761589,0.022272220559141832
0.6264347714933343,0.6864671429397451,0.570669682399411,0.5798983575293739,0.9294857628559612,0.021912214656493425
0.6235728050492884,0.6234826166357635,0.4698344225848481,0.7224051389952824,0.9189970250744182,0.021533052953931403
0.6189980579661145,0.6632031577386412,0.5179379775375601,0.5823486238342672,0.9411304717381199,0.10606510314542171
0.6291596672762263,0.6112683315830112,0.46788690842845915,0.2154579659108613,0.8109307267317263,0.02226379151995214
0.629833907683278,0.6043522320084274,0.45848353453392177,0.20939514021713945,0.8106247343815767,0.5748010712645295
0.6253832851425676,0.592049623303198,0.4228567386323589,0.3655078190318801,0.7985210369739661,0.5743229790850565
0.6192197208246037,0.6706795046108702,0.5227066189576022,0.5746448086737324,0.9427964300891745,0.9195143027631041
0.6288805603965018,0.6063945287394974,0.4619330378246954,0.1963140815321398,0.8146876328090684,0.022254215280998857
0.6295548852837354,0.6066871589459935,0.46329268064327817,0.19711081021119936,0.8164555886102107,0.574781172442375
0.6251043440943129,0.586396355286934,0.41766921675041985,0.3521323154129079,0.8026179345515629,0.5743031245563294
0.6189406899770447,0.6685861804093205,0.5180870480744624,0.5868255766583912,0.9398215044623157,0.9194881032009354
0.6286016202869162,0.6112938095596873,0.46487936884574954,0.20796353822663627,0.808448788780197,0.022244645686059644
0.6292761350981171,0.6150420400918581,0.4692213498048271,0.2111597449340481,0.7985720356990669,0.574761362207075
0.6248256314554417,0.5876626017880927,0.4170178969195054,0.373130905055427,0.8016659583510091,0.5742832478808886
0.6186619591905775,0.6657959754380147,0.5126443997707478,0.5758739723266237,0.9435104122396751,0.9194619257854804
0.6283230005762466,0.6116112740887119,0.46461116361473054,0.20387077349909832,0.8009519762006221,0.022235088271812902
0.6289976571264204,0.6081857288358739,0.46496182798238345,0.19509976918138006,0.8132086697831937,0.574741507678348
0.6245472379639283,0.5910161114142444,0.41830998765514454,0.35414585813265864,0.801257968550658,0.5742634265722317
0.6183835218945255,0.6738665402434565,0.522506353149452,0.591914093397298,0.9381385465362655,0.9194357926634524
0.6280447175347494,0.6116965403839876,0.4653630125431292,0.20779727511961754,0.8144496387590152,0.022223525472651218
0.6287194451108546,0.6102258800531186,0.46605180253171563,0.21457443256212327,0.8043518912027139,0.574721642076264
0.6242691354597119,0.5962639845932083,0.42775003710716475,0.3695943096799079,0.8061708457288432,0.5742435609701478
0.6181053449225917,0.6677603721379427,0.5160127653073749,0.5764781105903405,0.944785380365488,0.9194097702749924
0.6277666400616977,0.6054682210246838,0.46058157562533153,0.21828146052787978,0.8162515937101489,0.02221010234954856
0.6284414927936295,0.608950246928974,0.4662714574698327,0.21805607017788242,0.8066808329791684,0.574701887207748
0.6239912551070868,0.5918886918870149,0.4198933890016798,0.3500854565367708,0.7976540586485044,0.5742237839549181
0.6178274971104813,0.66058103589627,0.5080115176744093,0.5631649903821936,0.9414874628133703,0.9193836814463917
0.6274889443139173,0.6086655014857862,0.4595902753685849,0.21120862716111777,0.8002379940501214,0.022196694729145417
0.6281638752682399,0.6051874090235091,0.4627880541888112,0.19958200335091436,0.810981725456827,0.5746824423932221
0.6237137377063582,0.5875276847270419,0.41728570595711534,0.3609390581582155,0.7996260093497085,0.574206642398605
0.6175499108740481,0.6696873475009002,0.5196844379257225,0.5834999968431054,0.9400254993623776,0.9193576147645044
0.6272114613310413,0.614864820649884,0.4704576503110206,0.22123345464676403,0.8076838079047093,0.022183318114141287
0.6278864892811296,0.610670484155577,0.46681052397707173,0.21003771714519703,0.8153846153845734,0.5746686006972328
0.6234364549728046,0.5813861156434097,0.41293818935716486,0.3724826099789553,0.799082022949392,0.5741928339226859
0.6172726049866673,0.6637946222624451,0.5111128488532768,0.5990128569787443,0.9428984275392622,0.9193369629540883
0.6269343193977921,0.6124139465693396,0.4664425731819027,0.21856093503162888,0.8191415214619155,0.022169930425780363
0.6276094161835859,0.6117813596972166,0.465510898926546,0.20649175035977696,0.8039099022523715,0.5746547036344594
0.623159472613235,0.5935168508119465,0.420783894556422,0.37491576154796946,0.8077348066296963,0.5741789811533398
0.6169956026021648,0.6648737263201874,0.5146440166804951,0.596424203540352,0.9431364215893154,0.9193167540779439
0.6266573777138658,0.6087991491178237,0.46343436958789286,0.21155997561368545,0.8089587760305221,0.02215656156212599
0.6273326121710685,0.6071219652019828,0.4626867393446217,0.1994197508896587,0.8151296217594108,0.574640806571686
0.6228827217919437,0.5909381041074111,0.42244393166048816,0.3527931586483999,0.8114917127070385,0.574165161604064
0.6167188642964567,0.6655484189011329,0.5201589736014338,0.5903252423254011,0.9393965150870827,0.9192968220357192
0.6263807895951494,0.6094674409158569,0.4635039026378822,0.21311964030305086,0.8081597960050431,0.022143202664492722
0.6270560960169518,0.6152873617185051,0.4715477576626129,0.2163673103461914,0.818189545261248,0.5746270756092646
0.6226062807313233,0.5888912302801801,0.42208046515496667,0.3396820399748608,0.8032299192519758,0.5741513088347179
0.6164424032109039,0.6643562462647945,0.5150219940462976,0.5936761964242749,0.9446663833404045,0.9192767349664994
0.6261044236280244,0.6087445815495323,0.4627053405145122,0.22500028491468682,0.8087037824053596,0.022129859269558964
0.6267798583345492,0.6142674023252149,0.4670103913784418,0.210863989591064,0.7982660433489173,0.5746132671333456
0.6223301463024775,0.5849871818064433,0.4171653871095132,0.36178014219684984,0.8041478963025384,0.5741375225055124
0.6161662374931014,0.6674652745905475,0.511135943166299,0.5748495898638195,0.9463663408414504,0.9192567364841339
0.6258284143550052,0.6015013089958641,0.4577378852576963,0.19998425920811513,0.8025499362515802,0.02211652141130361
0.6265038991238612,0.6124527446110146,0.46923890183686323,0.1989263223327411,0.8087037824053596,0.5745993922172858
0.622054315376511,0.5823712461956017,0.41362289124951296,0.36501311977531503,0.8025499362515802,0.5741237693963774
0.615890308632701,0.6633256129402232,0.5126841098598728,0.5943275491217737,0.9388015299616654,0.9192366937083414
0.6255526147179955,0.6139091193956632,0.4693870560381712,0.21611610890960198,0.8154696132596655,0.022103196841076398
0.6262282246426776,0.6088888673542872,0.4605809160407732,0.21759786382682234,0.8159456013598856,0.5745857166216484
0.6217786846998665,0.5927566952636245,0.4237885324097497,0.3619070533241564,0.8003399915000955,0.5741099166270313
0.6156146914103084,0.6633841139505279,0.51066588071338,0.5596213267398849,0.9463663408414504,0.9192167616661167
0.6252770966815948,0.6144271537087942,0.4621891159960012,0.21330599634824754,0.8114917127070385,0.022089887773548696
0.6259527973442509,0.6146513599035435,0.46910354534668175,0.2290638632596933,0.7986740331491546,0.5745718638523022
0.6215033669127887,0.5878319364667586,0.42070711271640515,0.3684864184246368,0.7904122396939783,0.5740962188846802
0.6153393611076465,0.6721409928701357,0.5191841629586431,0.5909557476068059,0.9294857628559612,0.9191968296238919
0.6250018602458045,0.6186212756517186,0.46991608269455076,0.20552204769118454,0.8054058648532418,0.022076582028028032
0.6256776735487048,0.6088771564246571,0.46408278768942524,0.20884730983155797,0.8105397365064846,0.5745581328898807
0.6212282963084688,0.5861181000230679,0.4186481243429331,0.37588486857610204,0.8015639609009213,0.5740824547021882
0.6150642398152164,0.6691526854556226,0.5176200267932985,0.5724950231261381,0.9412324691882077,0.9191766761145314
0.6247268991528321,0.6126126032702852,0.46424836112050927,0.2243610435732044,0.8021589460262248,0.022063291785206877
0.6254028313537674,0.6158319288859431,0.4662386110441812,0.21493451707476852,0.8169995750106409,0.574544413000816
0.6209535166914439,0.5867762721475582,0.4160177542456107,0.3598187378720159,0.8028899277517212,0.5740687237397668
0.614789499935168,0.6653781366205276,0.5104272350520763,0.6038049830248426,0.9362175945600484,0.9191567440723065
0.6244522353049473,0.6116870464853104,0.4672964031791621,0.21281773000864845,0.809519762005948,0.022050009293735472
0.6251282363415873,0.6074401806608462,0.45971111435837225,0.20804954870903458,0.8011559711006839,0.5745306820383946
0.6206790437061951,0.5861277905938458,0.41385706147465307,0.3625318404571469,0.8034849128771384,0.5740550038507022
0.6145149637462257,0.6656728944615671,0.5182250517563607,0.581769859854139,0.9469103272417669,0.91913692276365
0.6241778687021502,0.6214206169360639,0.47673105200594046,0.2244829513206481,0.8092647683807854,0.022036743412299255
0.6248539135433293,0.6116613718365338,0.4621618029978516,0.20992923116278117,0.8077348066296963,0.5745169510759731
0.6204048366770767,0.5930839755184,0.42464289361604923,0.3805257813641334,0.8028899277517212,0.5740412950349943
0.6142406994583172,0.6679132936358446,0.5209712475581537,0.5780807011021771,0.9410284742881458,0.9191169907214252
0.6239037492821113,0.6097708344500435,0.46225678760097894,0.2042693363854482,0.8118997025073895,0.022023485282212797
0.6245799224080129,0.6103688964288602,0.4608117883431222,0.22237724316708074,0.8089587760305221,0.5745032754803356
0.6201308799596115,0.5903349107746954,0.4151104934723926,0.3814064953480283,0.796549086272762,0.5740276305127137
0.6139668413010662,0.6586375400768574,0.5062867040546345,0.5849123000827108,0.9396685082872409,0.9190972801463364
0.6236299145915769,0.6085111854038978,0.45853353458482937,0.20838648266247484,0.797620059498513,0.02201023711814745
0.624306206615513,0.6109326480657531,0.4614825061574874,0.21551240744888922,0.8137696557585059,0.5744896552514821
0.6198572330028171,0.5899434975358238,0.4246641331241727,0.36041676089367813,0.7989800254993042,0.5740139438437193
0.6136931208152228,0.6707213778890282,0.5179481369104537,0.5788641668536649,0.9514152146196011,0.9190773481041117
0.6233563302126952,0.604372489234795,0.46179886770137035,0.2220328835625749,0.8045898852527671,0.02199700445678161
0.624032716103502,0.6144719055513346,0.47000579062121217,0.20490544068717553,0.7861113472163197,0.5744759796558445
0.6195838551310495,0.5911905595675273,0.4249389452676291,0.3668615906689665,0.7988100297492338,0.574000257174725
0.6134196518925918,0.6641962803298327,0.5129037758648448,0.5893245663528981,0.9428984275392622,0.9190575821622389
0.623083048398025,0.6069097738846556,0.4582177086767286,0.2116420548690492,0.8074798130046474,0.021983769580744404
0.6237595197076828,0.6123079224278034,0.4700133160826148,0.22801263726683318,0.8091117722055969,0.5744623040602072
0.6193107150553518,0.5931792363322456,0.4243324683331904,0.387677398109048,0.8007989800254336,0.5739866480192283
0.6131465205778026,0.6709023341009148,0.5195201836637549,0.5850697080015601,0.9470463238418461,0.9190377054867981
0.6228100522515274,0.6116935545439139,0.46223330373466065,0.21425159543289918,0.80839779005521,0.02197055906609215
0.6234865423345597,0.6072762634045893,0.4609393581941229,0.22262209110543196,0.8079898002548589,0.574448606317856
0.619037847193578,0.5867983351813955,0.4189019537293021,0.37170724493772145,0.7966000849978627,0.5739730499370883
0.6128736899498857,0.6672534229795759,0.5153807018041674,0.5805808423682397,0.9464003399914418,0.9190178841781413
0.6225373064166839,0.606218256899463,0.4593896133670255,0.20203346093672736,0.8043008924776132,0.021957355195453963
0.6232139247844377,0.608684149576785,0.4593575504747083,0.22047075689264228,0.7974500637483288,0.5744350857492135
0.6187652922213696,0.5896378512121205,0.42006857731639125,0.37906852712449357,0.8016149596259083,0.5739594629283051
0.6126011002469354,0.6682284159789431,0.5149387491629583,0.5667852136782718,0.9428984275392622,0.9189981071629116
0.6222648077645974,0.6177033890786696,0.46594679135795486,0.2154791707112309,0.8121886952825434,0.02194416682751529
0.6229415199992214,0.6065311443323267,0.46304241478422037,0.22476766746044374,0.8132086697831937,0.5744213990802193
0.6184930032052915,0.5807672779390509,0.41595456250353857,0.35209137505863586,0.8150786230343101,0.5739457651859541
0.6123288074761835,0.6615581744094625,0.5102499219012042,0.5878158487775296,0.9431364215893154,0.9189785073213907
0.6219926157442859,0.6057646952767837,0.4571364326754294,0.21759290015632393,0.8094177645558602,0.021930986210926377
0.6226694406191529,0.6123276253964329,0.46853836991511766,0.20217006114884684,0.8039439014023628,0.5744078895849336
0.6182209801453462,0.5856899091013734,0.4127884525955914,0.3552583556741524,0.8036379090522132,0.5739321560304573
0.6120567884838017,0.6630313735983582,0.5075607204026812,0.5837839187956213,0.9417424564385328,0.9189587524528747
0.6217207594544791,0.6097566561795142,0.465890193248094,0.2226070809658447,0.8049978750530045,0.021918448956367038
0.6223975927773648,0.6102333357136618,0.467729648418854,0.21569169522729603,0.8088057798554473,0.5743942361360098
0.6179492637171742,0.5953897949850688,0.42227083719474345,0.37638131504468286,0.814925626859349,0.5739185579483174
0.6117850004039203,0.6677489651561046,0.51835394520322,0.5712104252011192,0.9450913727156376,0.9189390418777859
0.6214490680574727,0.6079806892312978,0.4598886931137645,0.21868601952819167,0.8049978750530045,0.021912735104262622
0.6221260578251417,0.6101881547683562,0.46928072348192296,0.21249572677606787,0.8183595410114322,0.5743806934206538
0.6176777537961176,0.5849900603708256,0.4152647211637267,0.37825142754170815,0.797246068848267,0.5739050373796749
0.611513526465163,0.6652110189728144,0.51196325919234,0.5985486545137217,0.9334466638333652,0.918919331302697
0.6211776645188678,0.6027202469171737,0.45628074344652936,0.23664755759416378,0.8133616659582685,0.02190702235949389
0.621854760668989,0.6095217939327658,0.466052599345276,0.20756295016272297,0.8158096047598065,0.5743671174852274
0.6174066005691654,0.5862649604444131,0.41655404297224374,0.36074571326495675,0.79694007649789,0.5738915278843892
0.6112423003349421,0.6675229352746037,0.5152858500033001,0.603527096895653,0.9372375690606987,0.918899731461176
0.6209066051587859,0.6100127590131338,0.45904581930295896,0.22098896409268853,0.807785805354797,0.02190131736607491
0.6215837357267593,0.6086493028564048,0.4628165624073012,0.21223432003293352,0.8177645558860149,0.5743535636965146
0.6171356820093874,0.5791430524561324,0.41051257599775326,0.38212229634327977,0.8003399915000955,0.5738779630223197
0.6109713066816682,0.6581564801186497,0.5027005118243368,0.59274957841561,0.9329366765829263,0.9188801316196551
0.6206357773369828,0.6086772302946981,0.46448239854338935,0.232386226616496,0.7972800679982583,0.021895610157984573
0.6213130236740954,0.6096522232940653,0.464649676270144,0.20867457409820944,0.8134636634083563,0.574339998834445
0.6168650200190551,0.588724881441588,0.4198020874478977,0.36218910893656475,0.793251168720758,0.5738644092336069
0.6107006559553598,0.6656053286553504,0.5097966235202452,0.5987935024520732,0.9348066298342701,0.9188604874847071
0.6203651591511887,0.6087181559709167,0.46105770714153443,0.22689771745413578,0.7949681257967995,0.021889908486572632
0.6210425431597111,0.6158032683970927,0.47044036388350463,0.21946209933797745,0.7955291117721117,0.5743265668526569
0.6165945864381053,0.5841431724261138,0.4149271156849783,0.3653846405847887,0.8016999575010004,0.5738508886649645
0.6104302458411275,0.6695639446973787,0.5221018595990602,0.5969089754559203,0.9382065448363619,0.9188409319366132
0.6200948914017084,0.6169873595980222,0.46592541904757134,0.21799737973790778,0.8099107522311897,0.02188421567384612
0.6207723004413963,0.6043860238511767,0.45604618366809313,0.21371170692011532,0.8000339991499459,0.5743130352106577
0.6163244907778869,0.588465917922868,0.41734086316245467,0.36932226082722486,0.7984190395238784,0.573837368096322
0.6101601132599406,0.6634179057932771,0.5089590175324215,0.5920792843514888,0.9357076073097232,0.9188213320950923
0.6198248417362571,0.601543504101096,0.4546156908437755,0.22180697699084595,0.7964300892476786,0.021878527290462323
0.6205023987727092,0.6119393052733262,0.4623009797663804,0.2120161170778181,0.8146196345090857,0.5742995810821561
0.6160546391715296,0.5869220598119909,0.41580667390675075,0.3844546655464922,0.8080917977049467,0.5738238918211067
0.6098901865600883,0.6631524342159536,0.512978698473221,0.5876659062191101,0.9397705057373287,0.9188017322535713
0.6195550996412482,0.6061496183363335,0.4579301032488877,0.21451526560978063,0.8058648533785799,0.02187284333642125
0.6202327661890483,0.6083470714755403,0.4597372409896654,0.2197451476844854,0.8039439014023628,0.5742860605135136
0.6157850629079915,0.6039893719827147,0.4552402377390645,0.36465065270083064,0.8289672758180586,0.5738105262794595
0.6096206049774264,0.6310493253986034,0.5070436990706099,0.5895918103725386,0.94046748831272,0.9187823538791862
0.619285607857893,0.6241553961335481,0.5022999890615205,0.22799278258483913,0.8257203569910416,0.021867162704387214
0.619963330725815,0.6812225595486469,0.5721847348494422,0.21675106163977365,0.8362090947726983,0.5742726174583688
0.6155157369561062,0.6658917905095985,0.5980952304643781,0.7563687565612276,0.9296387590309223,0.5737969835641035
0.5946647831490752,0.6671895760639899,0.6017291651071623,0.7943348000516381,0.928975775605636,0.10529750912599183
0.5869579573784898,0.675959453221523,0.5950368829503456,0.6398382129324902,0.9442753931151628,0.10413688845396127
0.593481675108948,0.5651540877634589,0.4924669246011184,0.5865701660292189,0.9383765405864324,0.0215009114285084
0.6206898321384369,0.3756248531887467,0.3790660123292732,0.7468101964275313,0.9239609009774767,0.0215694222869774
0.6142911713613493,0.3754492285787162,0.38066853720125515,0.7782760949986176,0.932528686782689,0.10590073023720871
0.6014469748825952,0.5730416759981618,0.5223236393733379,0.8252888449209164,0.9263068423289269,0.1046259543300146
0.5711468046746453,0.6693129732176581,0.6149989218669855,0.8130186911579198,0.9253718657033687,0.10474024244545965
0.5711508068450861,0.6949142096629723,0.6709789257421555,0.7869897192853728,0.9306927326815639,0.10474904576410891
0.57141174547926,0.7050522094698046,0.6956340194591609,0.814114788732087,0.9252868678282766,0.10474040854581154
0.5713308741646466,0.7167281135866487,0.7042782735015622,0.65249422258536,0.937594560135949,0.10473453966671205
0.5626752983936822,0.7107086778775247,0.6993273167121861,0.6270490974915319,0.9405864853378034,0.02117000630750805
0.5888920357339824,0.7146186801521269,0.6997905088615185,0.578087689950239,0.933684657883532,0.021173657193242205
0.6179990851227983,0.7077521240676268,0.6994988086973262,0.5992014764576881,0.9284657883551972,0.021235878385053635
0.616586595238585,0.7125249268478122,0.7030687547844781,0.5995998805065819,0.9351466213344111,0.020920513612974475
0.6122935689145703,0.7102441383757724,0.7005859058643573,0.5925119575815043,0.928567785805285,0.020580486260649285
0.6094460057159248,0.7045435617796594,0.6988217606418987,0.5934995294638914,0.9221929451763344,0.02025264181546611
0.5924246618768838,0.7061027603143879,0.7022558278833129,0.5933402154955707,0.9255248618783298,0.01991446703573214
0.6044699195666587,0.7100690465683419,0.7066961157153899,0.6075147906460783,0.9226349341265632,0.019603361076674992
0.6008931131041222,0.7089367516470126,0.7047245776301587,0.5905257746135417,0.9184870378239793,0.019266989039426672
0.5980461465858786,0.7133248280397488,0.709590585240525,0.5723517120315045,0.9234509137271516,0.018930701159689978
0.5966337674645716,0.7160838873020232,0.7125588042874058,0.5899282678136109,0.9135571610709121,0.018606894060392974
0.5923409182360522,0.7092007213646584,0.7096115679976123,0.5724337912868682,0.9172970675732586,0.01834330166065679
0.5894934417078161,0.7100853524734145,0.7107460091703501,0.5815982359829817,0.9202549936251216,0.01810513590278524
0.5724721779685038,0.7057968994393022,0.71265619261144,0.5767081072265605,0.910497237569075,0.017937525145046394
0.5845176089990982,0.706774574330951,0.7140939320124141,0.5908239125183652,0.9122481937951079,0.017634936812033267
0.5809409183057013,0.7126287160791136,0.7179480528023556,0.5704918445503884,0.9096132596685038,0.017390662990555528
0.5780941385825291,0.7128444117356889,0.7201157398256757,0.5702319070537214,0.9082872928175902,0.017152508306040766
0.5766818114008898,0.710532727864564,0.7184120417652483,0.566018942081391,0.9097152571184779,0.01692662954486507
0.5723891918333122,0.7111291985872936,0.7224995403935116,0.5667108777488856,0.9065873353164307,0.016676194507668538
0.5695418404609027,0.7077681081456256,0.7206241954119741,0.5621305614503003,0.9098682532935527,0.01643803539381106
0.5525206843556014,0.7061740628905171,0.7239775188792799,0.5730029853102754,0.9037994050147518,0.016287315934521974
0.5645663175128548,0.7071434060368108,0.7260774103488462,0.5571707030507154,0.897611559710981,0.015933539902404464
0.5609897457174933,0.7064919565223067,0.726541908387069,0.5600539999699004,0.8999915002124226,0.015670087026963847
0.5581430733154424,0.7103971671493656,0.7308461624374385,0.57046627171998,0.901521461963398,0.01541275439582189
0.556730845319795,0.712097576252366,0.7365561062766907,0.5640618660772316,0.889247768805717,0.015167882613077412
0.552438389393461,0.7070963120083443,0.7315552822386671,0.5659487756352239,0.8895537611559803,0.014900467690576798
0.5495911913369387,0.7080341161014054,0.7306647766839248,0.5628585929296606,0.8900127496812047,0.014646855707316785
0.53257012753406,0.706099667198623,0.735005307884997,0.5685352847679606,0.8912367190819168,0.014630013131636917
0.5446159312161272,0.7069234551111485,0.7359988458598252,0.5459397830526551,0.8969995750105682,0.014145802922536664
0.5410395002210704,0.7083253696031968,0.7353513463072583,0.5435785848511874,0.8904717382065428,0.013886079553663423
0.5381929476557232,0.7070893748469758,0.7363144282971159,0.5417359909434061,0.8890607734806508,0.01363247199974613
0.536780847006129,0.7085051457824795,0.736870891900421,0.5591116967624599,0.8781980450488618,0.013391333045576062
0.532488570365516,0.7028726713710395,0.737443977919942,0.5515199017177359,0.8782660433488445,0.01312530561468142
0.5296414912070295,0.7045278995287343,0.7399949322657566,0.5402970824299287,0.8599235019124762,0.012871693631421412
0.5126205800942585,0.7033095873822903,0.7407560220180834,0.5543065460449732,0.8736931576710276,0.012887813116902798
0.5246664845267666,0.7018131630062353,0.7415727780510799,0.5489245373968297,0.8739481512961902,0.012370635309962897
0.5210902287498667,0.7008798287336437,0.744715809139602,0.5459264009969911,0.8693922651932553,0.012110915263096694
0.518243800401677,0.7023421573191576,0.7450584168368121,0.539288305747172,0.8696472588185316,0.0118573077091794
0.5168318937436145,0.705024603858585,0.7498539728482236,0.5403674871322799,0.8622184445388257,0.011616170969680688
0.5125396828098103,0.7013636421012605,0.7455584173458873,0.538657562209583,0.8617424564386056,0.011350144646121725
0.509692756967211,0.7037939550076453,0.7504149295946604,0.5309977847337113,0.8568805779855211,0.011096529340854679
0.49267194691776917,0.7009161594344196,0.7507534646892291,0.52176476196599,0.8664003399915146,0.011112646611664705
0.5047180225008705,0.7027316753541502,0.7557029606537448,0.529057188115607,0.8584785380364792,0.010595258410945763
0.5011418324307799,0.7003210832956765,0.7537792092484201,0.5350711712916232,0.8541946451338163,0.010334029065548884
0.4982956199763908,0.6978900373387347,0.754905328146195,0.5216971369191181,0.8529366765831128,0.010078916642443623
0.49688377589624144,0.7020418569007358,0.7559596895561248,0.5290977710856029,0.8536846578834911,0.009836273926421273
0.4925917745984463,0.7009390806737872,0.759502477581097,0.5187693655122665,0.8498087547810655,0.009568739411667311
0.48974501364864764,0.7010209320262244,0.7568479596061563,0.5263926897919973,0.8369740756480724,0.00931362366655501
0.47272429214695455,0.6985391446673128,0.764655537276554,0.5345892584502621,0.8416829579259684,0.009328236068177072
0.48477057955629155,0.6982698469236676,0.759964341707829,0.4941293080639355,0.8304802379939247,0.008935243742982473
0.4811945115131313,0.6966868689440414,0.7629332468997201,0.5099164804860046,0.827590310242158,0.008780771523076745
0.4783483772811339,0.6975804575730183,0.7629517064138666,0.5259420679294589,0.8407139821503051,0.008632414010791286
0.4769366436510012,0.6966131347855768,0.7687541248935312,0.5107508536421252,0.826077348066292,0.008496353461222784
0.4726448135037997,0.699932745293288,0.7708385891672223,0.5151091548866522,0.8299192520186125,0.008335632546079618
0.4697981004261047,0.7014922835343721,0.7667373676387541,0.5123876736257196,0.8198555036123025,0.00818726838978008
0.45277759794710715,0.6966651277372778,0.770221944006406,0.49591662653704516,0.8248703782404618,0.008234374449571119
0.4648239604499409,0.6981519866975282,0.7699317046670742,0.49527758374238307,0.8197535061622148,0.00789659720334596
0.4612480488515631,0.6962835123448754,0.7715784305579416,0.5128863041093197,0.8194475138121788,0.007742124983440238
0.4584020616776616,0.6947993352769066,0.7735379500386388,0.5055488078315762,0.8150276243093231,0.007593768578490457
0.45699047197672993,0.6999048357342765,0.7778644927349858,0.49242597489566076,0.8096557586059134,0.007457705814250599
0.4526987450830844,0.6951606934429415,0.7781505045357062,0.49463242570566623,0.8137186570335189,0.007296986006443107
0.44985226354366903,0.6990690150650472,0.7795912983886615,0.5132739072112087,0.7914322141945149,0.0071486207428078955
0.4328318339679398,0.6945461288869514,0.7829017267259721,0.5066392269666926,0.81026774330644,0.00719572790993461
0.4448783832658445,0.7028880117948908,0.7877152331762001,0.4909343720561712,0.8062218444538303,0.006857952878380814
0.4413025717921282,0.6964514703188367,0.7883597004104961,0.49734417817242194,0.7894942626434158,0.006703476229132372
0.4384567066451579,0.695817810689801,0.7859952889726269,0.48946186942076,0.796549086272762,0.006555118716846911
0.437045248357844,0.6952718489383765,0.7837140117495471,0.4656772310914632,0.799031024224405,0.0064190581672784125
0.432753665393399,0.6940062460913655,0.7878093014437331,0.50305450384202,0.7877263068422735,0.006258338359470921
0.42990729023643537,0.6954986297497161,0.7914508722164701,0.48373164935980384,0.7891882702931525,0.006109975310507067
0.4128870396335391,0.6935517368667468,0.7892349115716231,0.47857415745564946,0.7844283892901558,0.006157079155626744
0.4249336414968905,0.6967217335437034,0.7955005222006202,0.47138854949516107,0.7799745006374224,0.005819304124072946
0.4213579989835403,0.6953309042064193,0.7963940600736334,0.4946226572021253,0.7733956651082963,0.005664828582160184
0.41851228402356133,0.6957069770214397,0.7984292989762671,0.46514107525889403,0.7748406289841796,0.005516471069874723
0.41710095402096936,0.6946745378893987,0.7971511878918689,0.47141753733087244,0.7803824904376597,0.005380409412970545
0.4128095055990384,0.6889292988471547,0.7977386608228949,0.47677758670073045,0.7646748831278956,0.005219690712498737
0.4099632994024405,0.6937752100109389,0.8041540281338047,0.4751940169742441,0.7721206969825971,0.005071326223998499
0.39294312514459806,0.687624683407086,0.7991093793499655,0.4851792145146303,0.7587420314491737,0.005118428186647519
0.4049899197479223,0.6889555098743876,0.8016838175620984,0.4638351136960497,0.761172970675716,0.0047806542624294025
0.40141441803487643,0.6930837824221556,0.8061214493489746,0.4588767642522964,0.7480152996174638,0.00462617872051664
0.3985688094573505,0.6915571778182906,0.8063066863680295,0.46330689973627837,0.7422014449639391,0.004477820100895502
0.3971576484151238,0.6925461524160863,0.8110213658030727,0.45798278734082953,0.7465363365914754,0.004341759551327001
0.39286633140681104,0.6947886792249074,0.811820569804033,0.45718041993208347,0.7329536761579902,0.004187507248287156
0.3900201690147522,0.6939115037766943,0.8142657028823004,0.4496605385455421,0.7378665533361755,0.004047580879129173
0.3730001790488644,0.6897392303162249,0.8148863099772079,0.4400325267342302,0.7389715257118041,0.00411141047601457
0.38504710850759105,0.6860768918541956,0.8146283858544876,0.45393890484036103,0.7423374415639046,0.0037737949007985707
0.38147173507926757,0.6893389489535418,0.8134339180602086,0.43992634389492546,0.7312877178070494,0.003627755042089572
0.3786262860754208,0.6892702209940029,0.817735671001347,0.44232955460349266,0.7183680407989641,0.0034878343203435533
0.3772152063844816,0.693266222614438,0.823681493788152,0.4411083725327629,0.7100042498937,0.0034697963757980435
0.37292400514530755,0.6903854590804206,0.8215028505783781,0.4447078278314751,0.7244028899277737,0.003504165306939657
0.37007808993600655,0.6895758494384243,0.8217371358988104,0.4276252565373826,0.7167020824479096,0.003555442368033345
0.35305817068316037,0.6873696712096611,0.8218718416579176,0.4320670665743769,0.7057033574159277,0.0036664913051497527
0.36510522342037666,0.6882068685835951,0.8244465454745704,0.4469963976062086,0.6902507437313261,0.003670756208517998
0.3615299939212533,0.695354987599109,0.834277918919528,0.4362448093408495,0.7031024224394287,0.0037170866903993563
0.35868467320212805,0.6869929547404932,0.8278284878289162,0.4384938285890505,0.7000424989374778,0.0037711184704620664
0.3572737280537024,0.6873824548962038,0.8303888268677742,0.43210220936150656,0.6932426689332942,0.003840121650374016
0.3529826895171029,0.6907471569528112,0.8385163473163342,0.43350939009315703,0.6985635359114895,0.0038787315664332083
0.35013683688571495,0.6873643431836615,0.8308840686291976,0.4204166568551446,0.6928346791330569,0.003932754044876211
0.33311711162440005,0.6863785689773219,0.8346511375376786,0.43571345834132336,0.6838249043772748,0.004043799881452716
0.34516430829081646,0.6835917968281366,0.8377565855866076,0.41333087823572257,0.6808839779005211,0.004048059801810407
0.34158916827811003,0.6866770814675558,0.8410952344041784,0.41751656287499284,0.67246918827027,0.004094386297283319
0.3387439958686387,0.6900851586619989,0.8421245404543793,0.42357144669591684,0.6561835954100843,0.004148412762134768
0.33733322061924786,0.6840808488253438,0.8430603094460873,0.43053619117390296,0.6655843603909943,0.004217414613243907
0.3330422649983831,0.6866387125286457,0.8457872489201737,0.4288503698351471,0.6532766680832083,0.0042560218716974655
0.3301965328294787,0.6862019931894955,0.8462848811222783,0.4056691550010152,0.6679133021674488,0.004310042578403383
0.31317702346196397,0.6801676461592854,0.8453491121305701,0.39589112121255554,0.654738631534201,0.004421084317837875
0.32522429616054493,0.6837100861570411,0.8497517947893438,0.4090523928128116,0.6487037824055051,0.00442421951734625
0.32164928975168294,0.6796370427109941,0.8425587153098915,0.4014778316320584,0.6344751381215019,0.0044681796364728224
0.31880426127141215,0.736763368669827,0.8449744326875586,0.3995992610405039,0.7137611559710422,0.004519842382583559
0.3173936515406015,0.744449099812128,0.805580944150585,0.41032162321396726,0.6975945601359399,0.004586476860744241
0.313102779774141,0.7292445048652922,0.7515174539575671,0.4061470969059775,0.7068763280917665,0.004622719403854977
0.3102572124980374,0.7304774065057487,0.7200660053792882,0.39985411573858,0.722277943051381,0.004665428898065514
0.2932378339183619,0.6907958601166466,0.6442569419172051,0.6679991408482009,0.8973055673607178,0.004759752858551178
0.5047439347631837,0.7247178819172841,0.6857198216713545,0.6239805166799779,0.9274628134295426,0.0989343375260387
0.6175260721308904,0.7196526634819851,0.6818453821356258,0.6271249423767493,0.9324776880577019,0.021621625412899557
0.6146811237503487,0.726350099439202,0.6879790758529767,0.6219031610122983,0.9308457288567524,0.021293839656507378
0.6132706939310384,0.6941853786165005,0.6455983775459354,0.782950999002223,0.929281767955672,0.020978509211834268
0.6072597853035209,0.7265529041335435,0.6870615229046049,0.6023791786014816,0.9253718657033687,0.10555571765965599
0.6174415293701072,0.724742930791195,0.6874117888654778,0.6337801920718111,0.93106672333181,0.021614253879283462
0.6004222984743062,0.7212777471704338,0.6843851146904665,0.6142568053014543,0.9272588185294808,0.021276113426955547
0.6124697194825428,0.6962755203058759,0.6453515424119289,0.765592050534772,0.9242668933276263,0.0209650495466542
0.6071747663248184,0.7318637481432813,0.6918490222455738,0.6139848755768629,0.9287717807054605,0.10554828743724888
0.6173571890488732,0.7237989404666042,0.6871799825205664,0.6098422358881557,0.9335826604334443,0.021606887882345754
0.6159468915818498,0.7214786209023323,0.680454079258248,0.6144894624650612,0.9290267743306231,0.021291566296358085
0.6116561502903375,0.696914829787985,0.6565289552972984,0.7807945819908424,0.9259328516786809,0.020951574378774627
0.6070905323860369,0.7216559476199976,0.6885985983960939,0.6033466178363267,0.9274968125796477,0.10554087936155539
0.6030986801041824,0.7230999678208685,0.6839353577031086,0.6178381928395518,0.9275478113046347,0.02158917051147936
0.6151462425385024,0.7170156124392457,0.676655890353496,0.6342211645589004,0.9350616234594327,0.021278106631178018
0.6115716325607199,0.6951395958903255,0.6543522819877151,0.7664726850999388,0.923858903527389,0.020944209489172604
0.6070064533275907,0.7225552933777393,0.6850607019210333,0.6472308655168133,0.9309987250318272,0.10553350450593224
0.6186236533725484,0.7184604908456468,0.6825321911571667,0.6238386748318121,0.935758606034824,0.021604624488217573
0.6143330550715684,0.7247948343464867,0.6858054348616645,0.6211996699198827,0.93106672333181,0.02126464253665523
0.6114877196466333,0.6922526461247783,0.6487988013445076,0.7908028506717057,0.9221929451763344,0.020936847921577614
0.5927482447568835,0.724214347701756,0.6827407571065698,0.6245856873871585,0.9250658733531054,0.10505927692797953
0.6178232389963751,0.7205404949821974,0.6850987055011166,0.6169829325579737,0.9243688907777141,0.021591179218401334
0.6142487792055844,0.7268498968848176,0.6884430648158694,0.6203218944289233,0.9313047173820905,0.021257282076395927
0.611404134327922,0.696412457725779,0.6521750774690916,0.7877707627656572,0.9297917552059971,0.02092949521266806
0.6082734833556014,0.7250899140146,0.682761208654617,0.6141893788014021,0.9308457288567524,0.105552318139121
0.61701039883686,0.7238974195511878,0.6860820841030515,0.6146273730861924,0.9288227794304476,0.021577716231214232
0.6141652877537442,0.7242076429710518,0.6846343181314438,0.6150864927526243,0.9288567785804389,0.02124992604547933
0.5971464335769809,0.6928467746615818,0.6466981351950911,0.7699700079144736,0.9304377390565151,0.020911788915158453
0.6074733721694181,0.7251510969171863,0.6856989717165272,0.6198344619859679,0.9339566510836903,0.10552838861509456
0.6169265006285833,0.724020285976253,0.6886798512455324,0.6209986611193745,0.938342541436441,0.02157036020029764
0.6140819809067475,0.7199480828564542,0.6830951178037941,0.6346476431281338,0.924572885677776,0.02124257887324817
0.6126720767419083,0.6997085212192569,0.6530274687752005,0.7706445111711773,0.9259668508286722,0.020927259501931857
0.6066607588548383,0.7184381059847356,0.6801229368228219,0.6417235341159229,0.9344666383339018,0.10550404937686685
0.6168433023542654,0.7232009857634788,0.6836833875483803,0.6161431986377148,0.9280577985550735,0.021563015242737838
0.5998246190152061,0.7250157507533703,0.6877811783517973,0.6120852987317584,0.9299957501061726,0.02122488254175968
0.6118723726250503,0.6959127675558546,0.6540079478611244,0.76512038270932,0.9302167445813438,0.02091383194948649
0.6065770837368225,0.7222249200071988,0.6796791338034562,0.6300590275724749,0.9375265618358526,0.1054966855946005
0.6167603271702093,0.7276372289415941,0.6866132267421077,0.6139681976439881,0.9327156821079825,0.021555675821856433
0.6153506282609253,0.724589580190528,0.68299775161347,0.6243097867261684,0.9342966425838313,0.021240360879882833
0.6110601926625203,0.6944990169792031,0.6515235053138831,0.7539994179401426,0.9209689757755086,0.020900381142991854
0.590861344203069,0.7241456197422171,0.6875753791161452,0.6222555419083298,0.9295877603059353,0.1049885956915794
0.614454209040491,0.7236647743353922,0.6853207287462044,0.6089034271047464,0.9260858478537557,0.02153050497453368
0.6094100559563289,0.7250461276532809,0.6853112333846112,0.6056473386764403,0.9313557161070776,0.02118464749985777
0.6065537653290125,0.6918028212720115,0.6507828671096034,0.7707187279724714,0.9329366765829263,0.020857128611364257
0.6019763289600171,0.7246328480526727,0.6877050605230806,0.6206751092215985,0.926034849128655,0.10538018280779714
0.6121478793974262,0.7266103323869353,0.6870042629968148,0.6061627265116432,0.9261368465787427,0.021505608746459355
0.6092916701213977,0.7248452360421005,0.6846401171634658,0.6189765411770023,0.9278028049297973,0.0211780920726372
0.6064354608453684,0.6952078053506898,0.6564635059168054,0.7771294871134578,0.921376965575746,0.020850573184143687
0.6018578611480203,0.7287963785443039,0.6909437313725462,0.6270086336496277,0.9279558011048721,0.10537302941930986
0.6120295893067027,0.7247387827977994,0.6893425345231647,0.6190827637256708,0.9224819379514884,0.02149905331923879
0.6091734466761523,0.7055733368987005,0.6003808680283296,0.6058106235811596,0.9100722481937282,0.02117154218209503
0.6063172239458718,0.6698968569259458,0.5572389471667014,0.7887843839908206,0.9265958351040808,0.020844017756923124
0.6017396495925782,0.685686944716438,0.5541693999954049,0.6304238772087987,0.9113982150446418,0.10536593139760651
0.6119114713052407,0.6435400420284703,0.5088447633213614,0.59846022176012,0.9188950276242167,0.02149250675070365
0.6090553518285176,0.5592234405681407,0.43567979285680547,0.24455015783082357,0.7866043348916492,0.021164986754874465
0.6097371954520265,0.5387217150207674,0.42381399945648457,0.7813295862518559,0.9265958351040808,0.5717104309438814
0.6015748684927731,0.5637347052130157,0.43888721090774013,0.2406537956175714,0.7964300892476786,0.1053586340554809
0.6152848463585308,0.565798510720185,0.44179408859070546,0.23374956821030346,0.7932001699957709,0.5732040053079187
0.6108408602055198,0.5566914660649979,0.43659601778257673,0.24076331404345086,0.7885422864427483,0.5727151830457148
0.6063969084703609,0.5420835385129923,0.4312884647912656,0.7696534051553954,0.9318657033574027,0.5722262389765862
0.6013172380399827,0.5585419181015178,0.43492952648867234,0.23308741456579973,0.800543986400271,0.10535102665936513
0.6150273132143949,0.5571513033156162,0.4291748504214944,0.2488824494419386,0.794390140246378,0.5731665773619635
0.6105834365727318,0.556137512274574,0.4347474545901485,0.24145425697684608,0.8035699107521168,0.572677677586262
0.6061395787044432,0.5301373890505633,0.42066674082935096,0.7688974579931516,0.9230769230767919,0.5721889439109125
0.6010598018916116,0.5553395241657983,0.4346359892265494,0.2586175971172908,0.7899702507436359,0.10534341926324939
0.6147700647997638,0.5351549591996575,0.38340378124333635,0.24280139715014637,0.7989290267742035,0.5731291494160082
0.6103262976694497,0.507789162787965,0.3782613899961031,0.25728645981767784,0.8364130896726465,0.5726403271538043
0.6058824617034304,0.4515212461830862,0.36570930992979755,0.7903355111669284,0.9214279643008467,0.57215147167153
0.6008026119873304,0.45843980594685657,0.37111779706548614,0.2551950867445101,0.8259753506162042,0.10533581186713363
0.6145131042435348,0.3550918120791642,0.30837190316749763,0.3595853262304929,0.8178155546111157,0.5730918654236913
0.6200569973463481,0.3876263175734496,0.388895382673475,0.7774951706464253,0.9334806629833565,0.9123163440147103
0.619885839870074,0.3824842629242803,0.3901207225664727,0.8409868301114678,0.9186910327240412,0.1038405654262208
0.5629620688775514,0.3643543474850591,0.31428620091113857,0.8479464917908635,0.90726731831694,0.10433535622773529
0.5630392865807008,0.34813990209090695,0.2805413345485035,0.8326423440723472,0.9087972800680291,0.10433542266787607
0.5632602432474387,0.3237388356847152,0.2494057253798886,0.8283671942360111,0.9178750531236801,0.10433812456693319
0.5630245357149923,0.29953876112095806,0.22204086352102081,0.8221700317639173,0.9120611984699281,0.10433892738530057
0.5632761974864184,0.27587792369615965,0.19624170710753708,0.4436790376292683,0.8021589460262248,0.10434124725354839
0.5608284755515114,0.2759410125301941,0.19555911898449474,0.3620728002094431,0.7964300892476786,0.9035667865126917
0.6190776311019182,0.27261883634553347,0.19238705953529744,0.39879737014412564,0.7898512537186662,0.9121742174802915
0.6049212330413725,0.2753938886254476,0.19344089416292898,0.39277135503082117,0.7830684232893645,0.9170663157772077
0.6183076286529094,0.27198219445228056,0.19131000443249674,0.40496947600754263,0.7967020824479505,0.9129845657302934
0.6163165339962182,0.27026729061546173,0.19195987893214764,0.39084946152315503,0.7762855928601766,0.9132355987287566
0.6148041979225387,0.26814444056781883,0.18922001558478785,0.37831917171667206,0.7836294092646767,0.9135171941919645
0.6142306043893542,0.2729236226757783,0.19305724835399346,0.39714911386370244,0.7696387590309541,0.913862904390995
0.6117737373182064,0.2720457088132237,0.19212452053404036,0.39487940603686367,0.779566510837185,0.9140606745432912
0.6102610695815871,0.2667240907482262,0.18910761175188445,0.41674540702634166,0.7805864853378353,0.9143028488563213
0.5943226308991014,0.2690922624225161,0.1894978534064023,0.3993875307117185,0.790480237993961,0.9189372701406991
0.6077089983505775,0.26901404056430017,0.18957489863756832,0.39563817256395084,0.7826604334891272,0.91481753847999
0.6057178473737643,0.2650287933319147,0.18895747879690183,0.4000077909772146,0.7879303017423354,0.9150292610618437
0.6042055582335202,0.2655980839703334,0.18861341248820218,0.39793257961519024,0.7764725881852428,0.9152715461084414
0.6036319302824826,0.2656731090129496,0.18814533542907103,0.41996492313041456,0.7713047173820087,0.9155778905240783
0.601175069469126,0.2640234234326369,0.18659281946148062,0.40492837681581495,0.7766765830853046,0.9157555625337979
0.599662361056863,0.26261223853293486,0.18575930156989534,0.39994957704960776,0.7587930301741608,0.9159979583139638
0.5837238829502924,0.2643203232116454,0.18834006116960628,0.39878355128545784,0.7611219719506153,0.920630829328391
0.5971103398881845,0.26069655751233967,0.18414688956965292,0.3901330251780797,0.7783595410114685,0.9165126479376327
0.5951191388490411,0.2604412181240564,0.18680311184026438,0.410039289636011,0.763008924776841,0.9167241490523503
0.5936068365674347,0.2609940973696394,0.18449728833278578,0.4015246092628366,0.7687207819803916,0.9169664340989482
0.5930331416580295,0.26079864999979085,0.186388591719239,0.40028138849509354,0.7592520186994989,0.917272833881369
0.5905763259007708,0.26061236754983286,0.18402287439247944,0.4032942967783357,0.7665958351041127,0.9174505612578725
0.5890635611683863,0.25950362679444966,0.1851848897411449,0.4049599457601858,0.7541351466212518,0.9176927355709027
0.5731250589693189,0.2575331690179651,0.1818985827210005,0.4303454273893037,0.7633659158520913,0.9223243885160829
0.5865115306130204,0.2588904282155951,0.18326904449703513,0.3996569190370145,0.7618359541010022,0.9182075359281394
0.5845203295738766,0.2556200447346785,0.17862019071555496,0.4067671189152897,0.7584870378240112,0.9184190370428571
0.583008002886884,0.2566816843098825,0.183562448956898,0.4050858244440281,0.7482532936676307,0.9186613220894551
0.5824342860752099,0.25640865516010913,0.18424583168012965,0.40647128415357736,0.758300042498945,0.9189677772386597
0.5799773795799767,0.25402556322509207,0.18073630619455697,0.4080790368827325,0.7543901402464144,0.9191454492483795
0.5784646492654439,0.2557615681903832,0.18232523654185212,0.4082381920135971,0.7481512962176566,0.9193876235614095
0.5625261611464079,0.25588369620110674,0.1826801195946326,0.41613074578116804,0.7477093072673142,0.9240179477037745
0.5759126249678697,0.25466838598609015,0.18172153738801944,0.4133986621200503,0.7594560135995607,0.9199022024515103
0.5739213050306908,0.2528859145551265,0.17927587088734084,0.4182662359577265,0.7496812579684047,0.9201139250333639
0.5724089752148029,0.25134130730233856,0.17847296170332533,0.410823827540326,0.7506502337440679,0.920356254373389
0.5718352959498767,0.25366898240317504,0.1815864398622451,0.4303139775730249,0.7477093072673142,0.9206626098623826
0.5693784144858087,0.2507890663471186,0.17893338713890677,0.40778169316518853,0.7300297492562322,0.9208402265053182
0.5678656560112154,0.24960402218046499,0.17785659985399715,0.44953521579279543,0.7240968975775104,0.9210825115519163
0.5519271362903324,0.2470587311881795,0.17566607969543307,0.437666245734172,0.7204929876752431,0.9257113961578983
0.5653135190733973,0.24978497481649511,0.17788957908190872,0.4249010353303344,0.7336676583084909,0.9215971458088013
0.5633223305498367,0.2475687698864548,0.17673600774361123,0.41767619451822546,0.7280917977050194,0.9218087022903025
0.5618099193826613,0.24764997579681614,0.17544997943114327,0.4284883792730303,0.7303017424563905,0.9220509873369007
0.5612362088287779,0.2468675480270588,0.1756750504880992,0.4402476720683184,0.7257118572035779,0.9223573206791807
0.5587792898179624,0.24557081735029831,0.17727321501920962,0.4214540242799729,0.7233319167020227,0.9225350702023979
0.5572665156988905,0.24441134949637106,0.175537584655354,0.4439797169333872,0.7263238419038771,0.9227772888088551
0.5413279759530751,0.24274056278758604,0.172021458897457,0.43133121235031124,0.7252528686782398,0.9274048446120223
0.5547143756321766,0.24526240867754498,0.1751729317829761,0.426841790785895,0.73013174670632,0.9232919784325238
0.552723152690763,0.24237524614854344,0.17150878905277325,0.42783547791033594,0.7087122821930052,0.9235035902808093
0.5512107571680667,0.24288805434758162,0.1750816412960491,0.43558245714952615,0.7105822354440079,0.9237458753274074
0.5506370215830181,0.2413724329865742,0.17294917121872233,0.4296687004082165,0.7138121546961429,0.9240521643762603
0.5481801025722026,0.2385624267105887,0.16967341755150966,0.4221266214872055,0.7022524436889626,0.924229781019196
0.5466672940352786,0.24316278918084605,0.17541093556668957,0.45108209406695665,0.6949086272842351,0.924472066065794
0.530728721123169,0.2408361796852095,0.17183517716728972,0.4308585517907595,0.7098002549935245,0.9290981823325782
0.5441151351951907,0.23606956850033842,0.16835942329644688,0.4264364375983032,0.7084912877177203,0.9249867556894628
0.5421238809648208,0.23722562677521158,0.17030614063927552,0.4454245818514626,0.7017424564385237,0.9251983121709644
0.5406114478953756,0.23592740496634246,0.1691256569229796,0.44527936470735785,0.696982575435527,0.9254405418507784
0.5400376841502665,0.23521126284621935,0.16802987006139936,0.45580044011476484,0.7118912027199258,0.9257468308996312
0.5375807876674998,0.2359704582771045,0.16952381137882522,0.44202883559000994,0.6957246068848235,0.9259245582761347
0.5360680198062187,0.23487919630768517,0.1688602206190825,0.4286545232519574,0.6932936676582813,0.9261668433227328
0.5201294080958037,0.23278831441603998,0.164675222998235,0.4409713355176397,0.6963875903101098,0.9307916307867021
0.5335157639703656,0.23082957829675455,0.1662939718796526,0.47058256853429214,0.685031874203105,0.9266813114792658
0.5315245191266826,0.23369137727648404,0.16778157852927428,0.4546876646077229,0.676753081172933,0.9268930340611192
0.5300120704127598,0.23354942829387063,0.16812512026904675,0.4400386816856483,0.6903017424563131,0.9271352083741494
0.5294382841396015,0.23114502246692684,0.16650927533038212,0.43983938038779136,0.7047343816403782,0.9274416745967109
0.526981365754565,0.2317066428934199,0.1673855400561054,0.43988591976238567,0.6763280917975862,0.9276192247995056
0.5254685540887447,0.2313841632258287,0.1674525565032669,0.46365654068619455,0.6607224819379098,0.9278615541395309
0.5095299533294639,0.2299491094848196,0.16625834988676613,0.45897119311986057,0.6635444113896938,0.9324849685072579
0.5229163138973703,0.22634899986336654,0.1632068726763201,0.4424426865814952,0.6763280917975862,0.9283759780026367
0.5209250158624612,0.22807008635585874,0.16635597725486836,0.45623795788718713,0.6839779005524633,0.928587811318058
0.5194125859219119,0.22528970426201675,0.16152084616996287,0.4475449427603415,0.6686612834679408,0.9288298748975202
0.5188387652309014,0.22664504680062947,0.16434197786035815,0.4662160077420554,0.6571185720356425,0.929136274679941
0.5163817936546389,0.22486918534017608,0.1613498676868949,0.4362572780811418,0.6721121971950197,0.9293138913228767
0.514868985117714,0.2255588983058272,0.16422033984363948,0.459143770015753,0.6561835954100843,0.9295561210026908
0.4989303618303853,0.2245467056725848,0.16227309571851267,0.45026634460254655,0.6577815554610424,0.9341781954942461
0.5123167105084869,0.22577970922494783,0.16331030350318637,0.4649230708505989,0.667352316192023,0.9300706445260075
0.5103254437625346,0.2233209557448797,0.16291901049744317,0.4428842149996801,0.6585635359116395,0.930282367107861
0.5088129606307592,0.22391454075151415,0.1630905157628093,0.4591697796491656,0.653718657033437,0.9305244306873233
0.5082391512037736,0.22236737497348952,0.1621559419914416,0.46991255243571906,0.6687122821929279,0.930830830469744
0.5057822184258165,0.22021255319399247,0.16107519719918262,0.44500314637145566,0.6520016999575091,0.9310084471126797
0.5042693504398752,0.2214270123551917,0.1616047506378603,0.47737247268263805,0.6188185295367248,0.9312507321592777
0.4883307208947536,0.2197506830690245,0.1603585674301483,0.4611960690747563,0.6399999999999864,0.935871422481234
0.5017170664439607,0.21950237917816023,0.16024431985920123,0.4548152110848531,0.6460688482787873,0.9317653110493785
0.4997257308623029,0.21765298380719927,0.15675299270999699,0.46873096060088537,0.6452188695282075,0.9319769228976641
0.4982132133126753,0.21561048504024397,0.15692951568742186,0.4650931063471966,0.6268763280918392,0.9322190972106942
0.49763942891685486,0.2152899256075264,0.15702635066870585,0.4645147394607081,0.6430259243518321,0.9325254969931149
0.4951824304320893,0.21627526177145995,0.15903797511613224,0.4732637447907768,0.6298342541435886,0.9327031136360505
0.4936695812195211,0.21233519906023635,0.15504480150643798,0.48140940604440874,0.6138546536336662,0.9329452325822967
0.47773094134904515,0.21543038167010303,0.15403740782914474,0.4699594094852251,0.6431789205270206,0.9375645941014381
0.49111723464569357,0.2125894710553915,0.15441155606311593,0.48368765138450476,0.6380620484487736,0.9334598668391816
0.48912587090397563,0.21374467827644728,0.15595008795272344,0.47600611317716734,0.6485337866552072,0.9336714786874671
0.48761343783453137,0.2111409881857639,0.15600444170438948,0.4723250551354594,0.6113727156820232,0.9339136530004971
0.487039606505276,0.2122158423382039,0.15580470489190845,0.47600019648193315,0.6068848278792984,0.934220052782918
0.48458258611824023,0.2124982509592503,0.15762925743572026,0.46130503156953995,0.6138546536336662,0.9343976694258537
0.48306969935892496,0.21096642560507695,0.15621130335812206,0.5014503646649877,0.6143646408839913,0.9346397994454565
0.4671310867098408,0.20735609082231787,0.15050993633149778,0.48223412982507985,0.6282362940926305,0.9392577657216423
0.48051731836724487,0.20866539778595133,0.15392949049925989,0.48016324678373024,0.6079048023799487,0.9351544226289846
0.47852598278558744,0.2082745030462542,0.15426907251831196,0.4664592275964832,0.6040798980025102,0.9353660344772701
0.4770134808804385,0.2064423683340182,0.1526553347088401,0.48060421927081953,0.6185125371865752,0.9356081423501593
0.47643963609693163,0.206727122716847,0.15243027029199718,0.47977107710498235,0.5989630259242631,0.935914497839153
0.473982607261878,0.20491055191948576,0.15248752577304525,0.45900200758631526,0.6064088397789646,0.9360920591153047
0.47246971737366694,0.20363897024061473,0.15216430499243092,0.49392559902667577,0.5770675733106145,0.9363343552352595
0.45653104371111697,0.2034207160588027,0.14962866053382876,0.4757597562829847,0.6061538461538021,0.9409508819750624
0.469917342639778,0.2039503629655135,0.15123237177266713,0.4797723875139943,0.5965830854228216,0.9368487569516519
0.4679259569957903,0.20168897351431125,0.14778405927549196,0.48140384673345005,0.5871653208669159,0.9370603687999374
0.4664134269305804,0.2007833521286304,0.14788009744321562,0.49390217050192287,0.5972800679983266,0.9373026981399624
0.46583960717823825,0.19811166891689352,0.1482553014551542,0.4666227904667506,0.5890352741181459,0.9376090536289561
0.463382534538646,0.20106618448865737,0.14849356198990374,0.47845709425061234,0.5880662983424827,0.9377866149051078
0.46186964465043445,0.19922488664445895,0.14900174533156893,0.5120239358515875,0.5789545261367266,0.938028623117786
0.4459309622269769,0.19903029390428414,0.1473368255310751,0.4668729594598766,0.5738206544835975,0.9426439982284825
0.45931718543636313,0.20177273794990935,0.14933367572707132,0.49469155294864464,0.5716447088822179,0.938543246301314
0.4573258435969141,0.1992905357916583,0.15013025467002467,0.49272113459818523,0.5566000849978536,0.9387548138561723
0.4558132853716437,0.19381694740655475,0.1464236262834619,0.47349751381657557,0.5819804504886861,0.9389970989027704
0.4552394446557009,0.19429416331915855,0.14554657359766235,0.4869054996952902,0.5737866553336062,0.9393032772180553
0.45278236794854365,0.19334996201904153,0.14475527354454587,0.4850343944641653,0.5484402889927651,0.9394876043152067
0.45126941235352325,0.19350235429019985,0.14569169326732823,0.49818216488066525,0.5422864428388721,0.9397423358148383
0.43533076935415105,0.1934431023500564,0.14727086264850997,0.4833613198312494,0.5417764555885469,0.9443688950158942
0.4487169593972431,0.1924413565812153,0.14412703917316957,0.4948030171333595,0.5449553761155812,0.9402820512248559
0.446725580011047,0.19043082954611407,0.14372544956553077,0.4968097695518683,0.5579260518486535,0.9405063974334518
0.4452130249146715,0.18916287378560792,0.14267821078348153,0.5029124634470343,0.5610539736505871,0.9407610846396561
0.4446392270645996,0.18851685420901004,0.14249773251207823,0.4970432606121191,0.5541181470463243,0.9410799419484672
0.44218206368703195,0.18956272068174135,0.14487374201399142,0.4904263304533061,0.5383085422864724,0.9412703483184972
0.4406691769277167,0.18728213424558676,0.1438542102101299,0.5070064194554917,0.5068593285167253,0.9415660512382573
0.42473048511757217,0.18584431815552754,0.14074152001128643,0.4995178687571371,0.5572460688482579,0.9462534253148122
0.4381166864246886,0.18655534143724897,0.140871602038373,0.4877346312153643,0.5452103697407438,0.9423486718028532
0.43612526010505714,0.1839678517638752,0.1409251634032208,0.4978444367399455,0.5337526561835375,0.9427536244607184
0.4346126674619337,0.2491368240294974,0.19468655058834278,0.503826334749859,0.49230769230769056,0.943189139583328
0.43403890090081854,0.29094633000741743,0.2348306751264067,0.49689212677277994,0.5487972800679017,0.9436887694417605
0.43158169371871224,0.32012082443228185,0.27278559867502294,0.4997660522820635,0.5551381215468609,0.9440597268942756
0.4300687349947965,0.3451813386497259,0.3126397494782752,0.4958980425546988,0.5745346366340982,0.9444951312833174
0.4141300816700686,0.38639736367843197,0.38710539634458235,0.5702383399706874,0.8431449213769611,0.9492996393280128
0.44054511308582844,0.3789908300381519,0.37653643914732626,0.8486788913002621,0.9272588185294808,0.10064201524363965
0.5664363001278261,0.3804306807904888,0.37832194339994235,0.7618607204382548,0.9307267318315553,0.10437278417369059
0.6261643951711755,0.3821318390353999,0.3813817296051253,0.7651272524292898,0.9257968550787155,0.10399572530158327
0.6279292130998337,0.38625157958985573,0.39154791082788615,0.781419527961289,0.9320186995324775,0.10402697431444888
0.6270715558904172,0.3846489951897223,0.39137429400658524,0.8122665163852549,0.9283467913302275,0.10399074229102709
0.5664178646745865,0.3815599916596726,0.39153986301092736,0.8562289518034347,0.9254228644283558,0.10437619476758235
0.5518672789518733,0.38683408301758226,0.3931162612516161,0.8383284867392766,0.9249468763281357,0.1059453004982945
0.5670082960468861,0.38295039547004794,0.38706264951044433,0.8172484929005814,0.9201019974500468,0.10439341383739315
0.5663926673649322,0.3780424735929264,0.37444869908455414,0.8260374855601862,0.9215469613259302,0.10437801079809617
0.5665372595783675,0.38295348500995646,0.3759688931954202,0.8366368678333782,0.9251678708030795,0.10437787791781468
0.5674277007307511,0.38125520532942775,0.3748500186609309,0.7646430761541816,0.9322566935827581,0.10441320192597954
0.6255762003334948,0.38299738937453587,0.37285066071559075,0.735483616571623,0.9348576285591434,0.10400984383149242
0.6275522794199042,0.37954711707486083,0.373182062115424,0.7866207001658303,0.9198980025498713,0.10399449062230101
0.6132131917123442,0.38250717522400685,0.3734951257365158,0.7694976650298335,0.9283127921801224,0.10562969875638
0.6281987540068514,0.38008912750499024,0.36882213293090116,0.7607602151246853,0.9263068423289269,0.10401357555273116
0.6278068035050821,0.3786008918400352,0.36551009989961475,0.7628226400715055,0.9337356566085191,0.10399640077634756
0.627893702324299,0.37732100344680375,0.3673522000487207,0.765174466863072,0.9284147896302102,0.10399707625111182
0.628919430354419,0.3828841062445574,0.3711654221693098,0.7443280832127197,0.924606884827881,0.10403459278392141
0.6280615988655143,0.3777550587729542,0.3696227977567219,0.7785821747762387,0.9203059923501087,0.10399834968714283
0.62814813786173,0.3740717193064312,0.361475503051641,0.7851139680586614,0.9240118997024638,0.10399899194183676
0.6138090357612493,0.3820923043673114,0.37413338889189657,0.756954350551962,0.9319167020823897,0.10563388448524717
0.6287945511223216,0.38425586375186216,0.3767290577586688,0.7691540996126076,0.9257968550787155,0.10401810455565888
0.6284025849760746,0.37902759878133385,0.37120262672246185,0.7670466045376605,0.9300467488312734,0.10400090763256169
0.6284894212173784,0.37871929202048726,0.3685342663252822,0.7598666353068582,0.9196090097746037,0.10400159418068276
0.6295150907371494,0.3837122567018611,0.372991163293349,0.7560066071616556,0.9254568635783471,0.10403909964013557
0.6286571926027666,0.3788893740531356,0.3678838628299621,0.7331111409107829,0.9248788780280393,0.10400285654335699
0.6287436565054865,0.38022074047475,0.36875907399108904,0.7587705377326914,0.920662983425359,0.10400350987140769
0.6144045146680317,0.38169309576154103,0.3733220379108841,0.7503928943746405,0.9298427539310978,0.10563807021411435
0.6293899611933993,0.3817870871463733,0.3706633078909288,0.7599611833025142,0.9189970250744182,0.10402260033851625
0.6289979262114476,0.3816986383389232,0.37552733232087837,0.7641061261343327,0.924572885677776,0.10400543109881102
0.6290847311637937,0.38299312874166436,0.3729961743652948,0.7648104114140277,0.9224819379514884,0.1040060899635401
0.6301104663903749,0.3836291323445542,0.37293931286428483,0.761691240872753,0.9308967275818532,0.10404359542299291
0.6292524815855818,0.3844193393898566,0.3773728609816645,0.7578387177973438,0.9272588185294808,0.10400735232621433
0.6293389235860318,0.38475673574231867,0.3764489755788596,0.7527794271503327,0.9186910327240412,0.10400800565426503
0.614999725115565,0.3828834697421225,0.3726476259803186,0.7603662982339223,0.921376965575746,0.10564223379626797
0.6299851187625962,0.3832891792547837,0.37496492360306516,0.7511759630324883,0.9271568210795067,0.10402709612137358
0.6295929930426705,0.38157576297421714,0.3693945637926059,0.7703532032769596,0.9287717807054605,0.10400994349170355
0.6296797604482691,0.38149136382411236,0.37150289263242714,0.7449929370939743,0.9184360390989923,0.10401058574639745
0.6307053852248328,0.3830192378569907,0.36862318629186736,0.7715976947443508,0.9269868253292088,0.10404808013249348
0.6298473691310833,0.38373644737024193,0.3751422367539373,0.7469485041423023,0.9217169570760007,0.10401185918242846
0.6299337135099883,0.3801741703092426,0.3704108021004182,0.7774686447912811,0.9179260518486672,0.10401250143712239
0.6155945050270555,0.38326221729771176,0.37598208488658486,0.7633088812335413,0.9220909477262467,0.10564641952513515
0.6305797960463093,0.3842180311914085,0.37329723708882034,0.7812362295371196,0.9243178920527271,0.10403161405094451
0.6301877163211493,0.382970427417464,0.3739745507487679,0.7620988177847281,0.924606884827881,0.1040144282012041
0.6302744117621479,0.38265200277100264,0.37330778822838107,0.7550407165920059,0.9268508287292434,0.10401509260261158
0.6313000090044296,0.3814890162744018,0.3699288693388222,0.7613183699449038,0.9266468338291816,0.1040525869887076
0.6304419234491969,0.37897900289318964,0.36867925540605906,0.7754802380989347,0.9247258818528508,0.10401636603864262
0.630528293485046,0.37878440478923026,0.3689378324732247,0.7796752544387424,0.9249298767530263,0.10401699721997973
0.6161890127246239,0.38308467245280753,0.37464896046596236,0.7663880644452801,0.9258818529535802,0.10565058310728877
0.6311742070610014,0.3841457756495552,0.3803717020163411,0.7750366845031864,0.9275478113046347,0.10403609876044505
0.6307820312787444,0.3845912379575438,0.37602826023240304,0.7642292251626961,0.9196090097746037,0.10401891291070466
0.63086870794637,0.38033093227689185,0.37034681354478577,0.7696567010326065,0.9194050148745418,0.10401957731211214
0.6317375246750538,0.3805517431960125,0.3685084097252511,0.7505317580205073,0.9288567785804389,0.10407349348632995
0.6319864214413844,0.3840018027322332,0.37546875324397183,0.7379683108950941,0.9271568210795067,0.10405625780648399
0.6320525049693213,0.38211851539454444,0.37295554351383353,0.7438088038598456,0.9264768380788837,0.1040584558678071
0.6312078864939057,0.3840364384770871,0.37565978929504884,0.7587749454720942,0.9274628134295426,0.10402245638487795
0.6312825106554412,0.3801008509501176,0.3742427559797869,0.7527857806485707,0.9297917552059971,0.10402265570530018
0.6313690840695085,0.3825132488160608,0.37496730076352003,0.7808808307294248,0.9272078198044937,0.10402333118006447
0.6322128499208559,0.3840019100079245,0.3786478047321606,0.7502123358965862,0.9255758606034306,0.10407996032669618
0.6324837149765181,0.3799905518722844,0.37196529682168333,0.761095362156746,0.92239694007651,0.10405970715712454
0.6325592446404573,0.3831315626574606,0.3744444715459426,0.7667894864058369,0.9201019974500468,0.10406044907202956
0.6326226673555233,0.380392104451909,0.3745717846459073,0.761431700469726,0.9302167445813438,0.10406255300981995
0.6325161644405366,0.3809310217662735,0.37363839724139597,0.7716425663256574,0.9135571610709121,0.10408288369288914
0.6327927434854561,0.38282762559310496,0.37788315587926447,0.7533068866321881,0.9253718657033687,0.10406196612191
0.6328682074425878,0.3775152797236893,0.36811434115227293,0.7609284239905394,0.9274628134295426,0.10406270803681503
0.6329316426732357,0.38333329638281743,0.37405660705187965,0.7688073177368984,0.9229409264768265,0.10406481197460542
0.632875065981878,0.38231844152450345,0.373481668440831,0.7777372786386614,0.918181045473716,0.10408000462012335
0.6331024853826062,0.38053565184232235,0.3718337672499622,0.7682769197621075,0.9272588185294808,0.10406423616005225
0.6331788723639571,0.3851758725956702,0.3785650866311196,0.7800605543975203,0.9289247768805353,0.10406498914831408
0.6332420447673699,0.3851318591674713,0.3787984666828124,0.7597724446954783,0.9222269443262121,0.10406709308610447
0.6324141101894032,0.3797679297819096,0.3711561879854946,0.7637591854211676,0.929366765830764,0.10403190195822108
0.6324706368184301,0.3807485762102066,0.3701127761219057,0.7529550616672527,0.9294857628559612,0.10403142580387906
0.6325571664279588,0.3857420736941804,0.3785714190855528,0.7573464011026181,0.9235019124521386,0.10403209020528653
0.6326436866508001,0.38549408805453356,0.3781429193132866,0.7584684288914691,0.9229069273267214,0.10403275460669405
0.6327301787135813,0.38247403239918976,0.37346742318507004,0.7527962242112995,0.9267488312791556,0.10403340793474472
0.6328167208386928,0.3822133649849069,0.3717569854099453,0.7560389702933059,0.9282617934551354,0.10403405018943865
0.6329032254170555,0.386800938404837,0.378426432218147,0.7646476030216762,0.9208159796004338,0.10403470351748935
0.6329897049642534,0.3825085608683524,0.3745254764978291,0.7750685314131049,0.9365745856352987,0.10403536791889682
0.6330761594802863,0.3830540845773708,0.37093257111328615,0.7527331657412863,0.9257968550787155,0.10403599910023394
0.6331626358985889,0.38079514458778585,0.3734476356483231,0.7510270529175325,0.93106672333181,0.10403666350164142
0.6332490559967687,0.3837860015878948,0.3760298427926686,0.7689143344728466,0.9172630684231535,0.10403732790304891
0.6333355355439672,0.38158642081414457,0.37303944576835996,0.7695256601314453,0.9254228644283558,0.10403798123109963
0.6334219847408775,0.38144010392296834,0.3741480347678087,0.7804149207617512,0.9237569060773012,0.10403862348579351
0.6335083860656834,0.38274237181332643,0.3727894455138223,0.7636639226569599,0.9257968550787155,0.10403928788720102
0.633594862483986,0.3845917671842874,0.3783301240191612,0.7631797860912157,0.9225329366765891,0.10403993014189493
0.6336812825821667,0.3818247051554445,0.37084893003653785,0.7642603573040629,0.9268508287292434,0.10404057239658883
0.6337676651335986,0.3796788391082401,0.37466030620571233,0.774391486757106,0.9347046323841823,0.10404122572463953
0.6338541672088454,0.3850591780987093,0.37492521572731125,0.7612172699041897,0.9245218869527889,0.10404190119940382
0.6339405716625479,0.3841723138676466,0.3749596491399703,0.7392881707353345,0.9278368040797886,0.10404254345409772
0.6340269510850849,0.38477677126559107,0.3761562262768129,0.7562583645293406,0.9287717807054605,0.10404318570879163
0.6341133586676824,0.3840409136613412,0.3759038510751914,0.762403785700158,0.9296387590309223,0.10404385011019911
0.6341997599924896,0.3847052630777203,0.37717562970515633,0.7714000215304171,0.9160560985975508,0.10404448129153623
0.6342861394150257,0.3829825781774282,0.3753988328540573,0.7560193141581317,0.925728856778619,0.10404513461958692
0.6343724781619189,0.38246508024275344,0.37439051620105673,0.7527749399922021,0.9271568210795067,0.10404578794763762
0.6344588347435169,0.3846192619439593,0.3747767981348542,0.7668939617424899,0.9304377390565151,0.10404644127568834
0.6345452360683237,0.3830061323433742,0.37372982495732504,0.7743336699231391,0.9300467488312734,0.10404709460373902
0.634631556041843,0.38225162307226923,0.3709334940889935,0.7658964625191058,0.9140671483212373,0.10404772578507614
0.6347179292065883,0.3837721469323676,0.37476729834651884,0.7568391933963963,0.9299447513811856,0.10404837911312684
0.6348042923588677,0.38388500632336564,0.3786170676490728,0.7666788164084017,0.9262388440288305,0.10404902136782075
0.6348905873012218,0.3832331223423118,0.3755769361783768,0.7655316923015101,0.9324776880577019,0.10404968576922824
0.6349769166614281,0.38625914252609006,0.37893290019728654,0.7491925597200044,0.9189970250744182,0.10405032802392214
0.6350632272482608,0.3831688606273862,0.37641704991554437,0.776437154352323,0.9253718657033687,0.10405099242532964
0.6351496066707969,0.38187799256715343,0.37197796173054976,0.7505882644454627,0.9307947301316517,0.10405164575338033
0.6352358609375077,0.3798042694223265,0.3684689630272753,0.7536988577641159,0.9272078198044937,0.10405229908143103
0.6353221474318431,0.38971634304749286,0.38481434708853396,0.7838040355594178,0.9265448363789801,0.10405294133612494
0.6354084517608838,0.38345212030225,0.37486901823760155,0.7558812049901806,0.9257968550787155,0.10405358359081884
0.6354947592188207,0.38451162866705413,0.3762524038869096,0.7760185382371594,0.9251678708030795,0.10405422584551276
0.6355810479033832,0.3842056712438463,0.37966285445974557,0.7657628007999213,0.9195070123246296,0.10405489578359862
0.6356672927834071,0.3866367172007882,0.38016430915356836,0.7569317559238529,0.923858903527389,0.10405554357497095
0.6357536033702389,0.38356028816968324,0.37121542443358835,0.7506162198377102,0.926034849128655,0.10405617475630806
0.6358398388635758,0.3844909530654905,0.37205461298167763,0.7649895006456147,0.928975775605636,0.10405682808435875
0.6359260812404819,0.38631978189850724,0.3772818316725156,0.7675673531370022,0.9265958351040808,0.10405748141240946
0.6360123658574812,0.38457098609496065,0.3769604546299449,0.7563379023854089,0.9231449213768883,0.10405811259374656
0.6360985950930251,0.37045988981570716,0.3109600532129802,0.7619500665072283,0.9084062898426737,0.10405877145847565
0.6361848274574657,0.3498938095811424,0.2718874383980116,0.7449536248236261,0.9122481937951079,0.10405941924984796
0.6362710504352203,0.32816506646497884,0.24296240097986815,0.7455885378444338,0.9198130046748929,0.10406007257789866
0.6363572953152437,0.30616478443718653,0.2221588052081682,0.7753362122357494,0.924606884827881,0.10406071483259258
0.6364434932618321,0.27697387897707193,0.19679817735095523,0.3792320899947612,0.7940161495962457,0.10406136816064326
0.635669423248463,0.2810565298552361,0.20135652417884264,0.3841178507211438,0.7929451763704947,0.9139714232875517
0.6341563143375555,0.2798537941391643,0.19931270846358096,0.3981810411056643,0.7912792180195538,0.9142525315230606
0.6326432335867089,0.2773701017427687,0.1962343188751365,0.36693545008598494,0.7959881002974498,0.914533839078992
0.6311301465780708,0.27724264481208144,0.19754673056993372,0.37442130054758804,0.797620059498513,0.9148149916079281
0.629617034538267,0.2762251250468035,0.19733036912786583,0.3825825278719033,0.7917722056947696,0.9150961441368641
0.6281039224984637,0.2757116767694741,0.19566017265090618,0.37709457464063934,0.7946621334466499,0.9153772966658003
0.6265908849263768,0.27537683715432065,0.1994177218507128,0.3920602397405202,0.7916362090948041,0.9156584934881636
0.6250777854021559,0.2747742982033217,0.19613300181757598,0.3986455612455986,0.7837824054398652,0.9159191160136084
0.6235646733623521,0.27286863315643456,0.19337704062292757,0.37333906154145313,0.7916362090948041,0.9161608473923667
0.6220515675803404,0.27078159173453675,0.19411926360084383,0.37980414309237553,0.7861623459413067,0.9164028002382609
0.6205384461538506,0.2700633166160856,0.19144430735808182,0.4083132427115348,0.775622609434663,0.9166445759104466
0.6190253560163166,0.27183683410268483,0.19493747160521674,0.379259648293369,0.7760815979600011,0.9168863737293457
0.6175122502343044,0.27230339217536115,0.19364538086957767,0.39472592934504935,0.7893922651933281,0.9171282158416721
0.6159991350656053,0.2668276743677859,0.19174430766352704,0.388028031793064,0.7836804079897774,0.9173701133207824
0.6144859917368448,0.2681955931932716,0.19245249784893537,0.3779281933188441,0.7646748831278956,0.9176119000663248
0.6129728796970415,0.26760434858463494,0.19180737103008116,0.39802073440324404,0.7875223119422117,0.9178536978852239
0.6114598239773601,0.2645935669128012,0.18949204773426725,0.3925611733672316,0.7837314067148782,0.9180956950245454
0.6099466305862693,0.2688354319021243,0.1936298120179582,0.3908195206627081,0.7732426689332215,0.9183374264033038
0.6084335623510051,0.26421332822510335,0.18996962679510473,0.3983183163769717,0.7755206119845752,0.91857926851563
0.6069204158933497,0.2645673505217836,0.18933320737776757,0.4079785721918423,0.7672588185295126,0.9188211106279565
0.6054072944668594,0.26558422931480624,0.1926348176450113,0.39192129667592535,0.7790055248617591,0.9190629084468555
0.6038941893106262,0.2625909246410082,0.18866723945757002,0.39878887234023197,0.7660008499786954,0.919304794852609
0.602381049110762,0.2648791705615192,0.1918337566257814,0.40476187545261233,0.7700807479811829,0.9195465705247946
0.6008679057820019,0.26125519209875914,0.1870909740191413,0.4024424912114244,0.7534721631958519,0.9197883683436938
0.5993547749688246,0.2637661655974082,0.18801947651385387,0.3932786421557706,0.7595070123245478,0.9200302104560201
0.5978416441556473,0.2599974668633436,0.1869316046669724,0.4115145322175373,0.7614789630258656,0.9202720525683464
0.5963285227291566,0.26004968509399623,0.1862020488112936,0.40479467538726666,0.758691032724073,0.9205138946806729
0.594815388787084,0.25893774573508505,0.18546536590099227,0.416936766451401,0.762260943476349,0.9207556924995719
0.5933022047826801,0.2569259403313296,0.1851811978383156,0.39696168566567813,0.7414194645133421,0.9209974681717575
0.5917890864850852,0.2570374105021257,0.18609993715354378,0.4203807992994635,0.7506502337440679,0.9212394210176518
0.5902759275118465,0.25974574981756876,0.1869469101274428,0.4067205795406954,0.7261708457288023,0.921481263129978
0.5887628123431479,0.2562769349146581,0.18342260817706896,0.41012891367053217,0.7602719932001492,0.9217231052423044
0.5872496471121176,0.2570239831614354,0.18503660273757694,0.4088509869186634,0.7469613259668222,0.9219648366210627
0.58573646623661,0.2531107751315924,0.18362445433211372,0.42319416802866483,0.7443093922652224,0.9222066787333891
0.5842233197789541,0.25529756864294356,0.18231388637536017,0.4089587978418916,0.7476413089672178,0.9224484765522882
0.5827101670635071,0.2532173445912258,0.18126506945978738,0.3976997636141273,0.722566935826535,0.9226903629580417
0.5811970174769558,0.2530881828710115,0.18408567215451346,0.41084924153327873,0.7342116447088074,0.9229321386302273
0.5796838710193004,0.25270389631389645,0.18210306942764923,0.42201726189878186,0.7219719507012314,0.9231739364491266
0.5781706744993138,0.251920401151011,0.1793486952200084,0.41413431779729626,0.7266808329791274,0.9234157231946689
0.5766575680915222,0.2509452973000961,0.18201890156860273,0.43634019123314927,0.7274118147045101,0.9236576206737792
0.5751443621848491,0.2536930675837928,0.1842400282213656,0.4162425673501591,0.7385805354865624,0.9238993520525375
0.5736312376294639,0.24845265185330023,0.1789394562021909,0.4165238684846515,0.7236719082022773,0.9241412606050047
0.5721180817851206,0.2494831725383957,0.1781386585741101,0.41987986567275204,0.7305227369315617,0.9243830362771903
0.5706048633628646,0.24620511526969702,0.1767940556114776,0.4263522934560122,0.746077348066251,0.9246248783895166
0.5690917012607302,0.24748628560743913,0.17787585618170393,0.4203670598595235,0.7201359966001064,0.924866609768275
0.5675785548030743,0.24651459133557843,0.1778951213628947,0.41921600452559704,0.7136081597959674,0.9251085072473854
0.5660653520252974,0.2456963567280042,0.1754457607460158,0.43443453885535477,0.7147301317467054,0.9253504047264957
0.564552168020894,0.24470782374847086,0.175885606258032,0.42979577037297867,0.7194220144496057,0.9255920253716861
0.5630389777586982,0.24851360947693485,0.18170517836295272,0.4300991499138487,0.7061113472162788,0.9258337567504445
0.561525796883191,0.24417860415659692,0.1773225576989299,0.4374448263205737,0.7067233319166917,0.926075753889766
0.5600125941054128,0.24104910405309377,0.17728799148401078,0.4509116217673552,0.7212919677007221,0.926317551708665
0.5584994226165922,0.24483250849650295,0.17942072273911563,0.427003288769235,0.7034424139395696,0.9265593384542073
0.5569862699011452,0.24284201698467414,0.17479747102000148,0.42584127365084745,0.7084912877177203,0.9268012359333176
0.5554730483499934,0.24281899740925633,0.17554180334048147,0.40643951666238665,0.6990225244368276,0.9270429119452921
0.5539598455722157,0.23997744671625357,0.17517583793910013,0.44677652685780567,0.7086442838929088,0.9272848758645431
0.5524466115054816,0.23849124034979172,0.17042751305147408,0.4370355816153111,0.7146621334467227,0.9275266515367288
0.5509334619189303,0.23886806409465094,0.1737415226230642,0.4354745270982061,0.6947046323841732,0.9277684936490551
0.5494202560122567,0.23975003119040725,0.17382806542919454,0.42771428493144414,0.6911687207818886,0.9280101585876727
0.5479070939101232,0.23583170611009083,0.1725591929553536,0.43553004078906166,0.7173820654483052,0.9282520671401399
0.5463938473278058,0.23931714695721978,0.17648930541186472,0.44584327738535445,0.6927326816828554,0.9284937985188982
0.5448806320344457,0.2346455945503091,0.17009532147819362,0.43948009006242583,0.6938036549086064,0.9287356406312245
0.5433674480300423,0.23277723104920384,0.17113411624987487,0.44741819047049125,0.6754611134721245,0.9289773720099831
0.5418542264788901,0.23608064829131817,0.17275312630907058,0.4497355892434798,0.6707012324691277,0.9292192141223093
0.5259147693408672,0.232703913478007,0.16943753417721497,0.44392019259676885,0.6631534211644521,0.9337936178128774
0.5393004343552676,0.23411594764359828,0.1701794915506111,0.4438143671417403,0.6991245218869153,0.9297330178774349
0.5373083478386516,0.2322882916914727,0.17005072647926997,0.44700445860709803,0.6782830429237947,0.9299441867914486
0.5357951137719175,0.23193000876192088,0.16839715463189714,0.4581710891448616,0.6906077348065764,0.9301860289037751
0.5352205290045862,0.2319072019499574,0.17134625679344426,0.4463205442311289,0.6806289842752449,0.9304919303851402
0.5327628778321856,0.23085387624082665,0.16843620513646385,0.4575704850145399,0.6603144921376725,0.9306691594605881
0.5312492839424503,0.22702741669872722,0.16855546820609862,0.4495172274509087,0.6917127071822051,0.9309108908393466
0.5153097326246674,0.22854090684933479,0.1684712981336811,0.43022411528231963,0.6614534636634062,0.9354840764606676
0.5286954636587655,0.23161584296040288,0.16961668885275977,0.44716456676269845,0.6560475988098915,0.93142480532804
0.5267034053022113,0.2287983774480179,0.1678586259738113,0.43718079875941585,0.6454738631533701,0.9316359188752699
0.525190149333207,0.2270734540616347,0.16713672174168215,0.43364221791569757,0.6558436039098297,0.9318777056208122
0.5246154178206694,0.22757240939307385,0.166354921476901,0.4559478809832531,0.6618784530386392,0.9321837732025293
0.5221578301648515,0.22563754569095185,0.16592167181046708,0.4487156939388066,0.6682192945175984,0.9323609469111933
0.520644204986159,0.22537346869761482,0.16667155083867502,0.4680890984413799,0.6529196770080716,0.9326027447300924
0.5047046630550636,0.22284224512431092,0.16371004494603952,0.45321369272584433,0.6542286442838758,0.9371744243748898
0.5180904128625357,0.22337786013531258,0.1644456742917445,0.4552308092883537,0.6730811729705692,0.9331164820450772
0.5160982794124851,0.22168895813812883,0.16495517016241318,0.4445755956493944,0.643263918401999,0.933327606665664
0.5145850140567938,0.22219281418073072,0.16346017528039092,0.45931793528620557,0.6645643858903441,0.9335693823378495
0.5140102888020475,0.22101565477738527,0.16349025056554947,0.4524941590503775,0.6417679558011287,0.9338753945527826
0.5115527011462286,0.21942053676536402,0.1607015801742516,0.44953370683696403,0.6446578835528953,0.9340526236282305
0.5100390634519547,0.21762527807200127,0.16277177927184253,0.47529972330118087,0.6375180620484571,0.934294355006989
0.49409947740342997,0.2176077974981092,0.1594371875633162,0.47883981310073076,0.6418699532511027,0.938864661555544
0.5074851993637304,0.21945165207961617,0.1624767922517141,0.45120257227729677,0.6257033574160005,0.9348080480285466
0.5054930502692017,0.2188644553403967,0.16332534557250766,0.45147168263704485,0.6374160645982556,0.9350193830429122
0.5039781954345144,0.21641380117501927,0.15973639548194313,0.4564417463431747,0.6343221419464271,0.9352609483213188
0.503406697009865,0.2159721775488499,0.16194406705239228,0.48646579790784883,0.6200254993624412,0.9355674588373074
0.5009474688740507,0.21705534556736308,0.1614113418530705,0.47125433184488097,0.635988100297368,0.9357444110788357
0.4994338311797759,0.21402367553051138,0.1574163267187036,0.4906842030630454,0.6072248193794394,0.9359861424575942
0.48349416033817905,0.214693780287727,0.15715352432629742,0.4747475645949246,0.6121546961326203,0.9405549541029825
0.49687987322468263,0.21151206195357117,0.15810709767433584,0.4673509013648387,0.6168465788355206,0.9364997801123677
0.4948877898369619,0.21169472027309247,0.1584780763610339,0.46163640621202195,0.6097407564810737,0.9367110043931656
0.4933744775478366,0.21199162362795734,0.15750287173820493,0.4836404766600868,0.6367530811729694,0.9369527357719238
0.4927996700031345,0.20914601970175284,0.1578084165380071,0.4745896404543435,0.6170505737355825,0.937258803353641
0.49034211144604534,0.21057191031079953,0.15749205278075315,0.480849067209171,0.6048788780279892,0.937435866328737
0.48882848000956214,0.2106166710929809,0.15960368175673662,0.4957919391341221,0.5922651933701673,0.9376775977074956
0.4728887828852413,0.20926303066200297,0.15640523671183904,0.4755175291626563,0.620178495537516,0.9422451359168527
0.48627451892557305,0.2095473577299949,0.1562514096406561,0.48686622713430605,0.6030089247768728,0.9381914014626209
0.4842824011200002,0.20802448989604236,0.1562788510143237,0.4798213491597918,0.5946451338714951,0.9384026811102028
0.4827690825730828,0.20602206217563185,0.1529302752278145,0.4739492872506694,0.5871653208669159,0.9386443017553934
0.48219419868332736,0.20456675835996785,0.15501393162109017,0.47511698080810705,0.5744156396090148,0.9389502586035423
0.4797366851823357,0.20643171228201895,0.15599863603225447,0.486819330375436,0.6007649808753968,0.9391274323122063
0.4782230161991041,0.20306072565783154,0.15360204660677607,0.4872197198925292,0.5728856778579257,0.9393692744245327
0.4622832830924839,0.20180150929030732,0.1517202385819162,0.49078359560110796,0.6004759881002428,0.9439355502712158
0.4756690394706369,0.2031280769126657,0.15167195610690526,0.46147232712002273,0.5893242668932999,0.9398829674460903
0.47367691540727286,0.20157899447562375,0.15324267483760606,0.4757321185656487,0.5889332766680582,0.9400941917268881
0.47216358121587776,0.20334824954142328,0.1549532454149909,0.47995497116961205,0.5826944326390731,0.9403359784724304
0.47158872235728655,0.2027849270072954,0.1543854316451938,0.4841717879502492,0.5685677858052713,0.9406418245870116
0.4691311650517562,0.19939582509470927,0.15135981324814982,0.49635589152148296,0.5776455588609224,0.9408190536624597
0.4676174241039246,0.19980590251593322,0.15200889757435343,0.4817370877160394,0.5762175945600347,0.941060840408002
0.4516776559536728,0.19693515137976744,0.14797851941150714,0.4917804991840322,0.5728176795579429,0.9456305268485767
0.46506349430889227,0.1976862492838901,0.15032049390754135,0.48001382044704255,0.5744156396090148,0.9415920736267173
0.4630713452143631,0.19550137421948444,0.14881836754415462,0.48369646686331014,0.563450913727138,0.9418158218740463
0.46155801728075874,0.19602995552099534,0.15100255524828554,0.4847936365903047,0.5640968975774285,0.942070287613115
0.4609830345178998,0.19272653649095278,0.14610620896161158,0.5005276778833576,0.5567020824478277,0.9423889123814335
0.45852550099197575,0.19419228001930533,0.1494590056466193,0.4970151860917795,0.5608159796004202,0.9425785546898446
0.45701182575095345,0.19040290925953351,0.14584947784586058,0.5087309177147723,0.5206969825753731,0.9428329539887726
0.4410720310050884,0.19320886587817365,0.1472136071674619,0.47434431600362426,0.5473863153420098,0.9474090851230001
0.454457808346842,0.19051736348247506,0.14517031602112743,0.4903843179462064,0.5595920101997081,0.9434143716604672
0.45246564673673095,0.18713294951759732,0.14401410634459696,0.4874910936860246,0.5438844028899439,0.9437017806359904
0.4509522969008568,0.18914496947273535,0.1447146404797136,0.4894156874304416,0.5481002974925104,0.9441369081911123
0.4503773535620832,0.18737592001867742,0.1466489540914539,0.48224548670318046,0.5452613684657308,0.944636205848841
0.44791978374096963,0.18805370571538782,0.14543918526344668,0.4878294174672042,0.5312707182320082,0.9450067203670846
0.44640610224215616,0.18743965071893132,0.14623127549001044,0.5069678616630591,0.5206969825753731,0.9454416818218547
0.43046620737162966,0.18590441936156019,0.14107740791413817,0.5041668028366941,0.542575435614026,0.9501971348959638
0.44385201913123584,0.18617638290613353,0.14443944099633213,0.47206337042677693,0.5071653208669886,0.9463421671961393
0.44185983561885456,0.18609922307726112,0.146232862477018,0.4948330771218987,0.5333446663833001,0.9467465661861647
0.44034650142745946,0.18172691621114131,0.14397558483569947,0.4928903759075032,0.5348746281341619,0.9471816383745029
0.4397715061490173,0.18168536476005703,0.14257504556113534,0.4887571076286972,0.519847003824907,0.9476809360322315
0.43731399452536346,0.18156749380634862,0.14202860188835073,0.5032611116628507,0.5124691882701882,0.9480514505504749
0.43580024106194903,0.18089504686320695,0.14440382121681664,0.5087845253561563,0.5046323841903586,0.9484865227388128
0.4198603978182014,0.18042635936805895,0.14039719031143766,0.5047682408636596,0.5110072248194228,0.953240591643323
0.433246242431212,0.18207092432204175,0.14109613745954677,0.5015941522719893,0.5186060348490855,0.9493386175439188
0.4312539713097525,0.18088097586836904,0.14245578249150054,0.4995508275292473,0.5060773480662419,0.9496884248849623
0.42974063086056535,0.17692237770562255,0.13863649130762726,0.4996522452448733,0.48020399490008003,0.9500689054243181
0.4291655654948605,0.17536049727861241,0.13828609254449437,0.5103043218440775,0.47539311517209626,0.9505135006994968
0.4267080895406177,0.17645495963948787,0.14109640306406684,0.5097214677994584,0.4896727581809728,0.9508293128351903
0.4251943298194121,0.1774833509021117,0.14291119464176524,0.5264127033114472,0.48737781555462334,0.9512096162008375
0.40925440553726666,0.17154235160258618,0.13589055447024137,0.5029597970089081,0.5099362515936718,0.9559077757269074
0.4226402498373871,0.17161929330421968,0.13660981151065357,0.5039535238427133,0.46714832129180195,0.9520006525165952
0.4206480006181974,0.1746351884506705,0.14004494559689015,0.50085627287036,0.5012834679132538,0.9523504598576384
0.4191346570401149,0.17358783799754332,0.13758635079619602,0.5107483122428298,0.5039184020399716,0.9527309403969944
0.4185595822877235,0.17129254942790056,0.13682539384612918,0.5017090314620074,0.4901317467063109,0.9531755356721731
0.416102075044523,0.1683329203815196,0.13410135388805397,0.5157673375947571,0.4587675308116559,0.9534913478078665
0.41458831845221367,0.1668166678818619,0.13430003492256765,0.5152397986941735,0.4443688907776959,0.9538717176136545
0.39864837915136864,0.17229280585256124,0.13855311362202802,0.5300058448212854,0.4501147471313516,0.9585684265299848
0.4120342103101282,0.16822358857283604,0.13577736267726168,0.5108211392163844,0.4798470038249434,0.9546627982228393
0.41004200802437296,0.16743604196467707,0.13469818937841324,0.498452863614973,0.4419889502761407,0.9550124505368877
0.4085285893527941,0.16449175334214736,0.13458710914136832,0.5063003869637812,0.4687122821928824,0.9553928646361027
0.4079534532740481,0.16723803606959178,0.13626813342926375,0.5079387556125714,0.4479388015298582,0.9558375706448493
0.405495955417535,0.1635268800163231,0.1331541196345618,0.5151348468451526,0.4641393965150655,0.9561532720469749
0.40398227704761647,0.1606537866942313,0.1301269142505103,0.5339530350204427,0.45446663833399725,0.9565337525863307
0.3880422617146073,0.16365434141683083,0.1319295721283824,0.5185668477559267,0.44899277518049985,0.9612291326998458
0.40142812197209654,0.16136140576068317,0.13068232871596105,0.5147923535807544,0.4456948576284958,0.9573246670951635
0.3994358383350538,0.16195670360252157,0.13236651369764563,0.522436366439123,0.43192520186983074,0.9576744190694231
0.39792244469464055,0.15821336126601623,0.13033720662929402,0.5285352879447098,0.4492477688057761,0.958054899608779
0.39734725417310957,0.16083089886051405,0.13316308378711494,0.4985897417926406,0.4265533361665348,0.9584996056175256
0.39488982828119656,0.153424156032636,0.12606699422491663,0.5305225430655003,0.42757331066718507,0.9588153070196512
0.3933760122398695,0.15483214948052285,0.12802531848527335,0.5264548349466389,0.41059073523160805,0.959195676825439
0.37743601349000766,0.15704281540903742,0.13046808325656992,0.5141295248770628,0.4085677858053032,0.9638897835029232
0.3908218821955147,0.1569584073192917,0.13054010634893518,0.5216276455321387,0.399354016149573,0.9599867574346238
0.3888296079451594,0.15418911038021402,0.12800315157470057,0.5209513950634193,0.41808754781129664,0.9603364540420994
0.38731619866026756,0.15228365452092485,0.12691844484835021,0.522314021888675,0.42944326391830145,0.9607168238478873
0.3867409755982223,0.1551296857619662,0.12996569230681376,0.5254061900624378,0.4274713132170973,0.9611615298566338
0.38428353531338866,0.14970618618504364,0.12838415019191918,0.5253685455853769,0.4186485337866088,0.9614772312587594
0.38276973178764395,0.15441609859122346,0.1313406383724959,0.548438216816066,0.36362090947716297,0.9618577117981154
0.3668296357291272,0.14864370091980683,0.12552265989469577,0.526377203140042,0.4053718657032732,0.9665503789392167
0.3802155454231677,0.1497763087285689,0.12556303178174993,0.5262405235091943,0.39884402889924786,0.9626486152335912
0.37822328055949894,0.14818801166258408,0.12655459100290362,0.5222816587570247,0.37898852528678617,0.9629983782812076
0.3767098462434424,0.14932275604553055,0.12809603568874814,0.5130257236862821,0.4057798555036243,0.9633788588205636
0.3761346294391874,0.14742454844711467,0.12714008075351294,0.5228888149324049,0.373718657033578,0.9638235648293102
0.37367713596312857,0.1453912092362654,0.12403662473848465,0.5471749428195087,0.37484062898420234,0.9641392662314358
0.37216333869517504,0.14608177861951852,0.12559679896973774,0.5441427357853681,0.32785380365487526,0.9645195806704396
0.35622327517717256,0.14562460538189986,0.12501210160594672,0.53500731863433,0.3720356991074141,0.96921097437551
0.3696091604658269,0.13844484003746213,0.11954503096660965,0.5381667941800525,0.35172120696984166,0.9653104951792725
0.3676168643132014,0.14220864342414855,0.12202816762496038,0.5395425250954244,0.38079048023791984,0.9656603468137432
0.3661034112237709,0.14304777176052536,0.12313688942666917,0.51835340992449,0.35682107947297936,0.9660406723261038
0.3655281174486831,0.14078573865517552,0.1230624758936231,0.5361590887368082,0.37450063748406137,0.9664853783348505
0.3630699437507068,0.13912241118278995,0.12178331124462852,0.523737205494013,0.351381215469587,0.9668013012041119
0.361556894288817,0.13411644468763448,0.12062367305641788,0.5307993173324981,0.31712707182316535,0.9671814495427642
0.34561678321160016,0.13850111328924472,0.12095981771030576,0.5385026162713011,0.3605949851253172,0.9718714590782354
0.35900262031526164,0.13752813349701698,0.11999780920538342,0.5202358323243514,0.3567360815978873,0.9679724194183809
0.3570103229110786,0.13500053941793427,0.11856058994659444,0.5387337644790764,0.3092222694432394,0.9683221603192835
0.3554968742021014,0.13713703314557826,0.12099622766326851,0.5310338805455765,0.3324776880577929,0.9687002711602861
0.3549215769852285,0.13466911116976313,0.12021417728756431,0.5475614340592061,0.33727156821078097,0.969136406390876
0.35246413263283083,0.13597074076975818,0.1207500565405622,0.5458406287707764,0.3143221419463771,0.9694435148681313
0.3509503272297487,0.13140746529390018,0.11825636210253776,0.5683872482590124,0.2850488737781234,0.9698152474556221
0.3350101463781594,0.1333433981770785,0.11869252899195071,0.5600476464716622,0.30738631534211436,0.9744288508292318
0.3483960720295678,0.13219351719409417,0.11860967144853665,0.5351841841415335,0.29528261793450383,0.970450968869022
0.3464036964029926,0.12982491641703914,0.11863288971033478,0.5390274946444973,0.3310497237569052,0.9707209373075987
0.3448902286077522,0.12837792825537653,0.11659725240092098,0.5377755378166766,0.33642158946031486,0.9710212467437841
0.34431490948860954,0.12634778943598343,0.115756085099157,0.5465054826520312,0.27780705482359735,0.971385892382928
0.3418574620073165,0.12547563806597806,0.11441464947042662,0.5493275874413102,0.297254568635708,0.9716214226818835
0.3403436159285911,0.12617301945562667,0.11863896541373192,0.5386454905629308,0.24897577560557238,0.9719218428516366
0.3244034551019337,0.12786149592590168,0.11731098708068624,0.5411623891805961,0.2967105822353915,0.9765289129447395
0.3377893356972441,0.12374047879071978,0.11461676122999148,0.5478668784870036,0.29164470888224514,0.9725526476946211
0.3357969844760551,0.22187865195506912,0.1894310981370189,0.54493918649888,0.2036889077772912,0.9728222174923535
0.3342835360799681,0.2777226311194122,0.23394887475981047,0.5444332892016699,0.3097322566935645,0.9731228591292427
0.3337081668984947,0.31409094722254116,0.2799091393497213,0.558571371446672,0.3519252018699035,0.9734872833012509
0.33125075665105985,0.3490014045606258,0.3310174729261566,0.5513866370921914,0.35420314492137095,0.9737229907739148
0.3297368295339371,0.4001807613277141,0.40198308745511335,0.4725660909748677,0.7887802804929152,0.9740232337699594
0.33144154763472233,0.38782943515522383,0.38846820207032523,0.7775480635192575,0.9284657883551972,0.10185149156583427
0.6123491287148384,0.38500845100016523,0.38932770936420164,0.7775582291164385,0.9323246918826271,0.10440209534911768
0.6111986531791285,0.38911039272951164,0.3920640113976211,0.7603490246605873,0.9333276668082817,0.10439002539021494
0.6422221173687568,0.3930814652672243,0.39944309372249465,0.7471504262581823,0.9349766255843406,0.10417405063935355
0.6432455716304006,0.3937236533137157,0.40480883623741626,0.77459384567599,0.9297917552059971,0.10421160039223352
0.6118468934018968,0.387636013508012,0.3980509984582985,0.8075580976784436,0.9273608159795685,0.10438920596181238
0.5816072679507824,0.39015881593955143,0.39915667908825225,0.8332292087627289,0.9196090097746037,0.10453231802498571
0.5671902382007272,0.3955244510086043,0.39998517926777877,0.8224999371599317,0.9215469613259302,0.10610073720757676
0.5820372157614697,0.39200416165316704,0.3949045344313542,0.8257175869238971,0.9299957501061726,0.10455025132630952
0.581763572872239,0.3901408061389158,0.3911010732768785,0.8208815026118637,0.9214279643008467,0.10453315406342345
0.581591724848693,0.3872288128632422,0.38263702083450546,0.8012707552407328,0.9321716957075523,0.10453454376970078
0.6117890063290359,0.3859102372798833,0.3812771146247736,0.7608356629162629,0.9253718657033687,0.10443310074813388
0.6427744969893547,0.38416261793308426,0.38205377101534893,0.7689981212308616,0.928516787080298,0.10417819207479358
0.6428594411874511,0.38886773511586437,0.3858461498212238,0.7718352758690923,0.9171270718230744,0.10417879003606031
0.6285179554942562,0.3895794020517334,0.38617253793574025,0.7574463098624122,0.928975775605636,0.10579881106129975
0.6435026294952846,0.3897072871912217,0.3861168605882157,0.7513509224902204,0.926034849128655,0.1041978251363849
0.6431090050343369,0.39002496627162875,0.38817255103889653,0.7687354437880796,0.9318657033574027,0.10418059499321732
0.6431943049878699,0.3887307923321768,0.3825858322033705,0.7558157639583281,0.9257968550787155,0.10418122617455446
0.6442176641310846,0.3876901466097538,0.38331829200180234,0.7596500604356666,0.9214279643008467,0.10421878700079122
0.6433589443487011,0.38624220011858257,0.3797555991314201,0.7651747051192557,0.9374925626858612,0.10418243317044473
0.6434437718389892,0.3860965197298412,0.3809643143948309,0.7805087539888553,0.9195580110496167,0.10418302005835467
0.629102385957566,0.38692669054599715,0.37981061246764436,0.7670311178857052,0.9212069698257892,0.10580270888289037
0.6440870030126935,0.3849364117976227,0.3806186699526077,0.7548824350671486,0.917416064598342,0.10420206623203604
0.6436933785517458,0.3877917098704614,0.3827909829213194,0.7550194323729083,0.9373565660858958,0.10418483608886847
0.6437785158027038,0.3889105756631721,0.3891286299229078,0.7446794316652874,0.9334806629833565,0.10418546727020557
0.6448018373991711,0.3845171694565081,0.3765107197762972,0.7658126757610906,0.929366765830764,0.10422301702308555
0.6439431614213271,0.39222785113667,0.3872078975556283,0.7377847742147403,0.9277008074798232,0.10418666319273906
0.644027992040511,0.38869679845354227,0.38521646126509995,0.7792338054392856,0.9138971525711668,0.1041872833007194
0.629686396835968,0.3911746309153023,0.38836200010296595,0.7398607797640449,0.931100722481915,0.10580663992455136
0.6446709832279178,0.39226344521103257,0.3873482695444975,0.7407186211542822,0.9256778580535183,0.1042063073276872
0.6442772868023696,0.38632180940907224,0.3801421444563666,0.743962518807844,0.9258818529535802,0.1041890993312332
0.6443625188588675,0.39174776023554025,0.3860057803511707,0.7580075620130218,0.9303357416064273,0.10418970836585673
0.6453858047859233,0.38584384256662957,0.3804635192855663,0.7552666628730986,0.9295367615808345,0.10422724704537992
0.6445270142904982,0.38565671085078246,0.3782280123614114,0.7627591845078525,0.9247768805779515,0.10419091536174703
0.6446117510428122,0.38650403862582844,0.38138569153921664,0.7763137376490479,0.9229919252018135,0.10419151332301375
0.630270189004563,0.3907420685091887,0.3852693608320185,0.7501313685034141,0.9272588185294808,0.10581055989285552
0.6452546765234102,0.38764986458768286,0.3876827099027148,0.7688227249701256,0.9249468763281357,0.10421054842333834
0.6448609800978611,0.384405699285712,0.38098239320916527,0.7756188237792538,0.9323246918826271,0.10419331828017077
0.64494608918876,0.3884133278031523,0.38365536627151053,0.7562692448950734,0.9318147046324157,0.10419394946150787
0.6459693876313986,0.39114329747381127,0.38797228523074634,0.7639757602923594,0.9298427539310978,0.10423146599431747
0.6451105376869553,0.3907422830605712,0.38722980107505195,0.7695334034574228,0.9284147896302102,0.10419513431068457
0.6451952306347306,0.38994035078221323,0.385712769871346,0.7698924555266045,0.9288227794304476,0.1041957322719513
0.6308536592097944,0.3889674836294613,0.3869016998113809,0.7477092561375887,0.9253718657033687,0.10581444664108935
0.6458381051143296,0.39176395886492166,0.38682795028963507,0.7410802543321229,0.9197620059497922,0.10421475629891912
0.6454443773998237,0.38971517195452987,0.386040609957239,0.7559169434177699,0.9319677008073768,0.10419753722910832
0.6455294082683305,0.3904426084170152,0.38836252467189314,0.7645641736479367,0.9256268593284176,0.10419814626373188
0.6465526378752662,0.38703261813941114,0.38443136086415663,0.7600306746894936,0.932528686782689,0.10423566833321984
0.6456937941886132,0.387552887362777,0.3827680236239284,0.742010247636727,0.9273268168294635,0.10419935325962212
0.6457784558474322,0.3869393723206332,0.38012090494824313,0.7763179468416306,0.9231959201018753,0.10419995122088888
0.6314368177770175,0.38960743140193344,0.38342686891624544,0.7398904426589437,0.9286187845303857,0.10581833338932317
0.6464211998520817,0.39078991704335037,0.3842655306820365,0.7556008568804236,0.9288227794304476,0.10421897524785667
0.6460273939151846,0.38903206538353263,0.38351618286286876,0.7346517053960695,0.9280067998299728,0.1042017340313323
0.6461124310414825,0.3884387950522592,0.38047103810685595,0.760113508422773,0.9234509137271516,0.10420236521266941
0.6471356024509576,0.391125929539395,0.3858613202660631,0.7643071349348411,0.9297917552059971,0.10423990389219259
0.6462766855481474,0.3868208684403463,0.3759579414357084,0.7556452519493626,0.917416064598342,0.10420356113520292
0.6463613127891135,0.3911265678297581,0.3886304753652471,0.7602203663212654,0.9222949426263085,0.10420415909646964
0.6320196334172765,0.3880039959479826,0.3883803423084494,0.7295585823709407,0.9275478113046347,0.1058222090642002
0.6470039973447452,0.38617783112796567,0.3815126062324012,0.7573000205654796,0.9312367190819941,0.10422318312343744
0.6466100944120825,0.38543195755000775,0.38143410902985864,0.7554518673467399,0.9300467488312734,0.10420595298026986
0.6466951065072157,0.3882957804644458,0.38471619515150457,0.7573357589930692,0.9304887377815021,0.10420656201489338
0.6477183029478564,0.38781813902493334,0.38349256840766144,0.7523340866332047,0.9294347641308605,0.10424410623109497
0.646859273404802,0.39060672234537275,0.3887944573825816,0.7555072222001395,0.9254228644283558,0.10420775793742687
0.6469438693568117,0.3927498224676706,0.3921389450728524,0.7762427373062368,0.9208669783254209,0.10420837804540718
0.6326021924880907,0.38969033763200145,0.384743238118392,0.7594450409893954,0.9306417339565769,0.105826095812434
0.6475864537877825,0.39117377807355674,0.3887039592824729,0.7551256946309406,0.9194560135996426,0.1042273799256614
0.6471925214435013,0.3908797568589306,0.3861684476261308,0.7408927070060067,0.9283467913302275,0.10421016085585062
0.6472774740896159,0.38919916515196373,0.382518813542838,0.7582027335370238,0.9306417339565769,0.10421076989047418
0.648300679916944,0.39030630749954703,0.3871644977770451,0.7494188236760095,0.9273268168294635,0.10424829749664054
0.647441525218063,0.38926928590756077,0.3863250458378067,0.7462699505304715,0.9325966850827854,0.10421195473965086
0.6475260992678025,0.38983751094077956,0.38394877515811543,0.7622371652088633,0.9256268593284176,0.10421256377427439
0.6331843782816531,0.38554609173380366,0.3817548220611291,0.7547420227560866,0.9203569910752094,0.10582996041395425
0.6481685898319034,0.3859673580096269,0.3806604871709254,0.7557723219141248,0.9283127921801224,0.1042315656545286
0.6477746243213285,0.3884846196517123,0.3824535102448311,0.7474137390507882,0.9298427539310978,0.1042143465847178
0.647859551936278,0.38707801899988376,0.3837148661107534,0.755333533442055,0.9312367190819941,0.10421496669269814
0.6488826920567963,0.39061599632888283,0.3836809572670215,0.7367630522793236,0.9267488312791556,0.10425249429886453
0.6480234998111678,0.3900552323199917,0.38648045104251316,0.7573021648711351,0.9295877603059353,0.10421614046851804
0.6481080394430552,0.3879222554470931,0.3849953499288644,0.7573621657201213,0.9290777730556101,0.10421674396646319
0.6337663096959978,0.38689578799519936,0.3817641890472044,0.76190487725101,0.93106672333181,0.10583382501547446
0.6487504455269728,0.3907010391331352,0.386023589134243,0.7628708869487513,0.9322566935827581,0.10423575138339579
0.6483564549852328,0.38757196455654075,0.3816571969063979,0.7579976346720245,0.9259668508286722,0.10421854338694181
0.6484413200222696,0.39081123093527703,0.38827809563506854,0.7563131634516442,0.9295877603059353,0.10421915242156533
0.6494644520076589,0.3879383468007832,0.38374903391889237,0.7583589898843175,0.9305907352315899,0.10425668002773172
0.6486051561955835,0.38819432447942953,0.38580353578934584,0.7719906586103782,0.9266468338291816,0.10422033727074202
0.6486896676674103,0.3881333704316513,0.38260640991356476,0.763906507161564,0.9291967700806936,0.10422092415865197
0.6343479291594458,0.38881540960952043,0.38580274561589856,0.7618417790716325,0.9239269018273717,0.10583767854363792
0.6493319830133544,0.39301155727508164,0.3873418065011752,0.7603858352410042,0.924572885677776,0.10423994818561977
0.6489379768271353,0.38884812690742887,0.3837544411842473,0.7497380869624748,0.9331066723331105,0.10422271804245219
0.6490228074463196,0.38641196390001353,0.38064584350838426,0.7504191819736006,0.9348066298342701,0.10422332707707571
0.6500458518226311,0.38873249980359614,0.38545801972264065,0.7524391973196816,0.926442838929006,0.10426084360988533
0.6491865456852008,0.386997133128668,0.381720258059581,0.7423986052165319,0.9248278793030522,0.10422450085289563
0.6492709789346356,0.39152385798858297,0.3886473589592411,0.7729239080828292,0.9303357416064273,0.10422510988751915
0.6349292153955051,0.39064828809988256,0.3874573754546098,0.7641637047121157,0.9251678708030795,0.10584152099844459
0.6499132129292922,0.3916680436693593,0.3876451047294116,0.7445885766404823,0.9317127071822142,0.10424412284113015
0.6495191441651595,0.38832551371020885,0.38367159470768825,0.7377652372076584,0.9303867403314143,0.10422689269796259
0.6496039143966574,0.38770080623760944,0.3845419143189034,0.7248377743425649,0.9274968125796477,0.10422750173258612
0.6506269637792021,0.39196079187911576,0.38828350732716543,0.7453686670960309,0.9302167445813438,0.10426501826539572
0.6497676526355383,0.38973861526892817,0.38349678930615994,0.7444000365802663,0.929281767955672,0.10422868658176282
0.6498520014047902,0.3920527575413113,0.38748719177536123,0.7717789282815928,0.9304887377815021,0.10422927900635115
0.6355102416203349,0.39185805752544517,0.3876342901987018,0.7571655646590156,0.9251678708030795,0.10584535237989443
0.6504941603059509,0.3900841109360809,0.38758798426399454,0.7339717619564996,0.9271568210795067,0.10424827534992696
0.6501000539950708,0.3932269311045831,0.3908422306051927,0.7464113952849976,0.9305907352315899,0.1042310562801162
0.6501847938762815,0.3870322998881937,0.3794835647685697,0.7512098351199701,0.9297917552059971,0.10423167638809651
0.6512077806809122,0.38774236841626286,0.3846710733702827,0.7439089111664599,0.9283127921801224,0.10426917631087092
0.6503483456329802,0.3900507553478094,0.38556184674291605,0.7505184950929353,0.9295877603059353,0.10423285016391642
0.6504327328876482,0.3907827796340247,0.38768363066505107,0.7639499492057671,0.9239269018273717,0.10423343705182636
0.6360908973839186,0.3890379226362758,0.3842799087400576,0.7710404929488679,0.9317467063323193,0.10584920590805785
0.6510747760196702,0.38647355981401116,0.3853737212747051,0.752913049160153,0.9219379515511719,0.10425246107879414
0.650680625904251,0.3924413083071542,0.38827348075653195,0.7506122091919474,0.9256268593284176,0.1042352143255914
0.6507652750474864,0.3904412245605979,0.38881147599220656,0.749167344273872,0.9264768380788837,0.10423583997025011
0.6517883306878223,0.3885804275715834,0.38380998572951175,0.7517754155912544,0.9319677008073768,0.10427334542970292
0.6509288224237317,0.3894752856295737,0.38869419388961746,0.7462128087556925,0.9294857628559612,0.10423701374607001
0.6510130929705924,0.3888984284790642,0.385210788395225,0.7656663070454299,0.9246748831278637,0.10423761170733675
0.6366712997069532,0.3926589241986032,0.3881286222646442,0.759868064843962,0.9264768380788837,0.10585303728950773
0.6516550631993447,0.37196272570224365,0.3124917280792273,0.7458110294108597,0.9190990225243922,0.10425660251423417
0.6512609005683432,0.35283937299647006,0.2759465742483934,0.7593649869115953,0.9198980025498713,0.10423936129770982
0.6513455371959962,0.336930992301217,0.25384665951629787,0.7667070894755612,0.9186570335740498,0.10423999247904692
0.6523684833249832,0.3144773658840202,0.2303731207871526,0.7668855830666885,0.9275988100297354,0.10427747579178616
0.6515089938342666,0.28461230511538055,0.20577450344460285,0.35838332378256954,0.8139396515086901,0.10424114410815326
0.6507343825219483,0.28357773477293974,0.20589534907450324,0.38372861953533155,0.7999999999999545,0.9162084628265701
0.634793946978252,0.2824414983639206,0.20623071019505684,0.36947514187857955,0.7952401189969578,0.9207722360946183
0.6481791198173643,0.28527985313528764,0.20752596826459804,0.3758571514400384,0.7938121546960701,0.9168013746426142
0.6461863136547459,0.2830598113113563,0.20516315266722046,0.36092940878276636,0.8022099447513256,0.9170521418805145
0.6446723849731746,0.280381736256348,0.20317791160212334,0.3782088591035129,0.7946621334466499,0.9173335158765864
0.6440967457680062,0.27991901507756267,0.20525180702928558,0.3902940863584159,0.787471313217111,0.9176791153420493
0.6416385451615274,0.28067693213979356,0.20348503896219106,0.3661424540871401,0.8010199745006048,0.9178959316680266
0.6401242723014322,0.2764921878802141,0.2004942501712153,0.39480745266931727,0.7878793030173483,0.9181685577122334
0.6241838173585834,0.2782978898621218,0.20198212242535704,0.37968874768062566,0.7833404164895228,0.9226915810272889
0.6375689363806898,0.27402639711479887,0.19839317676153453,0.38421100888906046,0.7873183170420361,0.9186829151351985
0.6355761114446978,0.2753203565028683,0.19937629861243328,0.3783794108218421,0.7940501487463507,0.9188943055163482
0.6340621358296921,0.27337632788085564,0.20040744176056485,0.3865590235816838,0.8011899702505616,0.9191362583622424
0.6334865792273687,0.2737171356003,0.19904832572428027,0.3660453249828248,0.7786145346366311,0.9194425474110954
0.6310283523381663,0.2748269419608831,0.20172987781262458,0.3900443938776579,0.7972800679982583,0.9196199425868951
0.6295140043845757,0.2741939241980669,0.20052379867407566,0.4122902943524114,0.7687717807053787,0.9198620061663572
0.6135736201547681,0.2744712157686398,0.19887946322388905,0.4102545540981912,0.7950701232468873,0.9243836453118137
0.6269587041332434,0.27025727285382556,0.19485937502282535,0.37446315421723186,0.7849893752655817,0.9203761974889705
0.6249658729394598,0.2703188705557514,0.19594988520793977,0.3894544318568849,0.7794645133870972,0.9205875325033362
0.6234519160978289,0.2678558510790272,0.19488602400967472,0.37893895546980016,0.7689757756055542,0.9208297068163662
0.6228763344643395,0.2698378177492566,0.19689342755860262,0.3838880526317443,0.7700467488311915,0.9211358851316512
0.6204180449972232,0.267504600071038,0.19518154002547233,0.37875788077001404,0.7570250743731322,0.9213133910410191
0.6189037126881121,0.266056970043156,0.19470053023958367,0.3997369334054508,0.7600169995749866,0.9215552331533452
0.6029633506734635,0.26755340872263655,0.19502639378517295,0.3870086527101224,0.7645218869527071,0.9260755988627708
0.616820950775216,0.2649889368367524,0.19275487310146439,0.40869024341323934,0.7720186995323957,0.9220996436666424
0.6152851326524837,0.2653661896843767,0.19244299584722904,0.4090023590141867,0.7598810029747938,0.9223451510600669
0.6133132052977279,0.26646384886085195,0.1960992257761041,0.40095041185956704,0.756107097322456,0.9225529426002592
0.6113143447220035,0.2625668412483186,0.19466385468210082,0.3967385190400645,0.7601189970250743,0.9227641115142733
0.6098003159157717,0.26260030232435316,0.19186621128476578,0.4269520636896902,0.7279218019548352,0.9230060643601673
0.5938595108494975,0.2629871474067049,0.192539830828513,0.4000106500514218,0.7593710157245823,0.9275257656681855
0.6077137955734062,0.26414214007637815,0.19607679768775327,0.40566661360171996,0.7554101147470647,0.9235488803100866
0.6061873250264642,0.2630683533170663,0.1916849450532862,0.4024208098986868,0.7575350616233436,0.9237909992563328
0.6046510660423334,0.26146300120409816,0.1917741217709075,0.40729394304732125,0.7425924351890671,0.9240364402096164
0.6030177412054223,0.2593785147315807,0.1886110375411183,0.4099692026085717,0.7525201869951843,0.9243105611569898
0.6016204496189963,0.2592958176891107,0.19008149941896796,0.39795727883959087,0.7451763705906842,0.9245144770223054
0.6000962756814698,0.2593028496106733,0.18989521768880063,0.41341843738331674,0.7448193795154339,0.9247566513353356
0.5985577326035063,0.25693872759372866,0.18806327691258826,0.4222933611065922,0.7416234594135176,0.9250019704816942
0.5969005427407135,0.2553676911864688,0.18702949542622374,0.40081337484444357,0.7342796430089038,0.9252831340839872
0.5955278765018153,0.2579905621707508,0.18845720825656437,0.4091499190107668,0.7268338291542022,0.925479963000956
0.5940055861594771,0.2556993321980943,0.1880471812786706,0.4119538369113389,0.7469953251168135,0.925722358781122
0.5924659010345965,0.254649628831472,0.18797910684017072,0.4060984132257277,0.7363535911601957,0.9259675229004858
0.5905068506499371,0.2543793709703898,0.18538489437151706,0.4114709710452422,0.7325116872077615,0.9261765878767092
0.5884938380791342,0.2529756470950154,0.18431074099809838,0.39349160347483925,0.7380705482362373,0.9263868155553958
0.5869798186595894,0.25348461840016256,0.18496509978739684,0.41195419429561486,0.7267828304292152,0.9266287794746468
0.5854657585644003,0.25299099288265126,0.18530151668591782,0.42369919171986714,0.7259158521036397,0.9268708209073956
0.5839517860782895,0.2522021696937662,0.18522789996643202,0.40396709253238816,0.7240118997024183,0.9271127848266466
0.582437722854205,0.25297053183247015,0.18570784733424028,0.4157760617420252,0.7206119847003265,0.9273547376725408
0.5809237265884879,0.2489013074010322,0.18121229826838686,0.4162181063819421,0.7119932001698999,0.9275967458852189
0.579409691524464,0.25112667725096316,0.18403263535859288,0.4100604547270166,0.7279898002549317,0.9278388094646811
0.577895703393875,0.25111154601470986,0.18579518695393094,0.420746482832431,0.719031024224364,0.9280808730441432
0.5763816902321213,0.24891409466343128,0.18413659739449934,0.4290736952982168,0.7147811304716924,0.9283228258900376
0.5748676082346629,0.24884780901379708,0.18500916357728028,0.4267514519828217,0.7203909902251553,0.9285647787359318
0.5733536044595957,0.2470069402723637,0.18265189026088868,0.4155359392179885,0.7107522311941921,0.928806842315394
0.5718395600088853,0.2461322232254089,0.18151916002393448,0.41703715172356337,0.6976965575860277,0.9290486844277203
0.5703255343315483,0.24431629071841066,0.17910806195154602,0.4289718010702228,0.7043433914151365,0.9292908587407502
0.5688114523340899,0.243717372321992,0.1797824716687405,0.4088408213214825,0.7117382065447373,0.9295327008530767
0.5672974379207769,0.24409675816794432,0.17906953601590653,0.42712920716244174,0.7011984700382072,0.9297747644325387
0.5657833840833795,0.24282198146140174,0.17823944663600144,0.412769586375749,0.6871228219293926,0.930016717278433
0.5642694115972691,0.24350785932109006,0.1798843199353412,0.4202789050714695,0.7065023374415205,0.930258847298036
0.5627553452442893,0.2425225231571565,0.17794868272774245,0.4307022160247378,0.6982065448362391,0.9305008444373573
0.5612412820202048,0.24236480464792676,0.17926874604608936,0.4147162982359076,0.6960815979600739,0.9307427972832515
0.5597272406983893,0.2385423929752445,0.17636212732753112,0.41183820324340537,0.6914747131321519,0.9309847501291457
0.5582131524431397,0.24078630364048284,0.17898378116985242,0.42953619026058765,0.6876328091797177,0.9312267694151809
0.5566991205080116,0.2399218153306904,0.17907481711911435,0.4409022015149362,0.6833829154270461,0.9314688108479294
0.5551850697995091,0.23880732102239888,0.1770782236741542,0.44487301878566643,0.6875138121546343,0.9317107747671804
0.5536709752864679,0.23915388229475149,0.17601331112466378,0.443569439784661,0.6762770930725992,0.9319527276130747
0.5521569289584201,0.23748395021564025,0.17567293893216446,0.4277430345109716,0.6860008499786545,0.9321946915323257
0.5506428845077092,0.23643232840207246,0.1754486624753978,0.4443165317587352,0.6833829154270461,0.9324367994052151
0.5491288087680424,0.23374466290026485,0.17221011336133718,0.4419415146985999,0.6782830429237947,0.9326786415175414
0.5476147580595403,0.23467692799180015,0.17405577703775438,0.44920753412116454,0.6858478538036934,0.9329206497302195
0.5461007010932466,0.23799739670504147,0.17668244637876346,0.4312811388423221,0.6647173820654189,0.9331626579428979
0.544586640998058,0.23422272986668602,0.17368980942300205,0.4359222104678093,0.6758691032723618,0.9334046550822191
0.5430725809028694,0.23315406015784762,0.17351856976215602,0.43743442246720865,0.6700892477688285,0.9336466190014703
0.5415585082920975,0.23134366665237519,0.17148741674238976,0.434969423988276,0.6716022099446946,0.9338885718473645
0.5400444200368479,0.23362381325819553,0.17218583932157167,0.44638102159248283,0.6798130046748838,0.9341305357666155
0.538530377463474,0.2287203683532563,0.1695776405615641,0.45797544110849175,0.6636634084147772,0.9343725329059369
0.537016295466016,0.2318319659318151,0.17107580499085942,0.44750185810041465,0.6640543986400189,0.9346145411186151
0.5355022103396614,0.22996871590532691,0.1719969214665424,0.45056090866461096,0.6475138121546706,0.9348565493312931
0.5339881064399332,0.2301735409585205,0.17056577348440857,0.4411172277209323,0.6751041223968741,0.9350984578837603
0.53247404947364,0.2252151047463093,0.16952381137882522,0.44122861248691936,0.6573225669357043,0.9353404993165089
0.5309599831206593,0.227880607090301,0.17163623052825594,0.45069242607814,0.6462218444538621,0.935582407868976
0.5294458573186613,0.22446145189280628,0.16725756737158254,0.44064055651561773,0.6466638334040908,0.9358244160816541
0.5279318097390551,0.22586006408149178,0.16903568117842702,0.4552056335515853,0.6452188695282075,0.9360663800009054
0.5264176682925794,0.22275805694973233,0.1662127035366171,0.44187226156780435,0.6621844453889025,0.9363083771402267
0.5249035831662248,0.2188209782906541,0.1656944936243184,0.45347009608911626,0.6451338716532291,0.9365504407196888
0.5233895230710361,0.22276146652878642,0.16425701540112236,0.45816032790722083,0.646833829154275,0.936792338198799
0.521875464227405,0.22415602548427022,0.16776575292661872,0.4502760733967235,0.649009774755541,0.9370343464114773
0.5203613352965117,0.22423275621037753,0.16661006781901547,0.45753049768500365,0.6578835529110165,0.9372763435507986
0.5188472220100961,0.21871035917367537,0.16407047027980592,0.4451884699731887,0.6459838504036952,0.9375181413696979
0.5173331368837419,0.22012239512719484,0.1680356735201634,0.457239308918878,0.6260093497662638,0.9377602603159438
0.5158190674018663,0.21922252908235051,0.16403590627825781,0.45779913153238416,0.6229664258393086,0.9380022242351951
0.5143049603732428,0.21822994644547183,0.16408260840637418,0.46304640630851535,0.6393880152995735,0.9382442213745165
0.5127908189267663,0.21900725716475572,0.1653812994143376,0.46167464632954247,0.628083297917442,0.9384861742204106
0.5112767181559339,0.21759373007912763,0.16322507986617246,0.4674139201254879,0.6303102422439224,0.938728182433089
0.5097626424162662,0.21336678535053175,0.1604625250393128,0.4598856203537811,0.6064598385040654,0.938970079912199
0.5082485072275813,0.21481398985150507,0.16295436688580955,0.4654894057997989,0.6399999999999864,0.9392120327580934
0.5067344064567485,0.215235148851637,0.16483459235040387,0.46108857582644047,0.6058988525286395,0.9394539856039876
0.5052203013054619,0.216807890942388,0.1645657275348266,0.48200266394239266,0.6068848278792984,0.9396960491834498
0.5037062067924212,0.21287081407123803,0.1607166178168309,0.4685135915424137,0.6113047173821542,0.9399380020293441
0.5021920903771102,0.21378538761335514,0.16444039318853665,0.47310740902475534,0.6102507437313989,0.9401798441416703
0.5006779489306337,0.21046704653465725,0.15926357516875736,0.4584195903446999,0.5963790905227597,0.9404219077211325
0.49916385128869667,0.21051905021392742,0.16002663482127494,0.4639339105936524,0.5935401614959801,0.9406637498334588
0.49764969419774285,0.21046662100774857,0.1613715011750565,0.46537456631914487,0.6166935826604458,0.940905813412921
0.4961355996847008,0.2088911058403783,0.15936700599562362,0.4586145236125181,0.6032639184020354,0.9411476555252474
0.49462145198043395,0.21059940507047137,0.1616757290191132,0.46659364379358315,0.5979940501487135,0.9413897191047096
0.493107335565123,0.21108642598125704,0.16159551645404507,0.4624976228981983,0.593455163620888,0.9416316719506038
0.4915932003764376,0.2084343527658838,0.15942716099268273,0.4817848580809172,0.59167020824475,0.941873569429714
0.4900790870900229,0.20965818961042798,0.16092558881312716,0.4638785160308887,0.5948491287717843,0.942115533348965
0.4885649550302338,0.20683901841455182,0.15952927265043254,0.48757710416842315,0.5921631959200795,0.9423576412218543
0.4870508367375854,0.20438921351506362,0.15577409618433874,0.4897561158079127,0.5875053123671705,0.9425995276276078
0.4855367359667526,0.20649693232645325,0.15927307053035067,0.482837235645333,0.5806714832128819,0.9428414361800749
0.48402257887579836,0.20312850601543075,0.1560361039765556,0.48467498501070794,0.5628899277518258,0.94308345546611
0.4825083998825739,0.20174353571881815,0.1550012644988527,0.47785879326340175,0.5771695707607023,0.9433253418718633
0.4809943304006983,0.2034746399729465,0.15610232803689883,0.4950915453720979,0.5594560135996289,0.9435734957975609
0.47948013576299564,0.19931462276020429,0.15078619380621766,0.4729896310511661,0.5734806629833429,0.9438279615366296
0.4779659786720414,0.199729600892591,0.1541975673547609,0.470899846352558,0.585125371865729,0.9440825380092661
0.4764518372255653,0.20069234122008722,0.1545120807338582,0.4727591181932145,0.5588270293242203,0.9443371144819027
0.47493767074792403,0.1977252529373068,0.15349518726822958,0.4908346221338329,0.5593880152995325,0.9445916909545392
0.4734235261725517,0.19836082922535975,0.1551044341479409,0.47636691245836427,0.5726646833828681,0.9448462674271757
0.47190940037055373,0.1954736666963582,0.15118303130631783,0.4836122830116554,0.5543221419463862,0.9451008438998123
0.4703952213773297,0.19746181423433284,0.15618518115357088,0.4823039785963352,0.563450913727138,0.9453554203724489
0.46888109870422756,0.19518252047025803,0.14960016780893579,0.47614454002003037,0.5667658308542514,0.9456441027840032
0.4673669259687947,0.19623094725615425,0.15289465323492804,0.4696802526563879,0.546570335741535,0.945953270905622
0.46585276887784,0.19325405039933558,0.15169543554648152,0.4914687012579968,0.545856353591148,0.9463885645610958
0.46433863368915507,0.1905109716392037,0.1475278549420391,0.4829857486666491,0.5493072673182269,0.9468238582165696
0.46282446595995586,0.19239404084965353,0.1519806616004965,0.4862437431444264,0.5378155546111429,0.9472591518720432
0.46131036831801886,0.18928265782247727,0.14990544700421782,0.4931552373653043,0.5277688057798287,0.947694445527517
0.45979614239135946,0.19053718266643674,0.1485690246608042,0.4898825504228512,0.5327666808329923,0.9481297945497748
0.45828195401144844,0.18964286098690275,0.14733260463257664,0.48862360474696875,0.5024394390139832,0.9485651435720326
0.4567678250805547,0.18900856127957588,0.14880491024846992,0.49951548619529773,0.5371865703356207,0.9490003929340793
0.4552536304428525,0.18673395546320948,0.1445740073130663,0.4880583816599602,0.523756906077324,0.9494356201494123
0.4537394858674806,0.18488049970733406,0.14643945852623044,0.48793758577470814,0.5165320866977936,0.9498709138048861
0.45222529748756957,0.1840818786719799,0.14598483212267102,0.5133037686529278,0.5199830004248724,0.9503061520935759
0.45071111849434553,0.18161118361954548,0.14451569384067986,0.4897449177672679,0.5114152146196602,0.9507416118494016
0.4491969488878085,0.18446339394040387,0.1461486879778585,0.4818259969820089,0.51773905652351,0.9511572392232137
0.4476827730234798,0.1808181015857171,0.14332993344791806,0.49798985243087035,0.5362855928600538,0.9515378969362783
0.44616857212798644,0.18294649778659858,0.14597428098311033,0.48879129739109084,0.5134891627708384,0.9519180895683576
0.44465442129482335,0.18596303658719696,0.1493458138536396,0.5049957755193124,0.48962175945598574,0.9522969091041948
0.4431402203993291,0.17929971429980318,0.1430600084276314,0.4872992180392335,0.4975265618359117,0.9526757397133888
0.44162601011714875,0.17758736183650836,0.14382888039239702,0.47530659302115086,0.5233149171269815,0.9530545038824418
0.44011187179956757,0.17744348725523668,0.14271910945283386,0.4778215855893446,0.5010284742880913,0.9534333234182791
0.4385976302284309,0.1790136815483201,0.14488640913622886,0.5055934014473349,0.5185550361239848,0.9538121429541163
0.43708349191085016,0.17655683578762832,0.1435402236133308,0.49636669246848775,0.4770590735231508,0.9541908517563856
0.43556925972640004,0.17462197566136273,0.14210380116810212,0.49068634736870065,0.48907777305566924,0.9545695605586548
0.4340550776042802,0.17735695868266027,0.1436774282682979,0.5018224016961936,0.47214619634507926,0.954948380094492
0.4325408360331431,0.17351600619467059,0.14046895665276682,0.49392988763798673,0.4471738206543705,0.9553270888967612
0.4310266476532316,0.17416500982341387,0.14080379099102225,0.4990037119122175,0.47068423289408656,0.9557059748727391
0.42951247178890295,0.1727295251917115,0.1410061639283652,0.4985183840655536,0.47564810879725883,0.9560847944085763
0.4279982771512003,0.1735933805749255,0.14256185386997072,0.5097477951077822,0.4767530811728875,0.9564635475042728
0.4264840668690195,0.17225124724976418,0.1421109237959826,0.5017508057129227,0.44620484487882095,0.956842256306542
0.42496987848910894,0.17220371339096352,0.13981961336215612,0.49914988208105826,0.45106672333190545,0.9572210758423791
0.42345566820692815,0.16850556272733286,0.14068452792138741,0.526942743901962,0.4611474713130974,0.9575998289380755
0.40751464005039306,0.16931165015079924,0.1389486297396407,0.5050540291562828,0.46845728856771984,0.9622307731884209
0.42089988923455923,0.16685332040971163,0.1361430558340099,0.5138496135703099,0.459226519336994,0.9583876539803634
0.41890677018237543,0.1665204081811446,0.1393444092484025,0.5001691817452718,0.4483297917552136,0.9587356895843202
0.4173926099625249,0.16589078926981338,0.13827606597386086,0.5150651172019893,0.4428389290267205,0.9591145091201576
0.4168163662547144,0.16417802558303535,0.1358850099758844,0.5156419354232824,0.44899277518049985,0.9595575541253853
0.4143583508788584,0.1635251814845447,0.1360338259751216,0.5024571558795452,0.4396770080746819,0.9598716609641331
0.41284374009803315,0.16095644717786087,0.1364966197176739,0.5287280769068727,0.4181895452613844,0.9602505247933971
0.3969026772107558,0.16261231005006235,0.134837242198166,0.5292657416952731,0.4265533361665348,0.9648799630672191
0.4102879141922293,0.16002077071934323,0.1340008225771987,0.5160982754342349,0.4185975350616218,0.9610381172951926
0.4082948264290014,0.15879351893196036,0.1320221795710549,0.5058534183627297,0.4442328941776168,0.9613862747060741
0.40678058172896847,0.16060454715193948,0.13425122123851652,0.5026874701906767,0.41383765405862505,0.9617650942419113
0.40620438182569796,0.158202705214017,0.1349018859116147,0.5237743337493421,0.40982575435612034,0.9622081835405663
0.4037463257741982,0.15638187199585604,0.1334504236104357,0.5034056140384038,0.404759881002974,0.9625222239391731
0.4022317149933725,0.15358869906375858,0.1314786420543943,0.5187379951147157,0.39119422014448446,0.9629009327414424
0.3862906411549609,0.15887621955028672,0.13574542373372045,0.5122071548570291,0.39275818104545124,0.9675292636795851
0.39967586405640354,0.15543276819664809,0.1306957837982748,0.5293677947607227,0.38759031024210344,0.9636886913435896
0.39768277942207186,0.15657114207381578,0.1332918488584561,0.5315884218136719,0.40912877178061535,0.9640368376811143
0.3961685409798297,0.15195926355810083,0.12974906968696778,0.5049054764256031,0.3910922226943967,0.9644156572169514
0.39559231792273053,0.15034602310596812,0.13116834957379547,0.5134228967448924,0.41784955376101607,0.9648588129557474
0.39313425060720686,0.15164318288549372,0.1332008217626782,0.5190239025354311,0.3939311517211763,0.9651727979875703
0.3916196179241118,0.14935322949356328,0.12762583822019827,0.5279346838143877,0.36804079898001874,0.9655516175234075
0.37567847900467033,0.1495846982526113,0.12855776701322005,0.5286216558113841,0.3872503187419625,0.9701784535583832
0.3890637763738303,0.1488395684527795,0.1295936689090033,0.5337249841430582,0.39053123671897083,0.9663392543186299
0.3870706604505414,0.1496149571492615,0.1311810100559199,0.5314400279204481,0.3900212494687594,0.9666874117295114
0.3855564094927173,0.1476014460620149,0.1276981379839386,0.5234519731324856,0.3892222694431666,0.9670662312653486
0.38498008443361886,0.14543639912121187,0.12630023926097841,0.5242990929944464,0.36758181045468064,0.9675092209037925
0.38252206592886795,0.1440998065855045,0.1275371816447622,0.5172247903812166,0.3448363790904523,0.9678233720359674
0.38100743011687666,0.14397022470216606,0.12739997477642406,0.515262155066099,0.3498512537186116,0.9682020808382366
0.365066257405362,0.14478760468006655,0.1270844144728434,0.5214336652890561,0.34062048448788573,0.9728276434371812
0.37845155727763835,0.14296869169677928,0.1255685652092519,0.5401361800870486,0.35790905227361236,0.9689897287068159
0.3764584194520797,0.1413750576651539,0.12503848498827597,0.5275706680747079,0.34463238419027675,0.9693379857779085
0.3749441747520468,0.14420105695877922,0.12808441549099409,0.535175289244,0.3438164045899157,0.9697166392133938
0.374367835925808,0.14291966670587,0.12594772451516884,0.49831459560956604,0.34577135571612416,0.9701598503189736
0.37190983306553527,0.14047860835107648,0.1277759711751809,0.5290050100113264,0.3161070973225151,0.9704739460843643
0.3703951672161456,0.13442976122326328,0.12320443044275783,0.5377351931028649,0.3432554186144898,0.9708525995198496
0.3544539403747362,0.13667750878239268,0.1219038868432668,0.5151840070377698,0.33234169145771375,0.9754725147068306
0.36783929124801196,0.13542980309654146,0.12161074798792401,0.5263206172963588,0.3233999150021418,0.9716272915609827
0.3658461421584289,0.1368132768972609,0.12624165133058787,0.5318869568121354,0.33682957926043855,0.9719612640018145
0.3643318430156115,0.13421640775261398,0.12424401760125739,0.5282561311158724,0.33557161070973507,0.972260023168049
0.3637554597590542,0.13528486648592622,0.12403425643151383,0.5295367183951287,0.3105312367190436,0.9726231185372423
0.36129746503391,0.13202535539631952,0.12108806042609072,0.5537803175534013,0.30385040373982974,0.972857032126106
0.3597828113872139,0.13057815268327438,0.12110758235831756,0.5456784954376126,0.3083722906927733,0.9731556805587726
0.3438416339823558,0.1303967673686228,0.12076879051271278,0.5163284309079104,0.2609434764129901,0.9776985916226256
0.35722693229018354,0.13215110038576697,0.12129808720035437,0.539696478299607,0.3008924776879667,0.9737832741282876
0.3552337300093753,0.1304611327833833,0.12220178444626126,0.5559987208819672,0.30803229919240493,0.9740514708297777
0.3537194681004161,0.12683374831742553,0.11867747806914544,0.549058715337746,0.301572460688476,0.9743501192624443
0.3531430244561724,0.12524331467725627,0.11798591915343695,0.5218030020835107,0.32129196770074486,0.9747132146316376
0.35068507729024256,0.2301541455135393,0.20037419692813319,0.5332193251020323,0.20424989375260338,0.9749471946606422
0.34917035856251655,0.28079692894011726,0.24170962081988837,0.5588334929583583,0.29108372290693296,0.9752458430933088
0.3332291273406529,0.3217547378040859,0.2894326995109379,0.5211928279964677,0.3361665958350386,0.979787358914206
0.346614432219162,0.3598571466833092,0.34614371231984875,0.5339608577651482,0.357552061198362,0.9758735916898189
0.344621258411304,0.4105323237927936,0.41436853609899643,0.4638500047075451,0.7927921801954199,0.976141677657741
0.3607504583529426,0.39400349983366906,0.3954507124996187,0.7836891166600359,0.9277008074798232,0.10042544253151152
0.6275239773070842,0.4004071148242168,0.40040748160124284,0.7735126788226825,0.9335316617083436,0.10456913693631743
0.6262494504450684,0.3981049087604155,0.4036799373456644,0.7359419420507751,0.935758606034824,0.10453694668812455
0.657099861047652,0.40105867697819686,0.40823247850141675,0.7764955271173859,0.924572885677776,0.10434806844133196
0.642756719229983,0.3981477493077231,0.4118284184176017,0.781474207755501,0.9363705907352369,0.1059533619020387
0.6272011553745105,0.39975544360661736,0.41332222914613853,0.8253579789236198,0.9305907352315899,0.10455356779666858
0.5963475248254002,0.40074749344089605,0.41130031252355853,0.8118621956411269,0.9296387590309223,0.10467880746198042
0.5964912215488982,0.40005373260582777,0.40834290136727447,0.8075318894982115,0.9263918402039053,0.10467861921491498
0.5975589994335979,0.3954644517144783,0.4028210896363462,0.799762950980736,0.9295877603059353,0.10471313486803407
0.5965023666752458,0.39875497799435866,0.3979156397547461,0.814406970232312,0.9255758606034306,0.10467959367031263
0.5965979353514519,0.3956313369315269,0.39611918816916014,0.7945770271719663,0.9234509137271516,0.10467972655059413
0.6112452017598891,0.3944566323535833,0.3952351434443691,0.7477745780413494,0.9335826604334443,0.10611322795403756
0.6581216663812821,0.3958390405491028,0.39692117216409734,0.7425318698420764,0.9299957501061726,0.10436981651407046
0.6577266379848496,0.3930046308412821,0.39062362923167204,0.7405404849474311,0.9308967275818532,0.1043525863709029
0.657810395392822,0.39639170703123144,0.3959185261676007,0.7283014633258016,0.9376965575859231,0.10435314003874248
0.6588319669979454,0.39511799771781697,0.39471192024675367,0.737122501442145,0.9257968550787155,0.10439071193833602
0.6579721624274351,0.39630133798890765,0.3940521497653583,0.7299737834808013,0.9280577985550735,0.10435428059449199
0.6580555349812416,0.39441581395305597,0.3945607315138036,0.7507255794261338,0.9306927326815639,0.10435485640904513
0.6437122464183656,0.39438522965347556,0.3941805186432903,0.7281859487859597,0.9274628134295426,0.1059594965417012
0.6586956976469698,0.39260126709040327,0.3951218188491294,0.7490801028011898,0.9288227794304476,0.10437381399587219
0.6583005619294164,0.39618634917543794,0.3960372602415664,0.7451483198352602,0.933276668083181,0.10435655063263424
0.6583843737801738,0.39320284771189357,0.39282391035634956,0.7457008359257922,0.9324776880577019,0.10435714859390098
0.6594058358739492,0.39614755828547554,0.3978852966516964,0.7556960005165396,0.9314577135571653,0.10439469834678096
0.6585460491381445,0.3935757326509551,0.39343855905652314,0.7453839552011663,0.9283467913302275,0.10435827807629372
0.658629377887411,0.3937507189706225,0.3935700908416152,0.7631851071459899,0.9361665958350613,0.10435885389084688
0.6442860298755173,0.3952660202924843,0.3938092765654431,0.7414545945064397,0.9293327666807727,0.10596315074944239
0.6592694873619127,0.3921351327567074,0.39298459666426394,0.7368377853023493,0.9295367615808345,0.10437780040431711
0.6588743359998817,0.39255469692489586,0.392197654738648,0.746187831565744,0.9356056098597492,0.10436054811443597
0.6589580370877322,0.395713930274162,0.3937311733429387,0.7311337734216254,0.9345516362091075,0.10436112392898912
0.6599794688312195,0.3948526405678975,0.3934393514433414,0.7518517369888398,0.9250658733531054,0.1043986736818691
0.6591196163886064,0.3963016562401251,0.39541918302971263,0.742786049480965,0.9274628134295426,0.10436226448473865
0.6592029711077068,0.39362464857824486,0.392420080817258,0.7578384795411601,0.9252188695281802,0.10436282922593502
0.6448595392414092,0.39546786308146065,0.3963749940958328,0.7466340059795156,0.9251678708030795,0.10596681603054038
0.6598429741997562,0.3938416208155463,0.39407378768026186,0.7427645270056833,0.9342456438588442,0.10438179788611886
0.6594477414864381,0.3937031886876783,0.39364357475884104,0.750550064037306,0.9265448363789801,0.10436452344952413
0.6595314050275403,0.39408566407353907,0.3910661130819212,0.7536254748594657,0.9291287717807108,0.10436512141079085
0.6596151111216235,0.39049578676510477,0.389787869195263,0.7490659265582462,0.931151721206902,0.1043657082987008
0.6596987777916219,0.39550302984098634,0.39561826025763547,0.7485364816081912,0.9318147046324157,0.10436628411325398
0.6597824131726626,0.3953035328137924,0.3960866007079157,0.7479927015777363,0.9361665958350613,0.10436685992780714
0.6598661017449303,0.39243651308375455,0.3938251021680987,0.7409735155617228,0.9352486187844988,0.10436743574236028
0.6599496870636412,0.39536736721388116,0.3956339574847729,0.7482902835514642,0.9324776880577019,0.10436803370362703
0.6600333318313698,0.395542566297003,0.394829861933901,0.7311116155965196,0.9290267743306231,0.10436862059153697
0.6601169922435766,0.3967345422612407,0.39512538016306964,0.7464149294183926,0.9295367615808345,0.10436920747944693
0.6602005828814099,0.3954768134499687,0.3947825024345974,0.754817907350668,0.9277008074798232,0.10436979436735687
0.6602842620669906,0.3960621972300058,0.396612201065986,0.7440473380093229,0.9320186995324775,0.10437038125526682
0.660367847385702,0.39647461862508393,0.3967216965293944,0.7512470427940272,0.9359116022098988,0.10437095706981997
0.6604514577355776,0.3914287974226944,0.38831912046656797,0.7545494720501076,0.9294347641308605,0.10437153288437316
0.660535071214349,0.3943664742867856,0.3945369886830783,0.7529126917758773,0.9306927326815639,0.10437213084563988
0.6606186502752687,0.393204127868476,0.3945890958631786,0.7352775249725243,0.9329366765829263,0.10437270666019303
0.6607022168206047,0.3947281650074634,0.39455018037424294,0.7443457141703302,0.9312367190819941,0.10437331569481657
0.6607858227900274,0.39517703689450606,0.3974794883589301,0.7449070457396678,0.9259668508286722,0.10437386936265615
0.6608694174954253,0.3940610478782496,0.396036204463599,0.7473065237680201,0.9282617934551354,0.10437446732392289
0.6609529902985534,0.3989570317588611,0.39848424812473243,0.7364902489487244,0.9331066723331105,0.10437503206511925
0.6610365787461596,0.3975797370379587,0.3975531050784159,0.7172155619250258,0.9267488312791556,0.10437563002638599
0.6611201421626012,0.3965160753159743,0.39828358390980206,0.741963589134041,0.9327666808329695,0.10437619476758235
0.6612037055790423,0.3913794559684959,0.39081624562964357,0.754376140676299,0.9273608159795685,0.10437677611881391
0.6612872032886741,0.39488130820846057,0.39489820197692094,0.7402464371070983,0.9383765405864324,0.10437736854340225
0.6613707635762198,0.3964555414313202,0.39356520814518753,0.7390831115796994,0.931100722481915,0.1043779554313122
0.6614542581569567,0.3968724397985806,0.398240578111257,0.7431453398063304,0.9263068423289269,0.10437855339257894
0.6615378028000243,0.39743757350396275,0.3967401693237669,0.740476830836958,0.9378325541861159,0.10437910706041853
0.6616213349275082,0.3979125545063318,0.3964199808614236,0.7396420605871974,0.928516787080298,0.10437971609504207
0.6617048920861577,0.39853714933945533,0.39932185411255616,0.7565605527892911,0.9337356566085191,0.1043802919095952
0.6617883647646257,0.3953707785808635,0.3959548077450455,0.7593846827561332,0.9371355716106109,0.10438085665079158
0.6618718718609444,0.3957347113634887,0.39679241373286916,0.7293396646472736,0.9363705907352369,0.10438143246534475
0.6619553664416808,0.3960099772114249,0.39377747927764595,0.7472306788828025,0.9360645983849736,0.10438203042661148
0.6620388391201479,0.39741434116509056,0.3970813316897135,0.7584326904638796,0.9417764555885242,0.10438260624116465
0.6621223399586755,0.39767756710461016,0.39871894513217077,0.7710319554356104,0.9238079048022882,0.1043831931290746
0.6622058282816212,0.39524246970239474,0.3950397559059046,0.7424730602740097,0.929366765830764,0.10438376894362773
0.6622892978311921,0.39399113809817865,0.39511403663669065,0.7469844014073477,0.9324776880577019,0.1043843558315377
0.6623728111853033,0.3935860722396651,0.3959148342647715,0.7430226378716069,0.9303357416064273,0.10438494271944763
0.662456255703709,0.39353555611664714,0.392539870669191,0.7274404848958087,0.9329366765829263,0.10438550746064401
0.6625396845776366,0.39513227790025285,0.39466297376044246,0.7497014352195137,0.94300042498935,0.10438610542191074
0.66262318854506,0.3988053850537571,0.3977119454349156,0.7495529221981978,0.9363365915851318,0.10438668123646391
0.6627066487079452,0.3958287063241773,0.3985163043769367,0.7314582783441372,0.9361665958350613,0.10438726258769546
0.6627900713240806,0.39999234766735625,0.39997119740316683,0.726647369768872,0.935486612834552,0.10438783286557021
0.6628735314869658,0.39911677777865584,0.39695006550914147,0.7480004051943503,0.9326306842327767,0.10438840314344498
0.6629569384586236,0.3962038261734736,0.3965449145875624,0.7305945996773935,0.9283127921801224,0.10438899556803333
0.6630403579458637,0.39613338716665913,0.3969553399722363,0.7385485441216899,0.9306417339565769,0.1043895603092297
0.6631238431399136,0.396953645708942,0.39556403709485843,0.7476425046967243,0.934398640033919,0.10439016934385323
0.6632072407248848,0.39845924930831317,0.39953201368907987,0.7327842931357957,0.9323246918826271,0.10439074515840639
0.6632906226653779,0.39777753016958967,0.39816630180721296,0.7526931784117501,0.9374925626858612,0.10439133204631633
0.6633740327659319,0.3974114643886364,0.3983684135667778,0.7497816878441337,0.9337866553335061,0.10439190786086949
0.6634573874850318,0.3971006026784094,0.39784914787651177,0.7325649783184887,0.9312027199318891,0.10439248367542267
0.6635408194878551,0.4004624261706344,0.4009762161333763,0.762848133483186,0.9345516362091075,0.1043930594899758
0.6636241763971831,0.3981491331641405,0.400852732165243,0.7556614533698698,0.9357076073097232,0.10439364084120736
0.6637075270487194,0.3948426228062613,0.3970773741823641,0.7247844049573648,0.9333276668082817,0.10439421111908213
0.6637909434070641,0.39304352543107934,0.39429344704512087,0.7262098917058137,0.9317127071822142,0.10439479800699207
0.6638742909297042,0.39535777676708184,0.3952190478104515,0.7397362511985774,0.9299957501061726,0.10439537382154525
0.6639576509679275,0.3950146268617115,0.39549081878215275,0.7558820388868244,0.9278368040797886,0.10439593856274161
0.6640410141350466,0.3961956213710198,0.3977363500635702,0.7417592844563214,0.9340416489587824,0.10439652545065155
0.6641243303687303,0.39924455564245287,0.400065657437367,0.7535013433876385,0.929281767955672,0.10439710126520471
0.6642077185670141,0.39819762177659346,0.39986077453730917,0.7482954457687827,0.9249298767530263,0.10439771029982826
0.6642910441873853,0.3962613742180541,0.39873002748077163,0.7466672427171737,0.9290267743306231,0.10439825289431102
0.6643743885811304,0.39626084141545415,0.39674069610606505,0.7265988449260785,0.936472588185211,0.10439885085557778
0.6644576694582929,0.3949788182359664,0.39891775896894444,0.7560143504876331,0.9303867403314143,0.10439941559677413
0.6645410545276809,0.39552370365462175,0.3988813490159817,0.7503047395865867,0.9327666808329695,0.10439999141132729
0.6646243363435129,0.39867451586212344,0.39845693512658287,0.7391716237520292,0.9336166595835493,0.10440057829923724
0.6647076713505702,0.39276581012152584,0.3943111252393041,0.7358290880383205,0.9349086272842442,0.10440116518714719
0.664790975068672,0.3941140116749565,0.3951129786453523,0.7447592077775396,0.9295877603059353,0.10440174100170035
0.6648742913023558,0.39938149842614046,0.4003632894358413,0.7311463215806457,0.9372375690606987,0.10440229466953993
0.6649575449581264,0.39427919299644215,0.3966644432617173,0.7342802640053239,0.926034849128655,0.10440289263080665
0.6650408029943504,0.3980602552539253,0.3990147267524885,0.7593761055335118,0.9365745856352987,0.10440346844535982
0.6651241004546606,0.3955455521370766,0.39886379698394553,0.7442570828699084,0.9317127071822142,0.10440404425991298
0.6652073541104313,0.3983352028506441,0.39924783898629024,0.7380446322926795,0.9283467913302275,0.10440462007446613
0.6652906087048702,0.3930545033101524,0.3941448966504038,0.7467094537710932,0.9336166595835493,0.10440520696237608
0.665373849845059,0.3957206439445072,0.39529846798870133,0.7494641717696839,0.9318657033574027,0.10440577170357246
0.665457125403099,0.3974207365842183,0.3985920304389862,0.7525159952296347,0.9342456438588442,0.1044063585914824
0.6655403790588701,0.3981267554549421,0.4026856025572757,0.7537566745980828,0.9269868253292088,0.10440691225932197
0.6656236139412659,0.3961817685034208,0.3984920303371712,0.7504577794753973,0.9342966425838313,0.10440749914723194
0.6657069114015757,0.3970221662688109,0.3983122138636971,0.7490571904981687,0.9331746706332069,0.1044080749617851
0.665790143155077,0.398902895081263,0.4010632901485468,0.7441156381153826,0.9341946451338572,0.10440867292305182
0.665873362392996,0.39476088409329996,0.39738146701078975,0.7426827654252315,0.9265958351040808,0.1044092265908914
0.665956552532184,0.3995195032391716,0.39896722781081184,0.7422105813780477,0.9325966850827854,0.10440980240544455
0.6660397686412067,0.37521189899106855,0.3201960121517609,0.7625970511746885,0.9091712707181614,0.10441037821999771
0.6661230160391862,0.3589875413230433,0.28789627585720867,0.7488639250236382,0.9186910327240412,0.10441097064458606
0.6662061927241236,0.3399526445764325,0.2591332452441186,0.7488806029565132,0.9194560135996426,0.10441154092246081
0.6662893994464598,0.31742314206280214,0.23617052819487153,0.7249816810776584,0.9263408414789183,0.10441211120033557
0.6663725654931518,0.28886781199677647,0.21283208035138768,0.3633727259489614,0.8129536761580312,0.10441268147821035
0.6655982701992955,0.2871332974484227,0.2083349465118977,0.36075429048757823,0.8011559711006839,0.9181281842533715
0.6640834810714167,0.2838465015019133,0.2094043477777777,0.3661362197169937,0.8003909902251962,0.9184075650452211
0.6625688202282607,0.2866021583368463,0.21058852782364496,0.3590264169323589,0.8096897577560185,0.9186869569104273
0.6619918024316633,0.2831535917206624,0.20756053226614615,0.3652383512878561,0.8111347216319018,0.9190307292720195
0.6595335411246088,0.2842883361036089,0.210999347188357,0.38538037023978555,0.8048958776030304,0.9192453309266386
0.6580184015604167,0.283919608097584,0.20721488561055196,0.37345703806186226,0.8024649383764881,0.9195246009849203
0.6420765539461071,0.2828330322879449,0.20960170964317493,0.35712735630898607,0.8146876328090684,0.9240204502824093
0.6554616338570187,0.2852248636159439,0.2113138627808253,0.36298226377286547,0.7907182320442416,0.9201135928326601
0.6534680173104239,0.2809847025221838,0.20686527702086638,0.38740443594099316,0.7903102422440043,0.9203255922484334
0.6519532657292944,0.2797992310406933,0.20540378814905386,0.40675937558931197,0.7883382915426864,0.9205654300831804
0.6513762698349659,0.27910227160209705,0.2058898067935173,0.38682626760132455,0.7830004249893818,0.9208700138350874
0.6489179478273357,0.28406262268539734,0.21147666064467438,0.37557243530024276,0.7869103272417988,0.9210451943395288
0.6474028301654124,0.27720065621255524,0.20446235514095473,0.4034880387652342,0.7865703357415441,0.9212852647147685
0.6314609960053552,0.2774713413884743,0.20509375905960417,0.3704065250109232,0.7801784955375979,0.9257401868855563
0.6448459560795623,0.2793081622604905,0.20526157020877,0.38699916217212915,0.7913812154695279,0.9217953035285851
0.6428523802086112,0.2779990698482396,0.20551012070530217,0.4020537365379795,0.7855503612408938,0.9220048114390801
0.6413376755609161,0.2737442030451349,0.20356551491840824,0.3849511120150728,0.783510412239707,0.9222447710807519
0.6407606536967543,0.2740524007423621,0.20361538216705574,0.3819470986293638,0.77773055673606,0.9225491776589502
0.6383023463949331,0.2719272049329368,0.20265521518680604,0.37308035503506987,0.7731406714831337,0.9227243138699646
0.6367871505106191,0.26970972163424217,0.20031271612184465,0.40583029560007944,0.7580110497237911,0.9229643178050634
0.6208453564004262,0.27374569596517173,0.2034230313736043,0.39125207476463175,0.776319592010168,0.9274180219066042
0.6342303609049513,0.2749885009398602,0.2020918834932855,0.3937407003151374,0.7711007224818331,0.9234745227192317
0.6322367036827132,0.26888040544776,0.19936574083275957,0.3759615473579634,0.7857203569909643,0.923683975262943
0.6307219301993134,0.26780533674393747,0.1979675765052793,0.3905762213895523,0.7674628134296881,0.9239239349046148
0.6301449490107958,0.2675909212439446,0.1987923892087185,0.3880910108443496,0.759762005949824,0.9242283414828131
0.6276865616092455,0.2707268167665755,0.20234650969321483,0.38930711011648866,0.7767785805355061,0.9244035219872546
0.626171393884992,0.268090516653675,0.20104754865398933,0.40618271620547497,0.7642668933276582,0.9246435923624942
0.6102296523402462,0.2677375599621946,0.19874436569811466,0.3909842351045312,0.7696387590309541,0.9290959676612198
0.6236145291858288,0.2683991398778109,0.1994422614949984,0.39874249180309396,0.7542371440713396,0.9251537419098785
0.6216208813502773,0.2658824092503972,0.19819106057522767,0.39966684637801175,0.751449213769547,0.9253632498203735
0.6201061548003128,0.26597171447544926,0.1993182507445669,0.39708804086188865,0.7634169145770784,0.9256032094620456
0.6195292433861677,0.26683726660251345,0.19832905983038404,0.4085648412417644,0.7479813004674725,0.9259076160402436
0.6170707912164777,0.2638134831168981,0.1953066087672422,0.40409706128072154,0.7541011474712604,0.9260828519114692
0.6155555953321636,0.2623991014015963,0.19445725863288837,0.4071382029217594,0.7494262643433558,0.926322756186357
0.5996138325109266,0.2630811423673936,0.19779079456344728,0.39852782298137357,0.7388015299618473,0.9307736919486999
0.6129986899573563,0.2606243037584146,0.19453615202884003,0.4030541742542988,0.7421334466638427,0.9268329057337416
0.6110051140864057,0.2608807087518978,0.19533404792753883,0.3908754314472034,0.7378665533361755,0.9270424136442366
0.6094902999273617,0.2617807893481246,0.19626044107968765,0.41788045948658104,0.7464853378664884,0.9272823732859082
0.6089133791265295,0.2615721274010401,0.19364063097541,0.39564909263904746,0.7307267318316235,0.9275867798641065
0.6064548693851601,0.2601965365757006,0.19375461736857896,0.38905940310393006,0.7513472163195729,0.9277620711021161
0.6049397079186978,0.25951726689859433,0.19343825582469604,0.43044827464203306,0.7367105822353324,0.928001964303647
0.5889979760735291,0.2592278263559853,0.19271344764981388,0.3968666214482903,0.7365915852102489,0.9324515269697478
0.6023827962860997,0.2561707927698616,0.19079654220099468,0.4118928036188889,0.7208499787504934,0.9285120695576042
0.600389123419383,0.2561017358315363,0.18954534570796594,0.4043677997243933,0.7279218019548352,0.9287215774680995
0.5988743405492962,0.25711136815161373,0.1932390413677712,0.41243880737372707,0.7280407989800324,0.928961537109771
0.5982974885841696,0.2566239235018476,0.18944772055323472,0.4105546774712139,0.7244028899277737,0.9292659990547535
0.5958389206453396,0.2583130400504139,0.19320527196641235,0.40795109331196233,0.7362005949850072,0.9294411241924109
0.5943237466632949,0.2547508702651058,0.19102768453460575,0.42300531029353694,0.7073523161921003,0.9296810838340827
0.5783820414137382,0.25261118150979023,0.1876793699258746,0.41887275678328284,0.7245558861027348,0.9341293619907957
0.5917667943550531,0.2522690954216916,0.18908175515185338,0.40167300315606047,0.735911602209967,0.930191233381467
0.5897731621639801,0.2490498645662277,0.18549412423040534,0.4104741865904098,0.7229239269017853,0.930400696998535
0.5882583148386424,0.2484963452423535,0.18705034095430906,0.4167370283505403,0.7038334041648113,0.930640700933634
0.5876814428485826,0.2501004189866674,0.18748517318100855,0.4128999919270864,0.7100722481937964,0.9309451075118323
0.585222919965851,0.24832775434181376,0.1877258064494709,0.40159834955176277,0.7116362090946495,0.9311202880162738
0.5837076959214755,0.2466610172903741,0.18549650139086019,0.44553012934094327,0.7043433914151365,0.9313601369243776
0.5677660085066245,0.24855474434075137,0.1862197270054768,0.4281990568470122,0.7269018274542987,0.9358069755447077
0.58115070293759,0.24711222957541462,0.18547328312906203,0.41880731575143004,0.7269018274542987,0.9318705079388978
0.5791570582309347,0.24799419309531456,0.1854458417553944,0.4275075579825214,0.7054823629408702,0.9320797943822572
0.5776422691030567,0.24637647924685602,0.18499174877424618,0.43892435751341097,0.6953676158095732,0.9323198093907128
0.577065429653512,0.24589116401956151,0.18449702272826568,0.42767120027151684,0.702762430939174,0.9326241163087
0.5746068022656643,0.24777189104408537,0.18387432399776232,0.42998387363019064,0.71320016999573,0.9327994518401366
0.5730915719634981,0.24268983568904198,0.18257800793688278,0.4424174711353628,0.6913217169569634,0.9330393561150244
0.5571499073895851,0.24386038869773358,0.18282127954357807,0.4177048249696611,0.6937016574585186,0.9374848105657554
0.5705346246614895,0.24188012592306712,0.1807996307388892,0.41493950457088546,0.6936506587334179,0.9335496274693335
0.5685408892168597,0.24540648887055827,0.1860487507357798,0.4056070892651016,0.7003314917126318,0.9337589582061199
0.5670260531555464,0.24051370180554646,0.1835835578761324,0.4371385479961327,0.6868508287292343,0.9339988071142238
0.5664492306020383,0.23829877524416038,0.18098168935718703,0.44772327751401275,0.6758181045473748,0.9343032136924221
0.5639906050915284,0.23884206225501586,0.1802265380792552,0.43064197691956774,0.6963025924352451,0.9344785049304316
0.5624754292321468,0.23750867368662104,0.17756187179827582,0.42037726516606844,0.6718572035698571,0.9347185753056712
0.5465337211665839,0.23588498994594342,0.17859591888916043,0.42754623490304566,0.6719592010199449,0.9391625902200194
0.5599183705414519,0.2368656381621686,0.17926188680935795,0.43616622450951703,0.6732341691457577,0.9352286141194875
0.5579247383503794,0.2390198198633744,0.18261573927233302,0.42758507066102625,0.6745431364214483,0.9354380777365556
0.5564098772579005,0.2363950286442187,0.18050754323477175,0.42168330614764105,0.6763280917975862,0.9356780816716544
0.5558330565817302,0.23651779673323353,0.18106876115898657,0.4423193095875837,0.6657883552910562,0.9359823110761443
0.5533744354516736,0.23288784837825438,0.17486633563194862,0.4306963787482314,0.6727241818953189,0.9361576133875105
0.5518591331849074,0.2345562911131852,0.1767621321615334,0.46108905233880826,0.6487037824055051,0.9363975176623983
0.5359174767461239,0.23163971537756628,0.1751460216183487,0.4254889721735442,0.6717552061197694,0.9408403698742833
0.549777378776414,0.23128590763226853,0.17733099949592687,0.4399783234523862,0.6591925201869344,0.936938074647532
0.5482375888335289,0.2304915418660013,0.17758693822485963,0.43898908377671164,0.6619634509137313,0.9371815113232363
0.5462625400924606,0.2312903828165226,0.1760283509806141,0.43947464987955964,0.6664853378665612,0.9373870328252866
0.5442655587314711,0.22921165168484164,0.17449773189233436,0.4397693330697161,0.6679643008924359,0.937596208535078
0.5427506694789321,0.22880157426361764,0.17538982000734218,0.4657001831038483,0.6499787505310906,0.9378361681767498
0.5268085321288853,0.22857820660718853,0.1761199092854322,0.442409211587653,0.6580535486613144,0.9422781345200915
0.5406624188572655,0.22893627677328598,0.17667611392433025,0.4477199816368016,0.6398980025498986,0.9383749977182241
0.5391371942365764,0.22606467458330282,0.1722618287747703,0.45038467850723163,0.6549936251592499,0.9386150680934638
0.5375975782602902,0.2265135411065609,0.17314917142235248,0.4325799527196488,0.6577135571610597,0.9388584604757407
0.5359633598107783,0.22472552888614328,0.17464126900173468,0.44378259965054956,0.6527156821078961,0.939130577145535
0.5345657249844975,0.22229575772199928,0.17107474921289206,0.4402249186027529,0.6459158521037125,0.9393322894128491
0.5330377907401642,0.22010108302319636,0.1673884395721164,0.4554445647947025,0.6264683382914882,0.9395724262282295
0.531500834325191,0.22124243558872492,0.1703166962055782,0.44497824860023516,0.6213344666382454,0.9398159736375017
0.5299104438816622,0.22053055410147332,0.1690335718358633,0.4551044540921432,0.6401019974499604,0.9400758653213982
0.5284697695311049,0.22213590800236965,0.17025284266557683,0.462829315215592,0.6429919252018408,0.9402898468680371
0.5269445323948343,0.21920292087391502,0.16788079067101308,0.4634862272240492,0.6238334041648841,0.9405299836834176
0.5254055609710537,0.21971551630949882,0.17004281367794222,0.45944965124655446,0.6239864003399589,0.9407734314324787
0.5234469414353269,0.22116485202087202,0.1711713185896559,0.4428328707920435,0.6145686357840532,0.9409805032044798
0.5214323268699452,0.21876918558691016,0.16973700327361996,0.4504947528642067,0.6333531661707639,0.9411884054782401
0.5199174188440319,0.21568316432107773,0.16718896615078443,0.45823450499915075,0.6174245643858285,0.9414284758534797
0.518402573396032,0.21563286453737057,0.16627550129865115,0.44115098068032244,0.5925711857203169,0.9416684354951516
0.5168876997879708,0.21714827313492363,0.16649133817179185,0.4501477724416778,0.6104547386315744,0.9419083951368233
0.5153728449532835,0.21415006417410648,0.16635967137106866,0.47523769727463105,0.6090437739055687,0.942148354778495
0.513858019530216,0.21493952744128275,0.1638775904906853,0.4500872553709596,0.6025499362515347,0.9423884251537347
0.5123431115043022,0.20978799140893356,0.16261293670197186,0.46663426647294326,0.6090947726305558,0.9426283405019794
0.5108282253806591,0.21293774158709167,0.16600452271376814,0.47535972415016703,0.6078198045048566,0.9428684551706462
0.5093133173547457,0.21218856034198635,0.16438973355307088,0.4597139964826238,0.5966340841478086,0.943108414812318
0.5077984406177891,0.21150801229622582,0.16468419600427214,0.4631781619782285,0.5988610284741753,0.943348263720422
0.5062835607519363,0.20951496225916028,0.16249552401049366,0.45069651614263084,0.598453038673938,0.9435882233620936
0.5047686902727713,0.2101607672843756,0.16733434921159945,0.4790872818571055,0.5767955801104563,0.9438283380307604
0.5032538467021084,0.2095597194654853,0.16412693558740674,0.4576094001912481,0.5913132171694997,0.9440682533790051
0.5017389793518388,0.20952007752170554,0.16421875949674491,0.45948431752131613,0.5998640033998299,0.9443082130206769
0.5002241057437775,0.20706537012312642,0.15990658157819282,0.47178588139122724,0.593455163620888,0.9445482833959166
0.4987092196201335,0.20284631015783866,0.15921344231558976,0.461544995256121,0.5812154696131984,0.9447882430375882
0.49719431159422056,0.2042658071356858,0.16150897364791472,0.482864793943941,0.5801104972375697,0.9450282026792601
0.49567941608388955,0.20506358069307895,0.16128838909397736,0.4689085805860047,0.599575010624676,0.9452773532070688
0.494164511186872,0.20386510918573497,0.15977650176447722,0.4831329909883173,0.5711007224819014,0.9455301579426187
0.492649650094394,0.204114476893871,0.16123693707169334,0.48162610004369233,0.5648958776030213,0.9457826858442488
0.49113479338236843,0.20426410145219462,0.1595517007387834,0.4691195564368742,0.5797535061623194,0.9460353687728739
0.4896198478097076,0.20059834804732674,0.1571799121353687,0.47855509696093534,0.5849553761155448,0.946287907747861
0.4881049804594384,0.1997059412388819,0.1590387630762085,0.47717948517365527,0.5730216744581185,0.946540491016275
0.4865900974646906,0.20188548470143158,0.1603870601550413,0.46403000725450383,0.5713557161070639,0.9467931850182572
0.48507518318098564,0.19910851576250008,0.1574548526543431,0.4806452787531832,0.5449043773904805,0.9470457682866711
0.48356027202617646,0.19723823023859294,0.15482342899242438,0.4828192870128103,0.5439354016149309,0.9473247504376762
0.4820453420979933,0.19731624112128274,0.1571690953912879,0.46967151659631035,0.5610029749256,0.9476253477811382
0.4805304985273309,0.19875278957025683,0.15743215674810113,0.4823129926219605,0.5529111772204942,0.948056655028167
0.4790155967592087,0.19874724699287466,0.15825379990426724,0.4728997290510968,0.5387675308116968,0.9484899554794184
0.4775006918621916,0.19542677291584878,0.1545009983852573,0.47229114333861344,0.5514662133446109,0.9489231451971017
0.4759857462895294,0.19407612190080084,0.15283475941564703,0.4765320239938273,0.5292477688057033,0.9493566671154889
0.47447084765030345,0.1916160900520784,0.15262525499693955,0.4953834886161397,0.5432724181894173,0.9497899675667402
0.4729559521399729,0.1902044778375395,0.15318515817877992,0.475319220598899,0.540042498937396,0.9502233787515595
0.47144101595399857,0.19437174509908323,0.15690840676818746,0.49550194164891614,0.5192180195494984,0.9506565684692428
0.46992611105698057,0.18532596201532264,0.14814844211660771,0.4769943998281061,0.533548661283362,0.9510899796540622
0.46841119239282225,0.19298400530170773,0.15381497732379273,0.47733057930363043,0.5341266468337835,0.9515232801053136
0.46689626872243073,0.18938091162810924,0.1535978257082776,0.48250939513624624,0.5284317892052286,0.9519566912901329
0.4653813888565783,0.18659860929939356,0.14990570818199592,0.4803886768430914,0.5059923501911499,0.9523898810078162
0.46386643702612584,0.1893755836021096,0.1516429277462301,0.483913279990686,0.5244368890777196,0.9527795524333091
0.46235150084015153,0.18667789497488124,0.15212895081743552,0.4885710692584124,0.5268168295792748,0.9531582169421512
0.46083657716975956,0.18595258793486752,0.15192921179158347,0.4903633514020205,0.5212069698258119,0.9535369700378477
0.4593216503704727,0.18381737972759057,0.1511202335442838,0.47503347201563995,0.5070633234167872,0.9539156788401169
0.45780672044228954,0.18631364930482314,0.1512257759270848,0.4904638558022747,0.5085252868677799,0.9542942769088181
0.4562918105390392,0.1841575420049591,0.15045611157550093,0.500529266257917,0.5055333616659254,0.9546730964446553
0.4547768680952733,0.18582384637777732,0.15215903052933605,0.47621244303245014,0.496387590310178,0.9550516945133567
0.45326196632715154,0.18483894825624975,0.152002036124251,0.48640678979296226,0.5197280067998236,0.955430403315626
0.45174705204344656,0.18319841686825858,0.1514381798618033,0.4847507504771973,0.5094772630683337,0.9558090013843271
0.4502320939552029,0.177456914595927,0.1460632009496955,0.4836633889631081,0.4942966425838904,0.9561878209201644
0.4487171483825416,0.1796126017326669,0.14736663963845556,0.49212906798112077,0.5036974075646867,0.9565665297224337
0.4472022121965673,0.17782116920562605,0.14665528875925812,0.5016801627543876,0.48567785805346375,0.9569452385247029
0.4456872935324081,0.1789680715002495,0.1468041025451243,0.5077803946689861,0.4826179345516266,0.9573238365934041
0.44417237611980864,0.1781997093615455,0.14711492402139228,0.48656229166234,0.47700807479816376,0.9577026561292413
0.44265740238708595,0.17488946759753837,0.1459009298681446,0.4867856171254099,0.48737781555462334,0.9580812984913699
0.44114246307221583,0.1749883579056052,0.14388297075291398,0.49357980988506656,0.48924776880562604,0.9584599630002119
0.4396275456596155,0.17585242068848894,0.1440096198415784,0.5102237118351816,0.47037824054382327,0.9588385610689133
0.4381125813135802,0.17381461165717021,0.145300398048214,0.4934993587136265,0.4562685932851309,0.9592174248981775
0.43659762948312775,0.17352048674270917,0.1447193903738813,0.48246309401783605,0.46242243943891026,0.9595960894070196
0.43508265575040594,0.17031851475804202,0.14105735477287115,0.5095891561986496,0.46789630259240766,0.9599747317691483
0.4335677270737808,0.1694994273087222,0.1432096190270579,0.49982656935278147,0.47626009349767173,0.9603535070115582
0.4320528065322846,0.17301854378326822,0.14713471377151024,0.49609909106457106,0.45439864003390085,0.9607321050802595
0.430537839057354,0.16992804733318176,0.13905258956217614,0.4785432635704667,0.4457968550785836,0.9611108138825287
0.42902286845352755,0.16974559820125842,0.1426689810264083,0.5213476945160218,0.4554186145345511,0.9614895226847979
0.4275079572987188,0.16672437502880802,0.14270037548068332,0.5105094207090768,0.4605524861877939,0.9618681650469266
0.4259929303747696,0.16711185482566648,0.1415776784544756,0.4994947181979319,0.4381980450488072,0.9622469402893365
0.4244779941887953,0.16487924207864676,0.1405053710324716,0.49359140501935106,0.45116872078187953,0.9626254276244699
0.4229630548739256,0.16229281622254474,0.13988847797410328,0.5125693836753298,0.44232894177639537,0.9630041364267393
0.4214481017919147,0.16583303918934766,0.14191145480139267,0.5054950810621,0.43532511687203623,0.9633828452290085
0.41993316560594085,0.15969125555433303,0.13689318939988293,0.5067995733784771,0.4374500637483152,0.9637615983247048
0.41841820125990514,0.16232478437854247,0.1400679004675392,0.5078987285736711,0.4113897152570871,0.9641403735671149
0.41690317746485217,0.16051546184205454,0.13953992737575607,0.5061124822533891,0.4147896302591789,0.9645190823693842
0.41538821311881735,0.15838962595433798,0.13558869493315553,0.5279761403903915,0.4181385465362837,0.9648977247315125
0.41387325503057326,0.15852987104138844,0.1390196081208936,0.5210039305519756,0.3830004249892909,0.9652763892403546
0.4123582687822682,0.15721247191477708,0.1393124857984583,0.5058121206241819,0.38850828729277964,0.9656550316024832
0.41084330130733715,0.1588370013454875,0.13735414604450458,0.5153560280025671,0.38935826604335944,0.9660338068448932
0.40932836637292125,0.1549508679121923,0.13389607479458698,0.511047720847301,0.42362940926477677,0.9664124049135946
0.40781338325351246,0.15590508518601734,0.13717947787197834,0.5241979135350043,0.39694007649802643,0.9667911580092908
0.4062983876185209,0.15487008931666782,0.13403116789361935,0.5076486787086374,0.4068508287291479,0.967169933251701
0.40478342014358937,0.1562689106929513,0.13645572547506354,0.5145148248358404,0.37098172545677244,0.9675484648802616
0.40326845579755455,0.15535411723566708,0.13788872826209606,0.5261727793342306,0.41150871228217056,0.9679271293891035
0.40175342574470996,0.15514950673385605,0.13680612423819644,0.5134374303721123,0.4121716957075705,0.9683059489249409
0.40023848330094447,0.15358209445703286,0.13632828399958086,0.5095830012472313,0.3803484912876911,0.9686845912870693
0.39872348766595245,0.14816178990778192,0.13147336316455743,0.5205457242009157,0.3906502337440543,0.9690632557959112
0.39720849390829827,0.14980807127282503,0.13361111434509207,0.5096232268329517,0.3611049723756423,0.9694419645981806
0.39569353269115837,0.14916737435844224,0.1320501565805047,0.5153908134054208,0.3810624734381918,0.969820562666882
0.3941785401850626,0.14592043597985208,0.12942901624025557,0.5227719899835512,0.3699107522312488,0.9701992714691512
0.39266350700332264,0.1464856715971409,0.13264356134581276,0.5267551965758457,0.36402889927751403,0.9705779802714204
0.39114853952839157,0.14265900465537168,0.12897703702841307,0.5359104286995142,0.3862303442413122,0.9709566890736896
0.38963355640898234,0.14582835767818075,0.13227389740148915,0.5194399375419356,0.3626689332766091,0.971335287142391
0.38811854200061635,0.14348981912567524,0.13058417456556062,0.5108698626059978,0.3503612409689367,0.9717141509716553
0.3866035294695882,0.13998029488585673,0.12794034717255354,0.5105448811711182,0.38101147471309105,0.9720927047469295
0.385088528828363,0.14473666660599632,0.13186781907746073,0.5326312691307307,0.3586570335741044,0.972471457842626
0.38357350972665394,0.13922407277954787,0.1270954923947023,0.514264536714623,0.3204079898001737,0.972850122351468
0.38205852817169283,0.13827327044856152,0.1281039374232209,0.5170336692123416,0.32299192520190445,0.9732219213790994
0.38054354943273694,0.13837280441077593,0.12741819081976044,0.5236934060655338,0.33110072248189226,0.9735762023562865
0.3790285337728134,0.13862835298665718,0.1270836176592831,0.5225321057156984,0.34437739056522787,0.973874806495526
0.37751355190496216,0.13639041042570968,0.12657464414417063,0.5304241829709013,0.33064173395655416,0.97417349922162
0.3759984955693949,0.13557920952762617,0.12665960217666444,0.5377588598838017,0.33288567785803025,0.9744721476542868
0.37448348835748835,0.1354566577779221,0.12743638472938681,0.5179257400743369,0.3013174670633134,0.9747707960869535
0.37296850367363144,0.13383894035360716,0.12644509111275323,0.5278545900272238,0.32146196345081535,0.9750693891528363
0.3714534201166715,0.1323152143141245,0.1243215962548346,0.5468042956160426,0.31636209094767764,0.9753680929522869
0.3699384726666728,0.134384573126245,0.12482239357747019,0.5387978951019174,0.300501487462725,0.9756666860181696
0.36842341914711074,0.13050482974829297,0.12209625091694426,0.5387808994941305,0.3013174670633134,0.9759653344508362
0.3669083718853412,0.1293417359760009,0.12269678273687484,0.5352106305779496,0.29062473438159486,0.9762639275167191
0.36539338375969876,0.2411130439409456,0.21393472644969933,0.5221284600307581,0.19892902677429447,0.9765626313161698
0.3638783677868851,0.2926759418778875,0.2527785752061633,0.5317773589675279,0.30283042923917947,0.9768612243820526
0.36236333304069746,0.317400548014293,0.2783877551092681,0.542588789244417,0.28617084572874774,0.9771599281815032
0.36084831049720245,0.35262857983898566,0.31781182424399984,0.5301088906208349,0.3504632384190245,0.9774585766141698
0.3593332913954934,0.40680433260770865,0.365564980433579,0.4649808876845658,0.790055248618728,0.9777571696800527
0.3597768254969229,0.38507047422899976,0.33384862897381434,0.7815869823492274,0.931100722481915,0.1002845229929829
0.6264321904673036,0.37811707310863396,0.3379787416339556,0.4030263776995071,0.8151296217594108,0.10419885495856651
0.6250068023365025,0.4054262923207519,0.41178198189400544,0.7489226154636126,0.9382405439863533,0.9178024725367063
0.6722283725724845,0.41033368139527343,0.42094207311499254,0.7174464321672536,0.9347046323841823,0.10452922855844086
0.6718319414921265,0.4110955390512302,0.42353998412658844,0.7627652203311786,0.9425074373140205,0.1045118876817054
0.6413764144181053,0.4138619538500692,0.42560516993886266,0.8105282786860348,0.932528686782689,0.10467521969438
0.6109273688514474,0.4090463284018579,0.4213151699977383,0.8030122888171642,0.9278368040797886,0.1048126289788057
0.6110706093819576,0.405506219862459,0.41492474737800744,0.8019360459249913,0.9268508287292434,0.10481250717188098
0.6111628902146022,0.4066063302884797,0.41459703566763256,0.798937512431513,0.9251678708030795,0.10481259575873533
0.6114161658704109,0.4027732625637982,0.40927417500248003,0.7961862888569529,0.928567785805285,0.10481204209089576
0.6113766670044654,0.40004979022417364,0.4040569850956466,0.7711425063049537,0.9356566085848499,0.10481264005216248
0.6402051223395562,0.40408757572635745,0.40653615981990593,0.7254538651248421,0.9250148746281184,0.10468408945316997
0.6723027789628806,0.40291936847944826,0.4030350717045882,0.7347694833696587,0.9253718657033687,0.10451483319461191
0.672385241946718,0.4026192700969118,0.40437387342182773,0.7262699719735282,0.9325966850827854,0.10451532042231075
0.6724676758318249,0.39711179510886496,0.3982132651131074,0.7381505768757999,0.9304887377815021,0.10451578550329597
0.6725500721701843,0.4015057323302007,0.4026662067871959,0.757949586341599,0.9297917552059971,0.1045162838043516
0.6726325091841869,0.3978520206216777,0.3977240813481129,0.7414102391468649,0.9269868253292088,0.10451674888533687
0.6727148635953437,0.4031239807691875,0.4070538451632775,0.747161902264375,0.9265448363789801,0.10451723611303566
0.6727972693203905,0.4012055248840448,0.40175656885352296,0.7442239255509784,0.9424564385890335,0.10451771226737772
0.6728796687876457,0.4040213955644863,0.4048753281156505,0.7295064439760239,0.9380875478111648,0.10451821056843333
0.6729620619971093,0.4026288587557829,0.4054771791046976,0.7289947094023077,0.9288227794304476,0.10451868672277537
0.6730444552065733,0.3998023355991986,0.4019824278705551,0.7323375627909281,0.9341266468337608,0.10451916287711739
0.6731268631218459,0.39944032126351886,0.4044047433071756,0.7476013260862686,0.9354526136846744,0.10451965010481623
0.6732092438157276,0.40180220658230054,0.4050275704131969,0.7366353072553735,0.9352486187844988,0.10452012625915824
0.6732915444098793,0.4004498480958333,0.4039216263920941,0.7402320623173346,0.9385465363365029,0.10452061348685708
0.6733739251037609,0.40363710721944307,0.4076434207967542,0.7415968731576097,0.924572885677776,0.10452107856784233
0.6734562557353105,0.402740014251218,0.4057142532725907,0.7220145974004584,0.9366765830852728,0.10452156579554114
0.6735386301714001,0.4020061770058203,0.4054766523223994,0.7325267779103322,0.9374925626858612,0.1045220419498832
0.673620954545159,0.4029163844273028,0.4026337521282115,0.7231782803121332,0.9323246918826271,0.10452252917758201
0.6737033383679365,0.4018492040626449,0.4026210872193451,0.7515355313234016,0.9321716957075523,0.10452300533192405
0.6737856533550084,0.3974049616938174,0.399529769330885,0.7471804068279935,0.9289247768805353,0.10452349255962287
0.6738680005697057,0.4042994344890418,0.40450395323554333,0.7245081866214627,0.9339566510836903,0.10452396871396491
0.6739503330785936,0.40453122149930726,0.40997510533100584,0.7294900837180609,0.9324776880577019,0.10452446701502052
0.6740326574523525,0.3998007371913987,0.4015896806800644,0.7492750757783722,0.932528686782689,0.10452493209600577
0.6741149724394244,0.4039750381624332,0.4085452809447304,0.7408691593531613,0.9304377390565151,0.1045254027136694
0.6741973168381157,0.4006363433092455,0.40135617003948254,0.7359745831479734,0.9321716957075523,0.10452587333133304
0.6742795848917531,0.4015834213858167,0.4051365435210491,0.7466342442356995,0.9295877603059353,0.10452636055903188
0.6743619123944078,0.401015301840361,0.40353626743400395,0.729981884191055,0.9271568210795067,0.1045268367133739
0.6744442148658973,0.3999331994270477,0.4045506553636597,0.7376543686634032,0.9299957501061726,0.10452731286771594
0.674526442243891,0.40361238553639045,0.4031010390138954,0.7503717292836347,0.9294347641308605,0.10452780009541478
0.6746087447153801,0.4060046423912982,0.4081521353474596,0.7301380214102566,0.9323246918826271,0.1045282762497568
0.674691059702452,0.39826326913586463,0.40275842246320126,0.735052214041255,0.9276668083297182,0.10452877455081243
0.6747732839515503,0.4028651245261588,0.4069054231440784,0.7464664324634853,0.9216319592010223,0.10452922855844086
0.6748556133315424,0.4004711619877599,0.40347227887837156,0.7608769606548107,0.9308457288567524,0.10452972685949649
0.6749378867043023,0.39959484653300525,0.40007647639481875,0.7251574347226699,0.9270548236293052,0.10453018086712493
0.6750201359845658,0.40258357053478616,0.406524944669045,0.7376157711616067,0.9336166595835493,0.10453065702146698
0.6751023664914548,0.4004886371978674,0.40456041632977313,0.736660522701506,0.9323756906077278,0.10453113317580899
0.6751846501895695,0.3991902079893285,0.4000888756991651,0.7222198948122776,0.9250658733531054,0.10453162040350783
0.6752668963409376,0.40055471187197544,0.40247345980033533,0.7349999565182466,0.9354526136846744,0.10453209655784988
0.6753491424923057,0.4003735482604192,0.40199403478808315,0.7441295363927785,0.934398640033919,0.1045325616388351
0.6754313448391334,0.4033940258668153,0.4032377146731933,0.7342455977305622,0.9272588185294808,0.10453304886653393
0.6755135891131627,0.4008601382805116,0.4025109277446364,0.722616035427424,0.9321716957075523,0.10453351394751918
0.6755958039755745,0.40133618131222415,0.40335486618689337,0.7311113773403359,0.9357076073097232,0.1045340122485748
0.6756780344824636,0.4030473591066996,0.4040916796860837,0.7341897266554309,0.9388525286867662,0.10453448840291683
0.6757602337003954,0.40284540904203203,0.4053065968150388,0.735716948794418,0.9327666808329695,0.10453496455725889
0.6758424329183281,0.4023070227423393,0.4014511568559808,0.7362078359520403,0.933684657883532,0.1045354351749225
0.6759246540385311,0.399678503692912,0.40194944642927255,0.7389117259647262,0.9318657033574027,0.10453591686594295
0.6760068157097154,0.4014181327886398,0.4058646496187225,0.7359415846664992,0.9302847428813266,0.10453637087357137
0.6760890243143352,0.40349505274906655,0.408181818865951,0.745472824757772,0.9335826604334443,0.10453686917462701
0.6761712535696658,0.4028419976750497,0.40707890716311923,0.7279446349810035,0.9351466213344111,0.10453734532896904
0.6762533902096854,0.40173837218221176,0.4069675613215542,0.7505369599471898,0.939107522311815,0.10453781040995427
0.6763356113298875,0.40268811069592636,0.40559195788468483,0.7461797308554903,0.9324266893327149,0.1045382976376531
0.6764177385832197,0.4029454775947746,0.404728227478939,0.7326953044510982,0.9339566510836903,0.10453875164528155
0.676499875223239,0.40344443292621374,0.4035596184980622,0.7178204943760225,0.9321716957075523,0.10453924994633716
0.6765820869567549,0.40305023409522556,0.407160965679602,0.7374844125855335,0.9324266893327149,0.10453971502732241
0.6766641923078169,0.39969874840378244,0.40255090122491044,0.7389182383004202,0.9348066298342701,0.10454020225502125
0.6767463790101678,0.4026883252473089,0.40656795268096113,0.737189133754917,0.9334466638333652,0.1045406562626497
0.6768284749745428,0.4007926797499861,0.4033939166914601,0.738747607163363,0.9355546111346484,0.10454114349034853
0.676910602227875,0.401545056022763,0.40617309614790664,0.7445892516996699,0.9324266893327149,0.10454160857133377
0.6769927526350354,0.40480925863593453,0.40725977720118967,0.7254786040586068,0.9242668933276263,0.10454208472567579
0.6770749017906379,0.40338198238254236,0.40372043760823656,0.7211763327266667,0.9359116022098988,0.10454254980666104
0.6771570353017613,0.40119348497562823,0.4026629088644047,0.7327111087779656,0.9341946451338572,0.10454303703435985
0.6772391562973024,0.40613827929576657,0.40726505609102653,0.730551991529834,0.9314067148321783,0.1045435131887019
0.6773212741639472,0.4015375967863636,0.4016051167294238,0.7335496117079408,0.9342966425838313,0.10454398934304394
0.6774033231948886,0.4018753131779712,0.4035749217451615,0.725639665238943,0.9407564810878739,0.10454447657074276
0.6774854379326385,0.4038915955539089,0.40751611433690255,0.7457433249452596,0.9327156821079825,0.1045449527250848
0.6775675777015535,0.40229167695470347,0.404753953490081,0.737034823166459,0.9371865703355979,0.10454541780607005
0.6776496267324941,0.4035014463802661,0.4089811645226553,0.7564720803263254,0.9350616234594327,0.10454588288705528
0.6777316601189565,0.4034811998814675,0.4035031554038324,0.7290055897680405,0.9289247768805353,0.10454637011475412
0.6778137654700194,0.40337665435654274,0.40135933516001365,0.728619217656435,0.9296387590309223,0.10454682965906095
0.6778958426610209,0.40153770406205486,0.4041092250780069,0.7284869060556265,0.9326306842327767,0.10454731135008138
0.6779779323676056,0.4046289425023393,0.4066438115452707,0.7398876232941007,0.9313557161070776,0.10454778750442342
0.6780599385326758,0.4060844590814576,0.40717798428922697,0.7252666751830017,0.9313557161070776,0.10454824151205186
0.6781419813058256,0.4008628022935114,0.4043507879622896,0.7294361186924008,0.938291542711454,0.1045487287397507
0.6782240365945578,0.40533730713484545,0.4091349893804672,0.7172538417519105,0.9268508287292434,0.10454919382073592
0.6783060668521244,0.40465771920652177,0.40699843120690204,0.7238691438268001,0.9288227794304476,0.10454966997507797
0.6783881346564389,0.4035319234041552,0.40458785770344075,0.7389213356308113,0.9334466638333652,0.10455014612942001
0.6784701586562152,0.4027272234129625,0.40412875143697574,0.7160494567421478,0.9359116022098988,0.10455062228376204
0.6785521983004688,0.40391418781448984,0.4090184996646964,0.7357053536601332,0.9353166170844815,0.10455108736474729
0.6786342254291404,0.4061608715563475,0.40755516484146925,0.7433067583709427,0.929281767955672,0.10455156351908933
0.6787162024954805,0.3990460169447676,0.4030667384034964,0.7521677043980941,0.9349086272842442,0.10455203967343135
0.6787982233663596,0.4032758384498176,0.40460171119253463,0.7375814622711208,0.9304887377815021,0.1045525047544166
0.678880247366136,0.41010125430671673,0.41181232278368407,0.7432468766500482,0.9361665958350613,0.10455299198211541
0.6789621950208575,0.4036795240277703,0.4061327286875944,0.7341555368930368,0.9362175945600484,0.10455346813645745
0.6790442440517981,0.4028173814797602,0.40612322668588813,0.7484079423969614,0.9341946451338572,0.1045539442907995
0.679126173246035,0.4065671102957523,0.41210876398856,0.7543509252301666,0.9329706757330314,0.10455440937178473
0.6792081503123755,0.4048121336244605,0.40975993468253635,0.707916859869268,0.9301317467062518,0.10455488552612677
0.6792901461520904,0.40243032363395403,0.4025613217755821,0.7370021026505325,0.9377475563110238,0.10455535060711202
0.6793721169606393,0.402842104950741,0.4043528950914823,0.7144074745412348,0.9345516362091075,0.10455580461474046
0.679454053351336,0.4029390821756469,0.4084914517619916,0.7406248673459059,0.9355546111346484,0.10455630291579608
0.6795360679644245,0.40442848893356487,0.4072133406775934,0.7467072300467099,0.9353166170844815,0.10455675692342453
0.6796180419018696,0.40346265549030375,0.40710859068161065,0.743024424792986,0.936880577985562,0.10455723307776658
0.6796999970659403,0.40154739999661726,0.40729685116545267,0.7235124346100943,0.9393965150870827,0.10455770923210861
0.679781906548135,0.4055085638363132,0.4077009463090644,0.7490419818117613,0.9347046323841823,0.10455819645980742
0.6798638219752307,0.40136974966395,0.4039580385584279,0.7359937627707798,0.9290267743306231,0.10455867261414947
0.6799457489792409,0.40547520467218534,0.41088329129330226,0.737358375064235,0.9300467488312734,0.10455913769513471
0.680027632178712,0.40558742398489217,0.41108936277358754,0.7299755306928168,0.9363705907352369,0.10455959723944155
0.6801096029872609,0.40331825525814485,0.40943103660530505,0.7194017212500334,0.9348066298342701,0.1045600678571052
0.6801915425068539,0.40171077014684864,0.40552388123281397,0.7362682736040302,0.932528686782689,0.10456053293809044
0.6802734257063245,0.40482545726531594,0.40813762227380745,0.7411351723825188,0.9385975350614899,0.1045609869457189
0.6803553777414999,0.40219448696634325,0.4045980170763343,0.7429994078936737,0.9376965575859231,0.10456147417341771
0.6804372797143445,0.4029844812481913,0.406599085957458,0.7297070953922566,0.9293327666807727,0.10456195032775975
0.6805191106612578,0.40198262999158707,0.4053083143909354,0.7177349604059919,0.9435104122396751,0.1045624264821018
0.680600975087355,0.38086111377413084,0.3296171970427415,0.7347390659968438,0.9229069273267214,0.10456288048973023
0.6806829052202601,0.36548994292182296,0.29601718496658935,0.7289538087574001,0.9226859328516639,0.10456336771742906
0.6807647790330442,0.3450445031417296,0.26713357388544484,0.7291654596674573,0.929366765830764,0.10456383279841429
0.6808466497169321,0.32292017376230403,0.24274947026285149,0.7241664478349801,0.9327156821079825,0.10456430895275634
0.6809285485608814,0.2927484087528525,0.21899096887084035,0.35772438659654915,0.8148746281342483,0.10456478510709838
0.6801541062089282,0.29819151804007027,0.22334113708924977,0.35645456055493385,0.8037399065021873,0.9197563663425663
0.678638688173022,0.2942972800355755,0.21926009929093773,0.35337966595450565,0.7967020824479505,0.9200357471344159
0.6771232526153002,0.292518220150387,0.21809069792324265,0.3433712781455507,0.8036379090522132,0.9203150171926974
0.6756078345793943,0.29084231871543514,0.21575215636563064,0.3554249761654471,0.8096897577560185,0.920594287250979
0.6740924478324444,0.2924583284895379,0.2177680039249265,0.35694485207209614,0.8120696982575737,0.9208734465756927
0.6725770204098507,0.290528580228754,0.21703290578826173,0.37222060759536113,0.8073098172544633,0.9211528273675423
0.6710615710849885,0.28471823449672273,0.21057797004397125,0.35357908638045443,0.8031279218018881,0.9214320974258238
0.6695462093692042,0.28794854871902276,0.2159194407324983,0.3620813774320646,0.8054398640032332,0.9217113674841054
0.6680307350131764,0.2869269801903636,0.21194658586859116,0.35519537662286726,0.7811984700381345,0.9219648366210627
0.6665153451373307,0.2871601528449746,0.21461599983036722,0.3606276970351836,0.7989290267742035,0.9222046855291666
0.6649998664008487,0.2845649893838188,0.21212099286333932,0.3519540997873285,0.7852103697407529,0.9224446451708385
0.6634844358493597,0.2864431578831059,0.21390570251576616,0.36184852172163784,0.7894602634934245,0.9226844940789423
0.6619690115556631,0.2863670672352898,0.2122304927534897,0.3942593840275517,0.7830684232893645,0.9229243429870462
0.6604535872619648,0.2840033707452539,0.21231782794643833,0.3924422438220867,0.7917212069697825,0.9231643026287178
0.6589381379371018,0.28439042859106006,0.21408169428415086,0.3727753871196404,0.7706587335316044,0.9234042622703896
0.6574227511901527,0.28472249691752244,0.21319989391755464,0.369698943854017,0.7796685082872727,0.9236442219120614
0.6559072799630203,0.28180038039244953,0.21304553785070252,0.3767409627543241,0.7796685082872727,0.9238840708201654
0.6543918368959489,0.28083167017273425,0.21080673300375646,0.38224777793348275,0.7893922651933281,0.9241238643614851
0.6528763544047913,0.2775322990121089,0.2091138428339258,0.3535991793186326,0.7656948576285458,0.9243638793699409
0.6513609238533027,0.2807551539980095,0.21030620128564095,0.3831712589023928,0.7905142371439524,0.9246037282780447
0.6498454651417527,0.2774421409453113,0.20731409332554873,0.36633226484700354,0.7733956651082963,0.9248436879197166
0.6483300564925334,0.2758193118343074,0.20745050559369757,0.39001183219918767,0.7708627284317799,0.9250835811212477
0.6468146134254624,0.27708620198961365,0.20872914346039395,0.3773343397804001,0.7743986400339509,0.9253234964694922
0.6452992047762427,0.2744447866141679,0.20767874177118462,0.3945239278104411,0.7700467488311915,0.925563456111164
0.643783711646841,0.27454751917991027,0.20738770783166355,0.3775005234686908,0.7721206969825971,0.9258033050192679
0.642268235413475,0.27221110468609183,0.20437317178322048,0.38394058812030063,0.774908627284276,0.9260431539273717
0.6407528392798385,0.2745485847851102,0.20611329086346566,0.3830296553104109,0.7617849553760152,0.9262831578624706
0.639237333634854,0.2725126942007369,0.20488320328967133,0.3781518364568255,0.7574330641733695,0.9265230067705745
0.637721865536617,0.27238097574321407,0.2075478673572797,0.3879571902877088,0.7673608159794867,0.926762922118819
0.6362064193406494,0.27266444818153224,0.20230692797960792,0.38678246817284556,0.7529791755205224,0.927002881760491
0.6346909575002044,0.26840532074555606,0.20102565177467863,0.3906623510000429,0.7560050998724819,0.9272427306685949
0.6331755613665675,0.2653947500492485,0.2009807933846059,0.39292177410160845,0.7634509137271834,0.9274825795766987
0.6316600807527486,0.2689093913395405,0.2035673608698229,0.3798570359652078,0.7536251593710404,0.9277225392183702
0.6301445738562057,0.26881411801019756,0.20430298578878586,0.393048169007183,0.7477603059923013,0.9279623881264742
0.6286291307891338,0.26717274450802997,0.20178370478199245,0.3883395120441877,0.7423374415639046,0.928202347768146
0.6271136626908973,0.26466219653628964,0.20007973005018992,0.39751158093818684,0.7482532936676307,0.9284421966762498
0.6255981945926603,0.2653585176845229,0.20060797317323517,0.39683858663731475,0.7441053973650469,0.9286820455843536
0.6240827014632582,0.2661200588771904,0.19968104881204612,0.3863166773332638,0.7515002124946477,0.9289220052260254
0.6225672834273519,0.2604902395391093,0.19644751519667328,0.3980214094624317,0.7521121971949469,0.9291619205742702
0.6210518153291149,0.2608975456716422,0.19663854460763724,0.399878219322521,0.7508712282192391,0.929401813775801
0.6195363534886695,0.2640647710599078,0.20029846865271264,0.3913619902841512,0.7536251593710404,0.929641773417473
0.6180208303218695,0.26377469043900753,0.2009319841272968,0.3944764354111112,0.7462303442413258,0.9298816223255768
0.6165053778681111,0.2609617001108766,0.19547362752958974,0.3990962228175008,0.7321716957075068,0.9301214712336806
0.6149898315474824,0.2604535798595468,0.19640345362016082,0.40284153061014205,0.7363535911601957,0.9303614308753524
0.6134744197693678,0.2603331575323144,0.19704409172262546,0.4012792848121174,0.7426434339140542,0.9306013351502402
0.611958923511069,0.2613142312754483,0.19973091827406464,0.40027702046505453,0.7444623884401835,0.930841239425128
0.6104434585417287,0.25634940143203755,0.19320157785021205,0.39603987249005557,0.7422864428388039,0.9310811990667998
0.6089279528967442,0.2612417629701407,0.20090559853159656,0.39186419461051014,0.7252528686782398,0.9313210479749036
0.6074125085781139,0.258749757601636,0.19668946542088112,0.3936143054095629,0.7169570760730721,0.9315608968830075
0.6058970154487118,0.25702227747794426,0.19457704627145037,0.4080783221141806,0.7307777305567242,0.9318008565246793
0.6043814972881445,0.2544288179123514,0.19187702802884657,0.4124540557694987,0.7195920101996762,0.932040760799567
0.6028660323188033,0.2541327691871603,0.19281344775162895,0.4066678455053192,0.7311517212069703,0.932280665074455
0.6013505610916705,0.2547508702651058,0.19387941829245775,0.40845198722930975,0.7218019549510473,0.9325205139825588
0.5998350617044781,0.2561773991645155,0.19544829549848589,0.40614058457028346,0.7233829154271234,0.9327603628906627
0.5983195654461793,0.24901256480837397,0.18941421232965394,0.4152248163511407,0.700178495537557,0.9330003225323344
0.5968040754456734,0.25158300479854895,0.18921632146858758,0.41268143158769544,0.7179600509987267,0.9332402821740062
0.5952885585366641,0.25058232284697957,0.19236515822924474,0.413592046722673,0.7095622609434713,0.933480186448894
0.5937730841806359,0.2537273832895011,0.19513061699885748,0.4201872955687487,0.715784105397347,0.9337200907237818
0.5922575566333816,0.2482584846400341,0.1904432439218508,0.4201861042878292,0.7108202294941748,0.9339598731917449
0.5907420697617707,0.2513453569596839,0.1936899714417593,0.4162732229791577,0.6945516362089847,0.9341997885399894
0.5892265891479518,0.24778404001612142,0.18805588868018763,0.42344211329740733,0.6986825329365729,0.9344397481816613
0.5877110741162799,0.24790829923724483,0.18881499967883986,0.40422980968453426,0.7003314917126318,0.9346794863561972
0.5861956154047299,0.2464915735480888,0.18861235892360578,0.4226021014116006,0.698002549936291,0.934919445997869
0.584680087857476,0.2450079221310073,0.1863933438267777,0.415804573065369,0.700552486187803,0.9351592949059728
0.5831645684453495,0.2448689554126111,0.1892896725835533,0.4204581928498763,0.6807309817254463,0.9353992988410719
0.5816490471558873,0.24651906830776069,0.18889494663938788,0.43206039540122676,0.701300467488295,0.9356391477491757
0.5801335415109019,0.24504607294267844,0.18915299471088437,0.4186310855940505,0.6957246068848235,0.9358790630974202
0.5786180421237082,0.24333777728844172,0.18676484929577392,0.4154356730739184,0.673931151721149,0.936118912005524
0.5771025208342455,0.24211244573593255,0.18601418452086071,0.4235788723469829,0.6833149171269497,0.936358871647196
0.575587052736009,0.2401513674307211,0.1838545364610154,0.4290641253414955,0.6729791755205952,0.9365986098217318
0.5740715564777106,0.2401856831364294,0.18320624673500108,0.42530837398612564,0.6737781555460742,0.9368385694634036
0.5725560414460391,0.2418995213680483,0.18802026668730115,0.41862044348450156,0.6805269868252708,0.9370784848116482
0.5710405182792386,0.23971230590564482,0.1840735384546872,0.42201869143588544,0.6701232469188199,0.9373183780131792
0.5695250001186714,0.2404011642416222,0.18349727624778012,0.4124922958870192,0.6815809604759124,0.9375581826278558
0.5680095163759562,0.23514540093556563,0.1797339213758385,0.421106964438716,0.6688652783680027,0.9377980758293869
0.5664940013442852,0.23878067910447257,0.18220149139594077,0.45014622377648217,0.6636634084147772,0.9380380354710588
0.5649784956992998,0.2360855525783373,0.1811766784888714,0.4332122846317972,0.6772290692731531,0.9382779951127305
0.5634629399919846,0.23728893016062858,0.1823555796449018,0.4310668671142417,0.6578835529110165,0.9385178440208343
0.561947456249269,0.2335193767968902,0.18009962338607072,0.4409963127075882,0.665227369315744,0.9387576929289381
0.5604319067997454,0.2365672436751951,0.1827442365257831,0.4289300268193075,0.6664853378665612,0.938997597203826
0.5589163917680735,0.23286674903771026,0.18234951058161766,0.4277483555657462,0.6573735656608051,0.9392375014787139
0.5574008817426352,0.23126267529339636,0.1774354838873895,0.4526256367545425,0.6607734806630106,0.9394773503868177
0.5558854042577108,0.23323739549068062,0.18051835997885254,0.43146543000059134,0.6649213769655944,0.9397171992949215
0.5543698516792919,0.23039690861494963,0.17833786860429293,0.43667819733941693,0.6533616659583004,0.9399571589365935
0.5528543022297674,0.2303559883025156,0.17986242305603053,0.44191856268621477,0.6599235019124308,0.9401970078446973
0.5518149675710826,0.2334409421752199,0.18059144770266916,0.44625371337153674,0.6521036974075969,0.9404674192175456
0.5503039988248069,0.23043761795185747,0.1793975044773175,0.44187440587345983,0.6444028899276191,0.9407075338862125
0.5483077070724218,0.22688184358567712,0.1762716270140514,0.4463829276419544,0.6563025924351678,0.9409167206693607
0.5467921576228978,0.2331120706643573,0.18123498974788682,0.4435070166644717,0.6467318317040736,0.9411566249442485
0.5457445902139471,0.2294978954118509,0.18023207814687014,0.43208080601431664,0.6507777305566833,0.9414251538464422
0.5446987217953407,0.22693534197291226,0.17788905229961055,0.42469724687434707,0.6439949001273817,0.9416957313196425
0.5431709327317669,0.22718151465337671,0.17866583927907495,0.4470558425240989,0.6416659583509272,0.9419340853245795
0.5416469315092804,0.22174458594783564,0.17253808624949019,0.42665972335200886,0.6490437739055324,0.9421740449662513
0.5401173808774486,0.2241622063520154,0.17440089691105037,0.44668682340455623,0.6330981725456013,0.9424122328708364
0.5385962113055371,0.2217448004992182,0.17358479382249922,0.4465114271438202,0.635682107947332,0.9426526354467799
0.5366294231619055,0.2235268428274168,0.173458675942875,0.44171914226026576,0.6339651508711768,0.9428640258279296
0.5346126621741005,0.2236312810766503,0.17508243368286738,0.44569770285697374,0.6199405014874628,0.943071983468474
0.5330970939512025,0.2233599576103682,0.175611725943767,0.45182056910904556,0.6104547386315744,0.9433118323765779
0.5315815926866714,0.21839256745379254,0.17092962954322616,0.4576310815039859,0.6255503612409257,0.9435516812846817
0.5300660651394167,0.21857075237698798,0.17267528869108628,0.4466529910264383,0.6159286017849581,0.9437915855595695
0.5285505282054759,0.22130296589752263,0.17537742512973784,0.41744270345797485,0.6125796855078534,0.9440314344676733
0.5270349412092035,0.21758413784440014,0.169640172719078,0.46321425779009373,0.6078708032299573,0.9442712833757771
0.5255193823729929,0.21758201020985665,0.1694496700904122,0.44516043516221315,0.6164895877602703,0.944511132283881
0.524003867341321,0.21553908412806444,0.1720599804063545,0.46153308244692437,0.6076158096046811,0.9447511472923367
0.5224883116340058,0.2121968724201314,0.16747551358728696,0.4596890590020395,0.6101997450064118,0.9449909962004407
0.520972730895525,0.2156972299521311,0.17013648353869504,0.45267034949839324,0.6071568210794567,0.9452309558421124
0.5194571751882102,0.21535173607290659,0.1712072039736915,0.47185394324110286,0.6069188270292898,0.9454706940166484
0.5179416413831635,0.21223012252063977,0.1656857862228014,0.4686446324435749,0.595206119846921,0.9457106536583202
0.5164260468775423,0.21254258085073846,0.16949135893321182,0.4612825163601586,0.5759116022098851,0.945950391832856
0.5149104974280183,0.21204042870369955,0.16906365154776382,0.4587218580233783,0.589885252868612,0.9461904622080958
0.5133949448495989,0.21049731258302024,0.16730954617616473,0.4651205455177123,0.5790905227369194,0.946430244676059
0.5118794266890316,0.20667213140957508,0.16450583371554559,0.4730593606943294,0.5838164045898111,0.9466700935841628
0.5103638084038029,0.2092331901405487,0.16479026516937134,0.4582973649223443,0.5841563960900658,0.9469223557252299
0.5088482370520091,0.20979992761751526,0.16716020560800038,0.4659475724414952,0.581555461113453,0.9471747728932921
0.5073326594424241,0.20887022283914486,0.1659873757286251,0.4611248701851256,0.5610539736505871,0.9474273561617061
0.5058171099929005,0.20579698883571157,0.16427442577741447,0.4700700000639322,0.5593370165745455,0.9476798286965523
0.5043015386411063,0.20670026803546637,0.16484013463138983,0.45702940522083635,0.5767955801104563,0.9479323565981825
0.5027860017071646,0.20516482212671272,0.1635952683794233,0.4768850402396827,0.5841563960900658,0.9481847737662445
0.5012703865508321,0.20569873145422324,0.16423115437434926,0.4683628945060787,0.5824054398640328,0.9484373570346587
0.49975480581235177,0.20423895245430512,0.16492958359364418,0.4823986457200833,0.5716957076072049,0.9486899403030727
0.4982392701299685,0.20229939901654653,0.16301584326535612,0.4506606585869495,0.5553421164470365,0.9489610160773287
0.4967236330713658,0.20241278942221635,0.16268760919942502,0.4651957947624701,0.5694177645558511,0.9492616134207906
0.49520810239521573,0.20084707925302792,0.16198417333492637,0.46616859476145356,0.5628899277518258,0.9496845492100852
0.4936925091411526,0.20045831572373063,0.16339553156694225,0.4687117412687152,0.568159796005034,0.9501177389277685
0.4921769127581941,0.19686716004664206,0.1606021046413637,0.468108556029734,0.5575860603483989,0.9505510393790201
0.4906613539219826,0.19848316999953763,0.16021370893826054,0.48169900643597474,0.5533191670207316,0.9509842290967034
0.4891457575390237,0.19757477732516576,0.16181715457257878,0.4793594101285168,0.5385125371865342,0.9514174188143868
0.4876301893161261,0.1954474503053406,0.1565588003918729,0.4637837297790488,0.552350191245182,0.9518507192656381
0.48611463360881046,0.19922190438024173,0.16137044761046015,0.4852206313812699,0.5549851253718998,0.9522840197168895
0.4845990059368952,0.19672776780133716,0.16204433275872746,0.4881559078579154,0.5309647258818586,0.9527173201681408
0.48308343771399676,0.19708903657096258,0.1598830977118746,0.47538978413870625,0.527428814279574,0.9531505098858242
0.4815678601044122,0.19369247542197698,0.15740708810814635,0.48238605785169875,0.5252868678282994,0.9535837549702916
0.4800522355613923,0.19157665729589668,0.15795458755889835,0.47220656239331826,0.5318317042073204,0.9540042656944487
0.4785366266628506,0.19141765684215623,0.15605272639277143,0.48932705613002003,0.518759031024274,0.9543828637631502
0.47702109786403746,0.19048368785505798,0.1553302931649731,0.47271762190784683,0.5317467063322283,0.9547616168588465
0.47550549522328733,0.18951092976592554,0.15646486713997093,0.48854430514708413,0.5337526561835375,0.95514010419398
0.4739898456491023,0.1892285193569509,0.15499942076080908,0.4882690001265537,0.5069613259668131,0.955518768702822
0.4724743087151606,0.18977628333998864,0.15587858278917238,0.4590579977895388,0.5142031449213391,0.9558972560379555
0.4709587185899937,0.19006806606852367,0.15753558978833843,0.5012159205800013,0.49880152996172455,0.9562759648402247
0.4694430658869124,0.18782010395801174,0.1548326653896106,0.47766818831625835,0.4982915427113994,0.956654562908926
0.4679274851484321,0.18493996619886005,0.15428437576541132,0.4880047740185762,0.50466638334035,0.9570331609776273
0.46641186686320335,0.1861797871214031,0.15427012608290835,0.48794870439662463,0.5110582235444099,0.9574117590463287
0.46489627986693094,0.18322527870135197,0.15422105122107915,0.4760870408609754,0.49256268593273944,0.957790423555171
0.4633806928706594,0.1844879064358585,0.15457936499891078,0.48743804197573626,0.5048193795155385,0.9581689551837315
0.46186504955426555,0.17995425693007225,0.1519453074255011,0.4863249090844184,0.48924776880562604,0.9585476639860007
0.46034941875345403,0.18342179167640046,0.15361655746705716,0.47317022923858465,0.4984275393115922,0.958926262054702
0.45883384114386905,0.18014160319730194,0.15339439477959627,0.48945249801085877,0.48644283892895146,0.9593048601234032
0.4573182510187017,0.17990374080705435,0.15141812672053626,0.4835388206882769,0.47772205694855074,0.9596834581921045
0.45580257954224646,0.1749114233556845,0.14963262246792017,0.4936151909283799,0.48419889502758906,0.960062056260806
0.4542869956748703,0.1788035284691269,0.14997484061183416,0.48288492659148297,0.4834679133020927,0.9604408204298592
0.45277134610068526,0.17674142149373606,0.15065611399250203,0.49615615342062247,0.488108797280006,0.9608193631317765
0.45125576536220446,0.1740111299960033,0.14824527488452066,0.4930096231275596,0.476209094772571,0.961197961200478
0.44974011891691523,0.1757541633070006,0.14894158590776785,0.5083218318469656,0.47964300892465417,0.9615765592691792
0.4482245100183735,0.17343053607558132,0.14917905848244112,0.4763046878849948,0.461759456013624,0.9619551573378805
0.44670892615099733,0.17420379713751985,0.1482542456771868,0.49266085578365093,0.4637824054398152,0.9623338661401497
0.44519329222129045,0.17385148588811528,0.14728511011764198,0.5031308252396054,0.4417509562260875,0.9627123977687103
0.4436776395182096,0.17201445046471656,0.14717376648944794,0.4829852721542811,0.4388100297492201,0.9630909515439846
0.44216203374856367,0.17060369645570772,0.146429697560117,0.49086750148721503,0.45579260518479714,0.9634696603462539
0.4406463810454828,0.1709329970693354,0.14876717891301966,0.4959223049760957,0.45137271568205506,0.963848258414955
0.4391307690180457,0.16851877551664063,0.14626504489136927,0.49691897030283605,0.44266893327665,0.9642267457500885
0.4376151100571728,0.16933530444072376,0.1477721845400728,0.492083878724902,0.4190395240119642,0.964605498845785
0.4360994761274668,0.16711676090061378,0.14506978913701418,0.508933673727296,0.44402889927744127,0.9649840526210591
0.4345838985178818,0.16542828800619513,0.14453680054654328,0.4949915174842119,0.4262983425413722,0.9653627171299012
0.4330682583303833,0.16410853596608863,0.14279430873258522,0.49012561143982314,0.4456948576284958,0.9657413594920299
0.43155259936951085,0.16382506352777043,0.14357478982824992,0.4971692981334177,0.4308542286441934,0.9661200240008718
0.43003697169759514,0.16489693362806498,0.1440980130258654,0.5027007728276129,0.43399915002123635,0.9664986663630002
0.42852132838120127,0.16312618743015686,0.1443842948578478,0.5145290407881484,0.4210794730130374,0.9668771536981337
0.4270057226115558,0.16220756780655077,0.1416950911459538,0.5055746189181685,0.4010709732256146,0.9672558182069757
0.42549001984614465,0.16113483950072607,0.14148506215831913,0.5130851288948086,0.4174415639607787,0.9676344605691044
0.4239744172053941,0.16078060444059145,0.140306953389107,0.4983561316042977,0.41778155546103335,0.9680130586378056
0.42245875511562625,0.15673589250460815,0.1386882067210604,0.5142139072755376,0.3928091797704383,0.9683917674400749
0.42094316186156266,0.16084689009022568,0.1410547164346382,0.4978786662117032,0.4062388440288487,0.9687702547752082
0.4194274997717953,0.15663934080661096,0.13868345682689273,0.5059242995774487,0.39422014449633025,0.9691489082106937
0.4179118314242358,0.1564573225653809,0.13930377839694125,0.5079458635887253,0.37730556736084964,0.969527395545827
0.41639615368998983,0.1570786168830698,0.1399644696406729,0.5056654739429736,0.3966000849977718,0.9699060489813124
0.4148805260180741,0.15401369853363786,0.13953359492132283,0.5240852580693698,0.40061198470039017,0.9702846470500136
0.4133648795727849,0.15222248949762046,0.13991249304946168,0.4878954541395166,0.4002039949000391,0.9706631786785742
0.4118492049674338,0.15372297247066183,0.1391929593376744,0.5139552007691546,0.36640883977895555,0.9710420092877682
0.41033356477993577,0.15354500209884894,0.14038742934532422,0.5150309274395957,0.38317042073947505,0.9714205519896856
0.4088179026901684,0.15300384987424967,0.1394649937005248,0.5021924929685637,0.37654058648524824,0.9717992607919549
0.4073022781471485,0.15180942444839468,0.13830060561814647,0.5107476768930062,0.34747131321717006,0.9721777924205154
0.40578663795965,0.14819078295127516,0.1352852639026591,0.5070153143530252,0.37103272418187316,0.9725564569293575
0.40427092267865605,0.14491932134966123,0.13433063699002437,0.4998620695241871,0.3555801104971579,0.9729349442644909
0.4027553231668013,0.145158680235802,0.1333417161071036,0.4999626136338051,0.3711007224818559,0.9733135423331922
0.401239587860875,0.14692004875036516,0.13673488910590745,0.5167869152245186,0.3537951551210199,0.9736921404018937
0.399723983342787,0.14429334266012034,0.1342976577621128,0.5067792024747513,0.3585550361240166,0.9740708492041629
0.39820827901292777,0.14512756134569346,0.1346158741108944,0.510609091212687,0.3618019549510336,0.9744494472728643
0.39669263726098203,0.14359574314323287,0.13234936007238962,0.5248331839400879,0.34842328941772394,0.9748270487394544
0.3951769670360856,0.14371829846879328,0.13501217818858335,0.5071539794520721,0.3451423714406019,0.9751715408692379
0.3936613130814468,0.14246653418595578,0.13365781647320843,0.5233248237489956,0.3248278793030295,0.9754700785683365
0.3921456459854453,0.13959280436142915,0.13327100775711279,0.5190237039886112,0.3258308542285704,0.9757686605608625
0.3906299119310779,0.13820442627369056,0.1314142550919817,0.5270100909832862,0.2970165745856548,0.9760672647001021
0.3891142351354997,0.13823511606103403,0.13296888261550685,0.5140902126067144,0.33642158946031486,0.976365691665633
0.38759857461018,0.13761999724730578,0.13189156854829906,0.52130028153542,0.29888652783677117,0.9766644508318676
0.3860828953114863,0.1366930637576265,0.1302986829070255,0.5363086739109519,0.32044198895016507,0.9769629885309664
0.3845672125710067,0.13810659978289547,0.13194882845608918,0.5196170810146872,0.3117722056948651,0.9772614708632812
0.3830515864635391,0.1360715620402678,0.13176148873458346,0.5292515257429653,0.30871228219291424,0.9775600639291641
0.38153588839147146,0.13387176671513504,0.1282730743816162,0.5251135320498446,0.28746281342966995,0.9778587123618306
0.3800202087798876,0.24581145102923696,0.2164450388771976,0.5288950547824429,0.18266043348910443,0.9781571393273616
0.3785044825477586,0.2973114727168059,0.2607190104708827,0.5240846624289097,0.32299192520190445,0.9784557877600283
0.37698880637796073,0.3211711669832313,0.27958011289697193,0.5326685562235158,0.301623459413463,0.9787543254591271
0.3754731580553332,0.3579955987644558,0.3274944901448992,0.5260575427599365,0.3872503187419625,0.9790528631582259
0.37395742556541345,0.4089347509553705,0.374032069620965,0.4404511031400298,0.7996600084998136,0.9793516223244606
0.3743617042289795,0.3917361387023196,0.3464315833522097,0.7655326850356097,0.9338376540586069,0.10045944881021822
0.6411657934324064,0.38550271838389605,0.34489621215639127,0.37969537914441176,0.8227794305142879,0.1043321117341954
0.6539799484452424,0.4149793302985994,0.42034509375551815,0.734179084545882,0.9411304717381199,0.9152571950380397
0.6863748432728736,0.4180593763084282,0.4276696917398366,0.7312926902963064,0.9382405439863533,0.10466009348900279
0.6864560130841331,0.41518926882641005,0.42972129852102103,0.7625330396799392,0.9354016149595736,0.10466053642327446
0.6560001324449023,0.4171265784142929,0.4334589273818207,0.8069783409642157,0.9334806629833565,0.10480759060146556
0.6255257522100699,0.4160137897894926,0.42980402326217504,0.7740981933946891,0.9377815554611288,0.10493082598919813
0.6258030903250771,0.4178896125269973,0.4284161511098483,0.80639103947083,0.9329366765829263,0.10493016158779067
0.6257722559969983,0.41328296191330344,0.4217568481809432,0.8057226117468164,0.9335826604334443,0.10493070418227343
0.625890733821461,0.4123014608553327,0.42160328450090934,0.7825688757925642,0.9366255843602858,0.10493065988884627
0.6258380097393319,0.41191887998170884,0.41364690189812936,0.7802054935760774,0.9295367615808345,0.1049312910701834
0.6550563511308338,0.4070322845120113,0.41190533305987864,0.7394177820993921,0.9352486187844988,0.1048152201442949
0.686920516418509,0.402336010422048,0.4072775904110039,0.7202222755474861,0.9294857628559612,0.1046633379825427
0.6870017050031434,0.4089993327094418,0.41550271388058513,0.7264620461671392,0.9400764980874783,0.10466378091681437
0.6870828707468388,0.40662434187704355,0.409419562490037,0.7405706640640621,0.9304887377815021,0.1046642681445132
0.6871640155269336,0.4112522974430231,0.4177159188785362,0.7517380093703776,0.9354526136846744,0.10466471107878486
0.6872451477914452,0.4078240917530418,0.4133333114947394,0.7264159038861848,0.9363705907352369,0.1046651650864133
0.6873263551494522,0.4085470548192013,0.4143327813038499,0.7171407494832722,0.9324776880577019,0.10466561909404175
0.6874074717694865,0.40954166139078857,0.41263779064493955,0.7226474852437026,0.9304377390565151,0.10466606202831341
0.6874886165495813,0.40825772155228357,0.4153433401016743,0.7352918203435601,0.9381385465362655,0.10466651603594188
0.6875697738452584,0.4136868620426386,0.418881634983515,0.7435106659550219,0.9351466213344111,0.10466698111692711
0.6876508529185434,0.40879887377688284,0.41341735319163886,0.7319208924345997,0.929366765830764,0.10466741851452037
0.6877320499511956,0.40856058764765474,0.41317724227873265,0.7319528187632465,0.9306417339565769,0.10466787805882721
0.6878131321533774,0.4066737870310769,0.41390864629919716,0.7168158474671205,0.9359116022098988,0.10466834313981246
0.6878942206133498,0.4079586905628752,0.41298713363010503,0.7305499663522705,0.9361665958350613,0.10466879161076253
0.6879753716512358,0.40765176944637416,0.4099906719692543,0.738962395113175,0.9327156821079825,0.10466924561839097
0.6880564726267915,0.4087439933211585,0.41248699810539863,0.7356274835973524,0.9298767530810892,0.10466968301598424
0.6881376048913026,0.4060738030294584,0.4105752409575273,0.7241982153261703,0.9362175945600484,0.10467014809696948
0.6882186558045276,0.4091230609158934,0.41747964152420336,0.729442631028095,0.942354441138832,0.10467060210459793
0.6882997254911261,0.4075116316350149,0.4123650944841599,0.7379315003146769,0.9380875478111648,0.10467104503886959
0.688380795177725,0.4047179276882457,0.40918235551988386,0.7289061575206142,0.9371865703355979,0.10467147689978445
0.6884619127364275,0.40767222870862707,0.4122986048192966,0.7289271240647999,0.9335826604334443,0.1046719641274833
0.6885430043252958,0.4108024797419691,0.41860841646717917,0.733706900498698,0.936472588185211,0.10467239598839814
0.6886240646252078,0.4084900395772208,0.4134838428565022,0.7361584772126029,0.9314577135571653,0.1046728389226698
0.68870517498745,0.41138251940465287,0.41771684849435653,0.7416479393996984,0.9290267743306231,0.10467330400365506
0.6887862196428829,0.41046145747114227,0.4155698653433777,0.7328177681296377,0.9361665958350613,0.10467375801128351
0.6888672768138986,0.4083919949591868,0.4151392540151767,0.7426066822838302,0.935486612834552,0.10467421201891197
0.6889482870514803,0.40893432721639,0.4133596948770687,0.719062404734754,0.9324776880577019,0.10467464387982683
0.689029344222496,0.40486968703282555,0.40875161138942284,0.7288026352086967,0.9342966425838313,0.1046750757407417
0.6891103920068251,0.405707849887981,0.4098826218371094,0.7326151709545698,0.9376965575859231,0.10467555189508372
0.6891914335333627,0.4076994052170815,0.4137279068500158,0.7315865395898191,0.9357076073097232,0.10467598375599858
0.6892724437709439,0.4075182380296688,0.41382328543318125,0.7275703345160505,0.934347641308932,0.10467644883698383
0.689353519715334,0.4058797413039553,0.41279307190087,0.7336150527397933,0.9352486187844988,0.10467690284461229
0.6894344767616882,0.4103381547915993,0.4156744825371004,0.7223177783945085,0.936880577985562,0.10467734577888396
0.6895155455096185,0.4070629742993548,0.4120656253877549,0.7016959114881454,0.9367275818103735,0.10467781085986919
0.6895964994270773,0.40806632383978036,0.4133124659666541,0.7276660340832621,0.9282617934551354,0.10467823164742728
0.6896775972737372,0.41018224745362375,0.4119199745090488,0.7277952880630436,0.9322566935827581,0.10467869672841251
0.6897585668356747,0.4065888515025159,0.41117485422849254,0.713095080061424,0.9327156821079825,0.10467913966268418
0.6898395739443606,0.4081326077014864,0.41185520020671107,0.7122650352259783,0.9297917552059971,0.10467958259695583
0.6899205403774022,0.4055942449309286,0.4107181184823694,0.7357000326053587,0.9341266468337608,0.10468004767794108
0.6900015806523814,0.40744481318278075,0.4145352914701949,0.7139551848854087,0.9450913727156376,0.10468047953885595
0.69008255647211,0.4064805781473195,0.41358410856283734,0.713230886086264,0.9367275818103735,0.10468092247312762
0.6901634603272395,0.4098801233484505,0.415950078213891,0.7389567166741249,0.9295367615808345,0.10468136540739925
0.6902444580492375,0.4101404707235878,0.4165400655343739,0.7418965994369928,0.9340416489587824,0.10468181941502773
0.6903254714157141,0.4068396084308538,0.41182195537427946,0.7294578000051386,0.9397705057373287,0.10468227342265617
0.6904064472354428,0.40914064340169215,0.4161494276864469,0.7334154337670244,0.9356566085848499,0.10468272743028463
0.6904873166727192,0.4080711154873236,0.4147567967864686,0.7173361195540942,0.9366765830852728,0.10468317036455628
0.6905683112658223,0.40843078763707735,0.4153462484711693,0.729826779415317,0.9354016149595736,0.10468361329882794
0.6906492151209509,0.41170926328097196,0.4178701465698703,0.7234898002726207,0.9399065023374078,0.1046840673064564
0.6907301878117837,0.4085667703033281,0.4122753865574984,0.7268050159439052,0.9341946451338572,0.10468452131408486
0.6908111417292435,0.40796795918260076,0.4133503323177354,0.7333771936495039,0.9334466638333652,0.1046849697850349
0.6908920268109973,0.4052140062432307,0.41118857048858437,0.7173762657210863,0.9331746706332069,0.10468541825598496
0.6909730026307268,0.40811886032165046,0.4126432001236654,0.7322434515982763,0.9388015299616654,0.10468587226361341
0.6910538751968986,0.40832762954442625,0.4130224878051004,0.7445478348330303,0.9304377390565151,0.10468631519788507
0.6911347915676096,0.40659439407989806,0.4128482158259833,0.7212180275588544,0.9313557161070776,0.10468674705879993
0.6912157110672172,0.412920845665717,0.4189361193240701,0.7322774825232141,0.936506587335316,0.10468721213978519
0.6912966055356575,0.4083204885592442,0.4150052166941117,0.7373401484661644,0.9431364215893154,0.10468766614741362
0.6913775250352652,0.40919712405314457,0.41587989443282736,0.7239477286581331,0.9346026349340946,0.10468809800832848
0.6914583894663084,0.4090938586848022,0.41383410881737503,0.7425906794101429,0.935758606034824,0.10468852986924336
0.6915393465126627,0.4114338865814881,0.4177213416374881,0.7253450217581503,0.9411814704632206,0.1046890060235854
0.6916202253366266,0.40664224261405973,0.4115648280651193,0.7171482148437021,0.9314577135571653,0.10468942681114347
0.6917010916450068,0.4114361286434356,0.4185862473432354,0.7313629758705655,0.9314577135571653,0.10468989189212873
0.6917819423089093,0.40948208941149955,0.4151375408660221,0.7321483079621602,0.9337356566085191,0.10469033482640039
0.6918628555507249,0.4087360012821591,0.4152756662833255,0.7035269102616424,0.9418444538885069,0.10469076668731525
0.6919437406324795,0.40961679192116784,0.41334320526311286,0.7271738762259918,0.9268508287292434,0.10469123176830049
0.6920245631363207,0.41150710224077824,0.4172401990493394,0.7438770642565413,0.9346366340839722,0.10469167470257214
0.6921054357024929,0.4136891005287297,0.41900472054486815,0.7299157681000146,0.9348576285591434,0.10469211763684381
0.6921862613352303,0.41066020714435364,0.4196576295761611,0.7145190578540417,0.9329366765829263,0.10469254949775868
0.6922671870926282,0.40884811331917464,0.41324056682306487,0.7348909146047349,0.9344666383339018,0.10469300350538714
0.6923479626630349,0.4095175762101708,0.4153508655630769,0.728693633004549,0.9371355716106109,0.10469344643965879
0.6924287820379806,0.41442943510516184,0.41970855038940497,0.7288268976300936,0.9388865278366438,0.10469390044728726
0.6925096577330483,0.4066374473906601,0.4138476989153198,0.7415635172918595,0.9432044198894118,0.1046943433815589
0.6925904311132274,0.40880750947002986,0.41419887235830294,0.7336998719412722,0.9317467063323193,0.10469478077915216
0.6926712849060257,0.41076762944573264,0.41670482887167165,0.7349131518485681,0.940127496812579,0.10469523478678062
0.6927520917653878,0.4126547375859587,0.4174759451946321,0.7168996342251355,0.9334466638333652,0.10469568325773067
0.6928328767224818,0.41354289091324475,0.4204887636671786,0.711790945129323,0.9408244793879703,0.10469611511864554
0.6929136804529494,0.41141087594571124,0.41629269919132716,0.7359793085622879,0.9365745856352987,0.10469658019963078
0.6929944841834166,0.4146984110217334,0.4198125124253114,0.7173110232360538,0.94619634509138,0.10469701206054566
0.6930753098161535,0.40880804048470165,0.41391867286983064,0.7078593210008493,0.9308967275818532,0.10469747714153088
0.6931561104177253,0.4107624069074961,0.41462804499535344,0.7213919545731231,0.9326306842327767,0.10469790900244577
0.6932368609569663,0.40990229008212276,0.41843743355736923,0.7324866714527039,0.9337866553335061,0.10469835193671743
0.6933176333984772,0.40920661080010895,0.4135722316140472,0.7373322065933667,0.9321716957075523,0.1046987948709891
0.693398443386736,0.4108100426782034,0.41804139508420035,0.7253236978296886,0.9333786655332688,0.10469923780526073
0.6934791814103951,0.411699885597627,0.41446325952434565,0.737826866140568,0.9300467488312734,0.1046996918128892
0.6935599475941139,0.4089907005921511,0.417184785092964,0.7124863355114848,0.9323246918826271,0.10470013474716086
0.6936407034524779,0.4093852176743567,0.4123268385797825,0.7107568338723418,0.9380875478111648,0.10470056660807572
0.6937214727650929,0.40803584324003483,0.4143054683057003,0.7270962047100313,0.9277518062048102,0.10470100954234739
0.6938022045309595,0.409796040661635,0.4143875401024091,0.706963477749275,0.9326646833828818,0.10470146354997584
0.693883002003636,0.41175956485260734,0.418017512811102,0.7180721326156159,0.9425074373140205,0.10470187326417713
0.6939637494139816,0.40893869512495273,0.4154116889981782,0.7342403163851519,0.9367275818103735,0.10470226083166484
0.6940444342464138,0.40917261334561805,0.41648398756669824,0.7405449721055617,0.9377815554611288,0.10470265947250933
0.6941251910434465,0.41326634133286977,0.41746011959197654,0.7317545896182172,0.9291287717807108,0.10470304703999701
0.6942058852625648,0.4116531044565934,0.4164326727734162,0.736940275170803,0.9393965150870827,0.1047034567541983
0.6942866201573286,0.4098251338291068,0.4149322617725551,0.7349738674661062,0.9394645133870654,0.10470384432168602
0.6943672996706387,0.41015251420786075,0.41561998934306127,0.7258305878609985,0.9417764555885242,0.10470423188917372
0.694448018920923,0.4076006168209214,0.4143219579196561,0.7323557099702709,0.9348066298342701,0.10470460838330463
0.6945287319134161,0.41029073357227447,0.416799959557285,0.7141273646876618,0.9331066723331105,0.1047050180975059
0.6946094292614307,0.41144327320447405,0.4175222489159683,0.7277393375691841,0.9345516362091075,0.1047054056649936
0.6946901954451508,0.41007024269229947,0.41629916223464947,0.7293607503195512,0.9304377390565151,0.1047058043058381
0.6947708583753132,0.4084980334041484,0.4160740845375805,0.7293906911799986,0.9313047173820905,0.10470618079996902
0.694851505660997,0.40959430514834994,0.4152508654612618,0.7238025115140281,0.9318147046324157,0.10470656836745673
0.6949322342979687,0.4083564026727524,0.4138975661639673,0.7182308112341127,0.9385465363365029,0.10470696700830122
0.6950128646876168,0.4122102407591915,0.41554928541981245,0.7168472178646712,0.9309987250318272,0.1047073545757889
0.6950935329369017,0.3870600091992481,0.33591117866122655,0.7280001486718588,0.9146961325966458,0.10470776428999021
0.6951742083826469,0.36777819063026224,0.30395682784449046,0.7350601559140526,0.9190990225243922,0.1047081407841211
0.6952548681839139,0.3498386090862725,0.2738077705878142,0.7247275411481338,0.9283127921801224,0.10470852835160882
0.6953355217273902,0.32826652066206696,0.2497471533503553,0.7227647072861956,0.9243688907777141,0.10470891591909652
0.6954162096887178,0.29751523234359234,0.22505381479582734,0.3400843752507894,0.816353591160123,0.1047093367066546
0.6946417360478088,0.29956604274171067,0.22478309960209342,0.34356037413686247,0.8185805354866034,0.9213633318801486
0.6931257172639347,0.297064233000799,0.22276355792659724,0.35752226593384884,0.8100297492561594,0.9216421590041585
0.6916096671911052,0.2935920076248701,0.2203978405998377,0.3420831063777727,0.8045898852527671,0.9219212075953042
0.6900935827004231,0.2957851940522495,0.22283717464608305,0.34373267306720745,0.796498087547775,0.9222001454528822
0.6885775388853843,0.293212622494089,0.2233714801922994,0.3339019052433714,0.8061198470038562,0.9224791940440279
0.6870615107148241,0.2969548933252314,0.22536753800147735,0.34625314552763164,0.8072758181044719,0.9227581319016057
0.6855454575130984,0.2953299319310708,0.22292635800381733,0.36592178915145745,0.7993200169995589,0.9230370697591836
0.6840294074402689,0.2925987861612499,0.22139046002570076,0.3508726946778373,0.7866043348916492,0.9233160076167615
0.6825133636252301,0.29426957215486366,0.22269363753668273,0.3422009637700896,0.7927411814704328,0.9235794427748311
0.6809973229390871,0.29167398191524946,0.22100918916384907,0.34358936197257406,0.8054398640032332,0.9238190702157991
0.6794813072841093,0.28899249674480854,0.21845613654232582,0.37714115372459744,0.7926901827453321,0.9240586976567674
0.677965225922323,0.290575896675487,0.21955535412895727,0.3536868178849546,0.7878793030173483,0.9242983250977354
0.6764491489409901,0.2897384788500075,0.22085694686630267,0.36728000823731044,0.7942541436462989,0.9245378418051353
0.674933073836995,0.2890447158694253,0.2212440211869184,0.3412939224778708,0.7927411814704328,0.9247775799796714
0.673417008119686,0.2879832899516398,0.21768251468339253,0.35940814304837754,0.7929451763704947,0.9250169859535036
0.6719009643046476,0.29040027135028523,0.22228017762036675,0.3524795340916207,0.7890522736930734,0.9252567241280396
0.6703849298762967,0.28679526101766945,0.21781338688392643,0.37224510827294166,0.7806204844878266,0.9254962851288667
0.66886884851451,0.28433224225611653,0.21383288039646964,0.3440815198298439,0.7768805779854802,0.9257358682764076
0.6673527608949321,0.2814423084384239,0.21414607460645044,0.3751878501100172,0.7926391840203451,0.9259755621575164
0.6658367295954761,0.28090008703276836,0.21507299454089748,0.36493787053055726,0.7934041648958328,0.9262150677915596
0.6643206576203768,0.28526898253190586,0.21803792673184216,0.3600445253156528,0.763756906077333,0.9264546398657437
0.6628046231920255,0.28348672565232474,0.21736113985419284,0.3699783786484021,0.778818529536693,0.9266943780402797
0.6612884948968039,0.2819361485073178,0.21608778087733332,0.3738491283218819,0.7780705482362009,0.92693389474768
0.6597724542106609,0.2817164040873612,0.21423156384798442,0.35666065215403253,0.7865193370165571,0.9271736329222158
0.658256394751144,0.2761822844994958,0.20985765058547867,0.3539373045529923,0.7792605184870354,0.927413149629616
0.6567402839777383,0.2804077380959831,0.2152832869196812,0.3773873517813242,0.7668508287292752,0.9276527106304431
0.6552242276471167,0.2757191368998377,0.21053918514392467,0.3809261708812266,0.76447088822772,0.927892293777984
0.6537081431564347,0.275444828487446,0.21079565065515557,0.37751640721428603,0.7605609859754168,0.928131921218952
0.6521920461501702,0.276641596099227,0.21207244257043728,0.36364878544740753,0.7611219719506153,0.9283714379263522
0.6506759898195487,0.2767901532644225,0.21127243732917478,0.37024188998782814,0.7669528261792493,0.9286110653673201
0.6491599303600317,0.2737273661253905,0.20804285900778027,0.3882971024434483,0.76447088822772,0.9288505820747204
0.6476438302248715,0.27273243951465764,0.2086734705396114,0.3670816599641895,0.7674628134296881,0.9290902095156883
0.6461277332186062,0.2699863749144521,0.20634469216148382,0.3722782258825079,0.7598810029747938,0.9293298369566563
0.6446116330834459,0.27219405321496487,0.2069336148505153,0.3671291126541554,0.7513812154695643,0.9295695751311923
0.6430955986550941,0.26993564781590806,0.20627529855386748,0.38821331568543305,0.7463833404164006,0.9298090918385924
0.641579470359873,0.2712257703100865,0.2081937843495812,0.3821324222310969,0.7431874203143707,0.9300486528394196
0.6400634421893123,0.2676333362643436,0.2035884697890573,0.37937869696660576,0.7475053123671387,0.9302882359869605
0.6385473214034403,0.27136367142328277,0.20823204246732963,0.36920853320876246,0.7526221844453858,0.9305277526943606
0.6370312212682805,0.26651223198554186,0.20313886109755663,0.3861259135486643,0.747811304717402,0.9307674355021127
0.635515146164285,0.26918860135705897,0.20750749768359655,0.39177953424648715,0.7448703782405346,0.9310070075762968
0.6339990178690633,0.26750204333372946,0.2072697661445162,0.38634554604088334,0.7403654908627004,0.9312466350172647
0.6324829208627984,0.265751116319783,0.20306023330612508,0.3769329178198433,0.7484912877177976,0.9314862181648057
0.6309668801766555,0.26708471765163216,0.20674997145858093,0.40394318749526725,0.7399575010623494,0.9317258898992009
0.6294507080768952,0.26564902383233185,0.20576685403442418,0.4026563261365008,0.7231619209519522,0.931965406606601
0.6279346736485434,0.2674199845816225,0.20577793195628308,0.382866489533783,0.7408414789629205,0.9322050340475689
0.6264185641266962,0.2632733911337142,0.20174439088627666,0.3967602400621657,0.722277943051381,0.9324445507549691
0.6249024827649095,0.2630146421663768,0.20267711649285874,0.395755712281356,0.7274968125796022,0.9326840674623692
0.6233863719915038,0.26379003801457157,0.2044499536232374,0.4056034360036149,0.7202719932001855,0.9329238056369052
0.6218702217940124,0.26222432784538313,0.20173014341714468,0.389296587135032,0.727683807904782,0.9331633223443052
0.6203541435611215,0.2615461237734768,0.20244360585227683,0.39333054229450326,0.7288057798554064,0.9334029497852733
0.6188380496837524,0.26114798256083455,0.2002889710777483,0.3990496040241789,0.7378325541861841,0.9336423557591055
0.6173219464196968,0.25989601266625545,0.19989609108499756,0.4057847092502209,0.7270718232043691,0.9338821493004253
0.6158058900890753,0.25753146333447396,0.19805016623080224,0.41852267903036267,0.7219209519761307,0.9341216660078254
0.6142897398915839,0.25735306743575237,0.19745701821653028,0.3958121789969471,0.7257118572035779,0.9343613488155775
0.6127736147252576,0.25552072353591837,0.1972897382764046,0.3971911263708019,0.7114832129196884,0.9346009762565455
0.611257492687828,0.2544752825900958,0.19504011447200675,0.3963819289514501,0.7103102422438496,0.9348404929639456
0.6097414050682501,0.258985063254575,0.20098580888329365,0.40741358736101785,0.7280407989800324,0.9350800096713457
0.6082252623801088,0.2542659823526482,0.19694066089575918,0.4185853006973719,0.7210029749255682,0.9353196371123138
0.6067091641222855,0.2544281796219884,0.19727074091310492,0.41165478569114367,0.706672333191591,0.9355591538197138
0.6051930952760816,0.2545690629994019,0.1983596663245828,0.40966709376734944,0.7081342966425836,0.9357987369672548
0.6036769826253385,0.25116845219307093,0.1936685991313758,0.41518153314439354,0.7136421589459587,0.936038297968082
0.6021608574590132,0.2539946570984379,0.19777285519148602,0.41502468115664004,0.698002549936291,0.9362780361426181
0.6006447541949562,0.25294900338916093,0.19659369285767753,0.39149950381164245,0.7140671483211918,0.936517663583586
0.599128635286422,0.2517963564812701,0.1953200638495559,0.40516742718702403,0.700178495537557,0.9367570695574181
0.5976124663155571,0.251445316448807,0.19460607463212554,0.413801751873895,0.6919677008074814,0.9369966969983863
0.5960963849537708,0.25118166677030695,0.1948445985580242,0.4121408283063597,0.715784105397347,0.9372363798061382
0.5945802766834816,0.2490345187785919,0.19427071572494295,0.4107892803936566,0.7134721631958882,0.9374759518803223
0.5930642078372776,0.24892283405641324,0.19384010439674193,0.409263249535589,0.6819379515511628,0.9377154685877224
0.5915479950618732,0.24388980011642275,0.18774955370693824,0.4346646943290302,0.6936506587334179,0.9379550960286904
0.5900319262156692,0.24870777847812914,0.1942580508160765,0.43055048654493877,0.6882277943051349,0.9381946127360904
0.5885157635025955,0.2500656795419786,0.19488391245373998,0.4173044751619319,0.6919677008074814,0.9384342401770585
0.5869996727541213,0.24743896987587738,0.19454960932452475,0.4185050877821157,0.6793030174245587,0.9386738676180266
0.5854835194277355,0.24179061151041709,0.18841552384050675,0.41896980646886983,0.6707012324691277,0.9389134950589947
0.583967431808158,0.24460295997232862,0.19137148745215632,0.4396739511774166,0.6765830854228625,0.9391530117663947
0.5824513304214389,0.24302083841030442,0.18977041455155086,0.4198455567822663,0.6940586485336553,0.9393926392073627
0.580935152063887,0.2445620378719664,0.1902667275845389,0.4284509730521535,0.6743391415213864,0.9396320451811949
0.5794190018663956,0.24005289728577842,0.18655825103319051,0.4203624138639368,0.6791330216743745,0.939871827649158
0.577902936149087,0.24087582162898927,0.19036461613041925,0.4235597324335403,0.6761750956226251,0.9401114107966989
0.5763867640493259,0.24008550730799558,0.1879983698079905,0.41247831819089553,0.6613684657883141,0.940350816770531
0.5748706388830009,0.2392785688307118,0.18644400346224344,0.4192518223719144,0.6700892477688285,0.940590554945067
0.5733545137166747,0.2397534389815332,0.18737197917465784,0.4157280134115997,0.6649723756905814,0.940830071652467
0.5718383572613925,0.24092250085811615,0.18878781948295031,0.4345225745153165,0.6543136421589679,0.9410696990934352
0.5703222583777907,0.23871290053480151,0.1868719742388405,0.40789923288259367,0.6604674883127473,0.9413093265344032
0.5688060925358212,0.23610026186353827,0.18520230454417902,0.42350838822590364,0.6593455163620092,0.9415488986085874
0.5672899329516432,0.23815106913278225,0.18793055876063972,0.4329781979310865,0.6497237569060417,0.9417884153159874
0.5662488304669084,0.23180510946250626,0.18278381381264797,0.433357620903994,0.6650233744156822,0.942053345377224
0.564739551324291,0.23560194482246216,0.18678411005022272,0.4454849400847247,0.6614194645133011,0.9422934157524637
0.5627415011325438,0.23089267070664538,0.18314766987146552,0.44675325717050884,0.6561835954100843,0.9425071979786804
0.5612253790951129,0.23207771308537084,0.18371443007666627,0.4347866020764741,0.642889927751753,0.9427467589795075
0.5601772028030667,0.23031911407157057,0.18291389583973455,0.4346540522194815,0.654738631534201,0.9430101941375774
0.5591310800052427,0.23088733910478937,0.18378646423588652,0.42904812246780843,0.6296642583935181,0.9432757332334376
0.5576005634833199,0.2301822803515024,0.1803927688815265,0.4405796423512598,0.6268763280918392,0.9435138104044548
0.5560778472982828,0.22947018610079647,0.18278803471114644,0.4336134286268061,0.6392860178494857,0.9437536593125587
0.55454976192829,0.22878580116114494,0.18317748619221702,0.44605397527067603,0.6286952826178549,0.943991891510571
0.553028225336917,0.22833480342748697,0.17988352754852294,0.4307472067341367,0.6289842753930088,0.9442320283259514
0.5510547003680353,0.22766235290848896,0.1809927694924169,0.4460887209641655,0.6232044198894755,0.9444474051155459
0.5490409700285688,0.22424256120855937,0.17865238198339023,0.43026457912422367,0.6251933701656753,0.9446603457666464
0.5475248073154946,0.22679594972760736,0.18046189245788075,0.43649819479245866,0.6099447513811356,0.9448997517404788
0.5460086727624818,0.2233324628506963,0.17916848255312517,0.43391958782315543,0.6255503612409257,0.9451394345482307
0.5444925037916173,0.22352130203796283,0.17693178704874288,0.4321645927723321,0.6189545261368039,0.9453790066224148
0.5429763661097082,0.22214550023709717,0.17912863966174022,0.44487333646057814,0.6109137271567988,0.9456185233298149
0.5414601846232605,0.21909123615173634,0.1774251961389779,0.44560541829506506,0.6113727156820232,0.945858150770783
0.5399440312968742,0.22182877591034245,0.17826003098630863,0.43720045489459003,0.6231704207394841,0.9460978889453189
0.5384278717126962,0.22128165200559596,0.1781133287563772,0.4507481383158156,0.6151126221843697,0.9463374056527188
0.5369116914778069,0.2216463285663473,0.17727321501920962,0.43061155954675256,0.6041308967276109,0.9465769223601191
0.535395531893629,0.2176792019861451,0.17339930669252118,0.4433684309841526,0.5857373565660282,0.94681650550766
0.533879372309451,0.2188478329720348,0.17436712308294955,0.45184471240235036,0.6073608159795185,0.9470560665084872
0.5323631689207331,0.21947530994539705,0.17708535072877674,0.43762526567053595,0.5948491287717843,0.9472955832158874
0.5308470218521375,0.2167160271920992,0.17662571768001356,0.42651736528211104,0.6031449213768383,0.9475352106568554
0.5293308215923158,0.21402985639825658,0.17272304659717003,0.45315345362067405,0.6119847003824361,0.9477747273642554
0.5278146839104072,0.21126162506437884,0.1725446820950725,0.4499182920271898,0.5843603909901276,0.9480143548052234
0.5262985149395427,0.21040033535811437,0.1698763216978928,0.45918054088680615,0.5895452613683574,0.9482560861839819
0.524782342839782,0.21249462504088548,0.17194625740433467,0.4449572026373214,0.5908032299191746,0.9485083372516923
0.5232661788751494,0.21224994349252962,0.17140694078617252,0.4484675104138802,0.5808244793879567,0.9487605883194026
0.5217499817442239,0.21063499735690577,0.17115153105290898,0.4686148504205838,0.5741776455588479,0.9490127286535449
0.5202338252889409,0.20766428673161685,0.1687860726905565,0.4436361912255251,0.5708457288567388,0.9492649797212553
0.5187175874823722,0.20983360145700414,0.1711188107894045,0.4567559268310495,0.5694177645558511,0.9495171754221817
0.517201443542672,0.2085142820955191,0.16811694186319887,0.4582050406510716,0.5540161495962366,0.9497693711231081
0.5156853215052419,0.205542074974337,0.16895758016929363,0.4549163111255672,0.589188270293107,0.9500216221908185
0.5141690398941328,0.20932526844222005,0.17144440873047367,0.4634203096798286,0.5672758181044628,0.9502737182315336
0.5126528959544334,0.20529355653209017,0.1659132278000991,0.46484539933463775,0.5800254993624776,0.9505374191501664
0.5111367288609054,0.2051903984394391,0.16854016717237028,0.4773817249644472,0.5667318317041463,0.950837728586352
0.5096205442455624,0.20376067093650144,0.16635835220195222,0.4718166164389541,0.5626859328515366,0.9512525365317615
0.5081044034347579,0.20635924576463952,0.16781192384569493,0.4564093037927963,0.5514662133446109,0.9516853940487412
0.5065882000460413,0.2020135826043742,0.16667022724281655,0.4641907110505641,0.5440373990650187,0.9521183180058614
0.5050719997862192,0.20246777715363193,0.16741165783391454,0.4668262215384622,0.5549341266467991,0.9525513748432634
0.5035558026552929,0.2019598714536847,0.1669549287279044,0.4725029133767624,0.5500722481937146,0.9529842988003839
0.5020395804932014,0.1978243613726125,0.16209182727366211,0.46749584054339577,0.546570335741535,0.9534172670509314
0.5005234021356495,0.1962388320194624,0.16291531638124288,0.4703180644607665,0.546570335741535,0.953850235301479
0.49900719061180343,0.1972994042015383,0.16365357963843874,0.47157863822057267,0.5352316192094122,0.9542832035520268
0.49749104667210364,0.19620899149800813,0.16368313256804112,0.47617869007306024,0.547641308967286,0.9547161718025742
0.495974827638908,0.19623051815338916,0.16320898644562584,0.47861593170656525,0.5334466638332742,0.9551490293195539
0.49445862425019094,0.1960953865409558,0.16117572408329586,0.4743296632483125,0.5370165745856639,0.9555470057626403
0.4929424709238037,0.1957362525575866,0.1605780962061183,0.4836077561441605,0.552350191245182,0.9559253823642059
0.49142621434386013,0.19196968324599367,0.1618941998037448,0.47127545722652253,0.5244368890777196,0.9563036039387762
0.48991004537299565,0.19270607365284353,0.16209261744710937,0.47359249861523534,0.5214449638758651,0.9566819141002011
0.4883938670154433,0.19426176606039575,0.16339553156694225,0.48558135124373925,0.5043263918400953,0.9570602907017665
0.4868776292088741,0.1916290882900037,0.1595018312767649,0.47312543707600585,0.5080152996174547,0.957438722670116
0.4853614245685982,0.19202701673919162,0.16360951584855532,0.4624041073460061,0.4990565235868871,0.9578170439048975
0.4838452430821505,0.19178830329512664,0.16094643434121247,0.4819450456552459,0.5268168295792748,0.958195420506463
0.48232904282232836,0.18864452300918758,0.15920367692273435,0.4866479844698266,0.5303867403314371,0.9585737528146013
0.48081283317582013,0.18944272030556125,0.1602535496162745,0.47056041070918675,0.5051253718656881,0.9589520629760262
0.47929661727151984,0.18391435695249644,0.15699864590388912,0.47478846523983265,0.4914067148321237,0.959330373137451
0.47778037320715905,0.1879618437530272,0.16098891557083034,0.4683621797375268,0.5073013174670677,0.9597087054455893
0.4762641854629197,0.18690084068025806,0.15981449870444753,0.47289544043978604,0.48882277943050667,0.9600869270201596
0.47474798207420266,0.18284930601031013,0.1558213273081243,0.4740615059133002,0.48890777730548507,0.9604653479151523
0.4732317473965284,0.18356907226086988,0.15854166208314419,0.469763721739491,0.47848703782403845,0.9608437245167178
0.47171551271885503,0.18258586551940797,0.15413635215299243,0.4758840465922676,0.4891287717806563,0.9612220346781426
0.4701993324839653,0.18247525355414201,0.15760551017825292,0.4852767407125853,0.47802804929870035,0.9616003669862809
0.4686831541264129,0.17961898463629733,0.15449176862818406,0.4824154427810501,0.4904887377815612,0.9619786328542785
0.4671668881597828,0.17999283326865206,0.15614323113299317,0.4865829405316142,0.47569910752224587,0.962357009455844
0.46565066599769134,0.17752299642174782,0.15355903859485998,0.4915112696961921,0.47554611134717106,0.9627352753238416
0.4641344657378692,0.17944698594463165,0.15460522602568383,0.48505544042707904,0.46769230769223213,0.9631136962188342
0.46261826234915215,0.1777009667935607,0.15318278101832505,0.49780321842012554,0.4879558011049312,0.9634920285269726
0.4611020245425834,0.1735362562693255,0.15068091924130775,0.49491781690464975,0.4628304292392613,0.9638704051285382
0.45958577422043057,0.1771817595995384,0.1547371495774431,0.49955932533314074,0.4451508712281793,0.9642486709965357
0.4580695301560693,0.17341071510369147,0.15084160333585112,0.4912875074301184,0.4573565660857639,0.9646270475981013
0.45655330173618713,0.17540248677210274,0.15193448404130733,0.5021741472424013,0.4509647258818177,0.9650053134660989
0.4550370670585133,0.17186845182475774,0.15039595215169985,0.4923401629600823,0.45416064598373396,0.9653836900676643
0.4535208448964214,0.17341902181805194,0.1520579680094406,0.4831514161332078,0.4381980450488072,0.9657619559356619
0.45200462586322576,0.17123181350736122,0.15035294192641274,0.4810955829408097,0.43354016149589825,0.9661403325372273
0.4504884068300301,0.1700923758129218,0.15030017516175423,0.4880762905831191,0.4271653208669477,0.9665185984052249
0.4489722034413126,0.1720010231240262,0.1524922756672129,0.48372160289071475,0.44674883127913745,0.9668969750067905
0.4474559174497501,0.1703715876183685,0.15109358013069246,0.49501260315648943,0.42458138546533064,0.9672754180484967
0.44593972970551077,0.17040377032574872,0.1514761723750316,0.5119525781245007,0.42696132596688585,0.9676536174763536
0.44442350754341975,0.16697139518723347,0.14850780945903574,0.4875486722638074,0.4163705907351414,0.9680319940779192
0.4429072134167278,0.16370890898512228,0.14489063003472732,0.5032854932123394,0.4308032299192064,0.9684103706794845
0.44139102567248933,0.1645073172570221,0.14795635471430535,0.49610147362641044,0.43972800679978263,0.9687886365474822
0.439874728416902,0.1650917462834069,0.14760490238657611,0.494697350515787,0.42821929451758933,0.9691669024154799
0.43835850625481054,0.1625230048250103,0.1458866823990126,0.49433035657380797,0.4308032299192064,0.9695452790170452
0.4368422997371981,0.16255710776726426,0.1457916933691433,0.4902427937729523,0.39592010199748984,0.9699236556186108
0.43532599935271454,0.16102805370178197,0.14586504448410903,0.5215180476875312,0.39367615809601375,0.9703019214866083
0.4338097396438756,0.1594806733723748,0.14410988554791357,0.5175488982100886,0.4125796855078079,0.97068024272139
0.43229352373957575,0.160547646337363,0.1454138554457138,0.5044295199888402,0.4053208669782862,0.9710585639561715
0.4307773015774843,0.15906335305406205,0.14406397580661545,0.4847862109392389,0.39544411389715606,0.9714368741175963
0.42926104186864444,0.16080618075331782,0.14493284787319613,0.49914690387875904,0.3753846153846325,0.9718152064257346
0.42774479467538873,0.15854009799062263,0.14372993828192032,0.5145687898615006,0.3899192520186716,0.9721935830273
0.42622854122434006,0.15485666197597747,0.14339985383783257,0.4999169478652188,0.3864003399913827,0.9725719042620816
0.42471227838660575,0.15707093951943138,0.14672098825067414,0.48446134863245116,0.3778665533361618,0.9729502254968632
0.4231959917692638,0.1546168829267126,0.14077766878647108,0.5120273905662545,0.36069698257540495,0.9733286020984286
0.4216797070292593,0.15312384846250157,0.14109613745954677,0.5019045603702852,0.358963025924254,0.9737068679664262
0.4201634473204203,0.15134862171655483,0.14098268006204698,0.5037027592091279,0.37477263068410593,0.9740852445679918
0.41864719699826747,0.15123566041365008,0.14268085133508546,0.5073699983921678,0.36447088822774276,0.9744635658027734
0.4171309779650718,0.14871210705227178,0.13976103871199158,0.5179780373067093,0.36294092647676734,0.9748419977711229
0.4156146794579265,0.15153256376851496,0.14162279359558444,0.5068594550993712,0.36532086697832256,0.9752201971989796
0.4140984366451237,0.15097244162584322,0.14122463913973882,0.5009724227600258,0.3834424139396333,0.9755985959472588
0.4125821221806105,0.1454903230353557,0.1380736908231469,0.4999823094783433,0.3370335741606141,0.9759767953751155
0.411065895325176,0.14692303459043876,0.13907185031662492,0.509915448042541,0.358963025924254,0.976355171976681
0.4095495961922513,0.14589678168992756,0.1394188227814486,0.5054452855196587,0.36022099447507117,0.9766947918294763
0.4080333821652884,0.1444092898030987,0.13833701557110925,0.4891258487826915,0.3324776880577929,0.9769931080614394
0.40651710493463344,0.1437391814700267,0.13707366767128623,0.4938975642157002,0.2679813004674543,0.9772913135598343
0.4050008158141747,0.13995492418487196,0.13267521255112388,0.5122298686132303,0.2980705482362964,0.9775896297917973
0.40348453827063047,0.14236167219774173,0.13650823991542796,0.5157367613844861,0.33125371865696707,0.9778880013905443
0.40196830202850853,0.14164701942179908,0.136556779141475,0.5029595587527242,0.30679133021669713,0.9781862622557232
0.4004519769257504,0.1388431993773433,0.13606390568702215,0.5216988444217696,0.337696557586014,0.9784845341942591
0.39893574349963457,0.13764579705105562,0.13525888052032986,0.5235039129805821,0.3152401189969396,0.9787828393528651
0.3974194290351205,0.13825430053048904,0.13611403854018975,0.5284828715842453,0.3164130896726647,0.9790811002180443
0.39590317714852086,0.1343621954170466,0.13317232239767218,0.5177602711545979,0.28637484062892327,0.9793794607434343
0.39438688114449194,0.24526070299405384,0.2186645807563239,0.5081962708380348,0.1705567360814939,0.9796776219484022
0.39287060735562207,0.3029879677081575,0.27021961487610185,0.528648181666528,0.30339141521460533,0.9799759935471493
0.39135432105116985,0.3256918164631641,0.292144594923669,0.5172029899403872,0.31704207394807327,0.9802742544123282
0.3898380469494107,0.365509127391278,0.33480430945104545,0.5107530773665085,0.38464938376534974,0.9805724599107234
0.3883217669027492,0.41733279805147294,0.38604114116627913,0.4544773638160413,0.804079898002442,0.980873710582236
0.38860565504793465,0.39824355365173786,0.3562527686504506,0.7579506584944267,0.9367275818103735,0.10061491873957085
0.6558835823330558,0.3894446995420651,0.3527654056487087,0.3622235369551423,0.8278793030174256,0.10445428407967601
0.6681035475441228,0.41875623919890237,0.4299876666541095,0.7061636120304602,0.9385465363365029,0.9167379907483397
0.7007344624808769,0.4256027526084174,0.4383273055125288,0.7272148165802639,0.9363365915851318,0.10479012791780536
0.7008145152763854,0.42600408884873125,0.43968258577686903,0.7514505532844669,0.9361665958350613,0.10479052102197146
0.6703582622985707,0.42874780768715437,0.4462525681190379,0.7968004338803949,0.9347556311091694,0.10492630805962722
0.6399563504161634,0.43059868882643937,0.44729135846397716,0.7916610494462193,0.9354526136846744,0.1050414709702588
0.6402822952994973,0.42124535706338373,0.43739894024681825,0.7859515973826288,0.9334466638333652,0.10504064046849944
0.6402384579068272,0.4203777827895392,0.4344625052075086,0.7806191857301066,0.9317127071822142,0.10504119413633901
0.6403076549988369,0.41665150086380176,0.4261417132031608,0.7815385369251617,0.9326306842327767,0.1050413159432637
0.6403885028467329,0.4159841638194208,0.42498643314245066,0.7484767190153889,0.9344666383339018,0.10504143775018841
0.6688478323481286,0.41361737600154824,0.42096555476793973,0.7004028951779608,0.937645558860936,0.10493460200386404
0.7012731538087329,0.4150383676873603,0.42377112646019954,0.7173848826530715,0.9357076073097232,0.10479279659679211
0.7013531346396418,0.4167491110152861,0.4253432949489059,0.7089307590599792,0.9406714832128955,0.10479316201756624
0.7014331664715487,0.4161127945249634,0.42255197957926205,0.7394369617221985,0.937594560135949,0.10479353851169713
0.7015131566891446,0.41752834375737186,0.42735663254548684,0.7093951997811856,0.9387505312366784,0.10479390393247126
0.7015931594223224,0.4134998376024827,0.42494461149739104,0.7032777340026162,0.9303867403314143,0.10479428042660216
0.7016731540203711,0.4161836608466148,0.4253622967389475,0.7277782527458927,0.9354016149595736,0.1047946347740195
0.701753144237967,0.41231361876700967,0.4193886297449527,0.7052896486384435,0.9308457288567524,0.104795033414864
0.7018331281977708,0.41598171435780357,0.4241457926229849,0.7170181666766404,0.9339906502336817,0.10479538776228134
0.7019131340598448,0.41826889467311473,0.42604014160793524,0.7156837334998163,0.9326306842327767,0.10479576425641224
0.7019930898595872,0.4125005377194025,0.4205284803964165,0.7210670128476073,0.940518487037707,0.10479616289725673
0.7020730322050794,0.4169899628214637,0.42286372403123734,0.7211393235994301,0.9376965575859231,0.10479651724467406
0.7021530318093618,0.41365477945923684,0.4230659685930623,0.7191437295122018,0.9395665108371531,0.10479689927548337
0.7022329625779395,0.4097365759580372,0.4161630177843917,0.7095982734686215,0.9399065023374078,0.10479728130629268
0.7023129671884547,0.41677863686137934,0.4235796920023424,0.735793349610731,0.9403144921376452,0.1047976467270668
0.7023929073437198,0.4149843364975252,0.4219113414767974,0.7197588672697435,0.93106672333181,0.10479803429455449
0.7024728537567757,0.4148530489306956,0.42321135165387724,0.7060491696434461,0.932528686782689,0.10479841078868542
0.7025527375919185,0.41554200917857964,0.4234836538346187,0.7124635820459193,0.9376965575859231,0.10479876513610273
0.7026326871338697,0.41483929976293143,0.42015816129427663,0.7182761196184233,0.9328176795579566,0.10479915270359044
0.7027126366758218,0.4150252621737438,0.42631692365158225,0.7091841842209523,0.9362685932850354,0.10479950705100775
0.7027925370941124,0.4149296616535425,0.4229333876701158,0.724951740217211,0.9400254993623776,0.10479987247178188
0.7028725004032044,0.41745001462346465,0.42638737525053694,0.7150401638376591,0.9416914577135458,0.10480028218598317
0.70295246871853,0.4155129195869643,0.42424934739862724,0.7193447780220743,0.939005524861841,0.1048006254600437
0.7030323494247779,0.4138361647738884,0.41945010833787033,0.7221861418528877,0.9342456438588442,0.10480100195417463
0.7031122457755021,0.41417473400724164,0.42023626230341,0.7207296023817995,0.9347556311091694,0.10480137844830553
0.7031921483840193,0.4182194495190813,0.4290087590615962,0.7261096255617436,0.9395155121120524,0.10480174386907966
0.7032720478636403,0.4143383222847119,0.4242512066302679,0.7257061784236234,0.9382405439863533,0.10480212036321056
0.7033519536010528,0.4148614700724601,0.4217084417571562,0.708743608827503,0.9362175945600484,0.10480249685734147
0.7034317936316561,0.41844728520805174,0.4244068730127525,0.7033433735812888,0.9350616234594327,0.10480285120475881
0.7035117200197805,0.4146183833560478,0.41914693848515205,0.7400442370256703,0.9334466638333652,0.10480322769888971
0.7035915725659674,0.4146206182662825,0.4201908793444101,0.7272359022525414,0.938342541436441,0.10480359311966383
0.7036715033345442,0.41836822302358756,0.42369631452037326,0.7195034566405711,0.939056523586828,0.10480398068715154
0.7037513339784609,0.4147389075951869,0.42187849505114583,0.7248529433196083,0.9475563110921712,0.10480434610792563
0.703831245034996,0.41706711192276696,0.4236961817181133,0.7352943617428553,0.9370845728856239,0.10480472260205656
0.7039110443899563,0.41572339449323126,0.4246195425519911,0.7269932780385735,0.9318147046324157,0.10480509909618747
0.7039909595140563,0.41337482566359224,0.4208055280445836,0.7159806404143563,0.936472588185211,0.10480545344360478
0.7040707788939473,0.4187211779271397,0.42884766992015966,0.7352266969866195,0.9341946451338572,0.1048058410110925
0.7041506689868822,0.41561735247241327,0.42272374823577724,0.7295039422860927,0.9371865703355979,0.10480620643186661
0.7042304965019026,0.4108422253855837,0.4195446945342175,0.7189449047267129,0.9341946451338572,0.10480658292599754
0.7043103083724453,0.413389647588269,0.4210391626339416,0.7075013410844952,0.9427964300891745,0.10480695942012844
0.7043901859497965,0.41497485332641715,0.4244157154299006,0.7083251912591588,0.9376965575859231,0.10480732484090256
0.7044699884336523,0.41425316326512734,0.420775315530423,0.7343592062209325,0.9324266893327149,0.10480769026167669
0.704549781530821,0.4188653564562033,0.4251905170155773,0.7056291637005427,0.9327666808329695,0.104808072292486
0.7046296278192163,0.41597223118669546,0.42142320463628624,0.710843162029652,0.9317467063323193,0.10480844324993852
0.7047094290515132,0.4135972439301537,0.42122901453153316,0.7368193204480948,0.9393115172119906,0.10480880867071264
0.7047892722110123,0.4123028554393192,0.42184300364714844,0.7261219354645798,0.9346026349340946,0.10480917409148674
0.7048690684370764,0.41875708667686334,0.42561942404810765,0.7106380234552889,0.9361665958350613,0.10480952843890408
0.7049488740498284,0.41673078475136127,0.4252938150401835,0.7162141314746069,0.9371355716106109,0.10480990493303498
0.7050286671469963,0.41440886499136126,0.4237250772765284,0.7089316326659871,0.9341946451338572,0.10481029250052269
0.7051084758886441,0.4164786511183187,0.4252964600185294,0.7291401648025966,0.9304887377815021,0.1048106579212968
0.7051882470835422,0.4193676212427181,0.4275503025080547,0.7088735775758364,0.9366255843602858,0.10481102334207093
0.7052680339229203,0.4173279992522169,0.4244439469770155,0.7077103314671653,0.9337356566085191,0.10481139983620183
0.7053478145045058,0.4185048386164168,0.4267956757990501,0.7328973456950703,0.9321716957075523,0.10481175418361915
0.7054275650486939,0.4125447621231276,0.42147043797344275,0.7141746188308078,0.9400254993623776,0.10481213067775008
0.7055073550169659,0.41438723284821716,0.42210051829623374,0.7070596538288543,0.935758606034824,0.10481250717188098
0.7055871043095951,0.41924996841624856,0.42580609975831313,0.7235513497868027,0.9299447513811856,0.10481285598261993
0.7056668880200778,0.4201351251758919,0.42995415621715766,0.713058547446555,0.9398725031873028,0.10481323801342922
0.7057465859988183,0.41602380933905697,0.420567006332056,0.7425279386150414,0.9362685932850354,0.10481361450756013
0.7058263728381955,0.4163315761455909,0.42536809577096957,0.7154599315243786,0.9378665533361072,0.10481397992833426
0.7059060939707633,0.4152485207665535,0.4248895981611668,0.7329029844247563,0.9385465363365029,0.10481434534910837
0.7059858338767064,0.4180129169944684,0.42570266893144687,0.7259698486005051,0.9380365490861777,0.10481473291659608
0.7060655456225873,0.41668389633463637,0.42486796245963415,0.7276042860222602,0.9426604334890953,0.1048150983373702
0.7061452542395732,0.41601699018094873,0.4250087328552835,0.7282025075907428,0.9398725031873028,0.10481545268478754
0.7062250629812197,0.4187535751859025,0.42468708578145076,0.7327122206401571,0.935860603484798,0.10481584025227522
0.7063047496959363,0.4164452883783345,0.42739476892783024,0.7090659694443593,0.942354441138832,0.10481619459969256
0.7063845021174617,0.41637165076799204,0.4279195702589692,0.7108583707160596,0.9327156821079825,0.10481656002046669
0.7064641650525711,0.4167610543755806,0.4248965902001582,0.7229065491343618,0.9408754781129574,0.10481695866131117
0.7065438236072259,0.4177425554335513,0.4250277235784702,0.7276231479701547,0.9404164895877329,0.10481732408208527
0.7066235197086286,0.41685653868044964,0.42861034121460145,0.7237822994477581,0.935486612834552,0.10481766735614584
0.7067032220678229,0.41659096876707585,0.42950612565918056,0.7204380165220339,0.9350106247343319,0.10481805492363352
0.7067829212981218,0.41669583075528993,0.42492362874030365,0.7263766710345645,0.9376965575859231,0.10481843141776442
0.7068626486884821,0.418282322013805,0.427111778378526,0.7198859769438697,0.9333786655332688,0.10481879130186017
0.706942273763953,0.4174211395832318,0.42450713871908763,0.7279577787804834,0.9442753931151628,0.10481916225931268
0.7070219498404242,0.4165971549986056,0.4283615251135492,0.7444403812940783,0.9367275818103735,0.10481952768008679
0.7071015552038533,0.41674996922081625,0.42435384064357384,0.7235996760827763,0.9371865703355979,0.1048199041742177
0.70718127007863,0.4185170948641441,0.42683881439985527,0.7273729789770287,0.9359116022098988,0.10482024744827823
0.7072609286332852,0.4213134592480568,0.42751139144586114,0.7227807498692471,0.9346026349340946,0.10482062394240915
0.707340602832419,0.4204431136855211,0.43297858160723224,0.712084476747924,0.9375265618358526,0.10482100043654007
0.7074202457425955,0.4148713751946205,0.42574976946634335,0.7337757168264896,0.9363365915851318,0.10482135478395738
0.707499888652773,0.4162744589917036,0.4236364207010923,0.7228024311819847,0.9417764555885242,0.1048217312780883
0.7075795941408627,0.4195049877653862,0.42575450608028503,0.7268129181073391,0.9393965150870827,0.10482208562550561
0.7076591944980577,0.41669444689887253,0.42473208361389647,0.7140230878978289,0.9339906502336817,0.10482246211963653
0.7077388186348612,0.4182945782615324,0.42604712700681363,0.726364996481552,0.9334806629833565,0.10482283861376746
0.7078184271271857,0.41768926802184236,0.42573471854353806,0.7276094879489425,0.9393965150870827,0.10482321510789837
0.7078980409386331,0.415339848138386,0.4239820695700575,0.7105968448448332,0.9347556311091694,0.1048235694553157
0.7079776650754357,0.417663368094114,0.422868336696403,0.7230544665152179,0.94046748831272,0.10482393487608982
0.7080572923411341,0.41895232128325754,0.42526809566915447,0.7056527510627517,0.9354016149595736,0.10482432244357752
0.7081369008334595,0.41989705359804635,0.42893712330915607,0.7158571045829889,0.9471143221419425,0.10482466571763806
0.7082164986875381,0.416423976274336,0.42543591345843335,0.7099605022869218,0.937594560135949,0.10482504221176896
0.7082960758909067,0.41992678684380935,0.4276392246880109,0.7152293789570632,0.9388015299616654,0.1048254020958647
0.7083756593520656,0.41626828348774303,0.42263667643397773,0.7151828792918329,0.9369825754355361,0.10482576197996042
0.7084552991333464,0.4187800007645181,0.4276090121738503,0.7281157823397926,0.939005524861841,0.10482612740073455
0.7085348919811931,0.41696768523624383,0.42443128649489104,0.7290343393475682,0.9417764555885242,0.10482652604157904
0.7086144012875248,0.41515633518919093,0.4243125479941834,0.7164424206081752,0.9380365490861777,0.10482685824228276
0.7086940316821191,0.4181247072044102,0.4256195568503677,0.7238285211474402,0.9372375690606987,0.10482723473641369
0.7087735682098439,0.41503379059119955,0.42427705880355693,0.7062313959147881,0.9432044198894118,0.10482760015718778
0.7088531748248315,0.4169966764918089,0.4280873769813931,0.731583839353068,0.935758606034824,0.10482796557796191
0.7089327050947638,0.41743051905450496,0.4231205857358774,0.7350112736869832,0.9380875478111648,0.10482833099873604
0.7090122979426101,0.41667473320267395,0.42755228347510044,0.7202669882913366,0.9363365915851318,0.10482870749286693
0.709091853243708,0.4207663353433103,0.42693460909676884,0.7240630049417907,0.9389545261367402,0.10482906184028427
0.7091713584824766,0.42130450172783596,0.4292071789183317,0.7250509342084537,0.9371865703355979,0.10482943833441519
0.709250976361488,0.4196145341254523,0.4266520058873897,0.7132076163989667,0.938716532086687,0.10482979268183251
0.7093305088216479,0.420828036745071,0.4325895285329418,0.7241988506759944,0.9382405439863533,0.10483015810260664
0.709410015937753,0.396271284703999,0.3470959664987706,0.7281766965041505,0.9171780705481751,0.10483053459673755
0.7094895399498946,0.3815202388643452,0.31878993280958184,0.733862521496168,0.9259668508286722,0.10483088894415486
0.709569057704245,0.3589210411220265,0.2882063042826471,0.7396451579175884,0.9277008074798232,0.10483127651164258
0.70964862239203,0.3345020757667468,0.25789444805543627,0.7032118164583956,0.9221419464513474,0.1048316197857031
0.7097281338885897,0.3021829467838551,0.2326351416825258,0.3332534116200798,0.811729706757319,0.10483200735319081
0.7089536884077408,0.30709768781908486,0.23445098903819156,0.3388357540095439,0.7988100297492338,0.922886693573955
0.7074370344580485,0.30547698902451675,0.23317498950972812,0.3348299527891401,0.8155886102846353,0.9231655649913921
0.7059204243128949,0.30483629747391855,0.2306557062895637,0.33436725927994937,0.7989290267742035,0.9234444585555428
0.7044037841303434,0.3006956723090939,0.22972271729183255,0.33300181308985066,0.8172205694856984,0.9237233964131206
0.7028871896296676,0.30160939336705106,0.23101850657041392,0.33252264019460465,0.805150871228193,0.9240022235371306
0.7013705544533497,0.2966047082800278,0.22635857486707486,0.36776458160605885,0.7976540586485044,0.9242811613947084
0.6998539380504041,0.2986904732999923,0.23021559738639838,0.33755079870024907,0.8058648533785799,0.9245600438855024
0.6983372934873988,0.29709364602862354,0.22799737467638853,0.35062133440379206,0.798011049723641,0.9248389263762962
0.6968207177600982,0.2994247324767751,0.22890820119028893,0.34000201802987795,0.8014109647258465,0.9251117738876388
0.6953040669393014,0.29638496332369274,0.22843141451626972,0.34878271143240935,0.7980620484487417,0.925351290595039
0.6937874517879141,0.2958075733705833,0.22677229817453995,0.3380238563534408,0.8031279218018881,0.9255909180360068
0.6922708197404916,0.29522400254972864,0.2255881203420437,0.3586991720637318,0.8031789205269888,0.9258303240098392
0.690754165790799,0.2932360677752084,0.22310894340441334,0.35258782152721646,0.7887462813429238,0.9260698407172392
0.6892375963212891,0.2932740061810108,0.2261205777234744,0.35633987991173566,0.786808329791711,0.9263094681582072
0.6877209173404313,0.29225797897818406,0.2258350882783103,0.3588607097564358,0.7733956651082963,0.9265488741320395
0.6862043103241731,0.2916878360343982,0.22468890517241338,0.36358040592262,0.7866553336166362,0.9267884572795803
0.6846877064368115,0.28941493590152295,0.22253400479336474,0.3520033393986741,0.7848703782404982,0.9270279629136235
0.6831710243270583,0.2922196141515088,0.2252992001718284,0.36629184071446375,0.7935401614959119,0.9272674685476668
0.6816543659969114,0.2887028434387452,0.22112211977905066,0.34964559591187316,0.7797705057372468,0.9275070516952078
0.6801377558517583,0.2876198906867858,0.2204609017530208,0.36216159034732076,0.7914322141945149,0.9277465684026078
0.6786210893864819,0.28830214423724465,0.22128096013555035,0.36695967279801756,0.7836294092646767,0.92798597437644
0.677104501143599,0.28549639984568037,0.22188729984098698,0.3589562504861916,0.7767785805355061,0.9282254910838402
0.6755877877448886,0.2847772736734118,0.21954453517150546,0.3562761066731708,0.7837824054398652,0.9284651185248083
0.6740712026309001,0.2861971968933389,0.22106591786259894,0.35562304647302057,0.7772205694857348,0.9287045244986405
0.6725545768412684,0.2826318295772598,0.21820705705012444,0.35711032099183515,0.7827624309392149,0.9289440412060406
0.6710379147564471,0.28552773149924326,0.22263057638349962,0.3624564720842973,0.774160645983784,0.9291835579134408
0.6695212733223377,0.2815211703749311,0.2167867302388134,0.3610706549904723,0.7807904802378971,0.9294230746208408
0.6680046099859576,0.283213482845133,0.22207991181221653,0.3714766129516778,0.7734466638332833,0.9296627020618089
0.666487962294056,0.2814561630939511,0.2197973087799071,0.37579063825535797,0.7715597110071712,0.9299021634024252
0.6649713396333201,0.2809555020790208,0.21809096131439176,0.3710219407340125,0.7624989375265159,0.9301416690364683
0.6634546856836274,0.2793281959958347,0.21711733925182833,0.36986377742393217,0.7659498512535947,0.9303811414504413
0.6619380254761436,0.27658937786857435,0.21383446295673517,0.3659024904005592,0.7706587335316044,0.9306206581578413
0.6604214278465732,0.2789108738895938,0.21653580479519743,0.3825628320273653,0.7611219719506153,0.9308601748652415
0.6589047225829914,0.2767436903746064,0.21567458213879542,0.3795376138412867,0.7552061198468891,0.9310996915726416
0.6573880592466121,0.2749870098077516,0.21471019426004725,0.36029266913121516,0.7501402464937428,0.9313390975464737
0.6558713927813362,0.27465494058732515,0.2143840717500509,0.3564173131715127,0.7410624734382054,0.9315787249874418
0.6543547325738523,0.27568247722027517,0.2144624361503334,0.3872245525221263,0.7598810029747938,0.9318181309612741
0.6528381505887602,0.27598023073499334,0.21555189055748042,0.38287419315039695,0.7458733531660755,0.93205786913581
0.6513214747367977,0.27104652156961934,0.21148404887707498,0.3702715925920912,0.7537611559711195,0.9322972751096421
0.6498048020137315,0.2692538214014933,0.21016846984837564,0.3840013434472025,0.7490012749681227,0.9325366810834743
0.6482880898665795,0.2748199091453564,0.2156753745256137,0.3901603452205036,0.746740331491651,0.9327761977908745
0.6467714296590952,0.26895734714939346,0.21001042187869423,0.38859301662388845,0.7619889502761907,0.9330157809384153
0.6452547976116723,0.2747299647359772,0.21520386674143135,0.380048991030727,0.7419294517636672,0.9332552865724587
0.6437381405330838,0.2698329152501657,0.21008324399799078,0.3942411971388451,0.7304717382064609,0.9334947479130749
0.6422215022278701,0.2702261557516452,0.2135592634733537,0.36380952895283203,0.7329536761579902,0.9337342646204748
0.640704820118116,0.26788419868044466,0.20847373372713038,0.3775340778812608,0.7407054823629551,0.9339737370344477
0.6391881599106322,0.26715036501090333,0.20792808244116404,0.3807924297433145,0.7462813429663129,0.9342132980352753
0.6376715028320441,0.2651257705568206,0.20604390168259132,0.38294586855239543,0.7436464088397088,0.9344527040091073
0.6361548332378733,0.2648341988038117,0.20793942818091402,0.3940712410609757,0.7240458988525234,0.9346922207165076
0.6346381605148061,0.26553456960939026,0.2080035451120645,0.39945456011813074,0.722277943051381,0.9349318481574755
0.6331214971784265,0.262630995687553,0.20691224254013182,0.4008503045529528,0.7380705482362373,0.9351713648648756
0.6316047962952993,0.26160111329282054,0.20515418187455434,0.3956036254172808,0.7286017849553446,0.9354107708387078
0.6300881955368323,0.26356198062250585,0.20713256148954906,0.4107544155720748,0.726527836803939,0.9356502875461079
0.6285715165559749,0.2639260206808223,0.20720696838248218,0.3965272652236469,0.7206119847003265,0.9358898042535081
0.6126278347830292,0.26333221754694897,0.20695182204036772,0.3982194003512771,0.7414194645133421,0.9402173828211936
0.6260107832902149,0.26148218388562494,0.20626237025385194,0.39454791226629027,0.7148661283466708,0.9363941956553609
0.6240152768906411,0.25793514712449833,0.20285996749797486,0.40354720571757685,0.7020824479387784,0.9366079114414366
0.6224986604876963,0.26113242400974435,0.20693282246369704,0.3892628341756419,0.7101572460687748,0.9368475388824046
0.6219198041520069,0.2572901913651722,0.20184386420579353,0.3932141938580178,0.7067233319166917,0.9371412596712991
0.6194594608777795,0.25979285457360435,0.20523439222625145,0.422738542786264,0.7235359116021982,0.9373261847297172
0.6179424033005465,0.25808412981660256,0.2029436107880942,0.4072783372672739,0.6992265193370031,0.9375656460703333
0.6019987015026684,0.25511320463993115,0.2023721006887258,0.3957937141426924,0.7085932851678081,0.9418931692712349
0.6153816525129714,0.25648133444094295,0.20133462287278997,0.3952917083631535,0.6996175095621311,0.9380699267386182
0.6133861210822316,0.25493480695328136,0.20176945731286045,0.40789669148329866,0.7059073523161032,0.9382837975516892
0.6118694327146867,0.2534074639350748,0.20005150071644603,0.392993608341063,0.6918827029323893,0.9385232699656623
0.611290611735519,0.25460508438860135,0.20018369208609638,0.4025889790551771,0.6977475563110147,0.9388171568549086
0.6088302468719107,0.2540660580106174,0.2024174836477257,0.4098854952692845,0.6999235019123944,0.9390019711797587
0.6073132518725912,0.2518999401008299,0.20023171338332924,0.4229156068402873,0.6830429239269051,0.9392413771535908
0.5913695150310816,0.25471868576979734,0.20418240576340557,0.42721640892575974,0.6844708882277928,0.9435689557212764
0.6047524697960593,0.25069038522664977,0.1981889534460349,0.40947410625836667,0.6799150021248579,0.9397457685554437
0.6027568883029892,0.2485010349779901,0.19687522258212126,0.4113906390018942,0.6996175095621311,0.9399595950750874
0.6012402593844612,0.24965155067548106,0.1993084875650825,0.41370732300633084,0.6845728856777669,0.9401992225160555
0.6006614080550063,0.2502146604461546,0.20105678726454657,0.4132405394326495,0.6927326816828554,0.94049294330495
0.5982010034544234,0.2458596196025443,0.1961562200793741,0.41747594019563294,0.6942966425839359,0.9406778129965839
0.5966839615216686,0.24904283085673695,0.19953830408946407,0.41907205808113956,0.6578835529110165,0.940917396144125
0.5807403010252132,0.24643125421481724,0.1960585927112719,0.4227629243357527,0.6800169995749457,0.9452447975381019
0.5941231950896149,0.24449553945887784,0.1953274520819565,0.40901018175889203,0.6602124946875847,0.9414216103722691
0.5921276073387536,0.24550708843797264,0.19447071592857307,0.4209154858855646,0.6740841478962238,0.9416354368919129
0.5906109709108769,0.24358309712716059,0.1931361417499451,0.41531642585386175,0.6670973225668604,0.941874842865745
0.5900321539992732,0.24409483972099882,0.19573748127322127,0.42519559939239926,0.669885252868653,0.9421686190214236
0.587571727496421,0.24208687121113434,0.191273590052792,0.41673087339912196,0.6669443263917856,0.9423535440798416
0.586054616727961,0.24276102741362351,0.19429815709861056,0.44656968078079107,0.6384190395239102,0.9425930607872417
0.570110980949782,0.24091482528240596,0.19338574802444464,0.43369110014276724,0.6534636634083881,0.9469205839881432
0.5834938878426557,0.2412362375568691,0.19236225871323373,0.4343241071141033,0.6565235869102253,0.9430972307219585
0.5814983376385423,0.23911849919591507,0.19241080679276476,0.4279422166807363,0.6528686782830846,0.9433112122685974
0.5799816555287887,0.23917668910671497,0.19307677471296225,0.40885134430293935,0.6452188695282075,0.9435506846825704
0.5794027960642043,0.23690102126100504,0.19207412871646568,0.4197461245348395,0.6499787505310906,0.9438445715718168
0.5769424089854369,0.23886678572599668,0.19219233822150417,0.40566875790737544,0.6563025924351678,0.9440293858966669
0.5754252512835425,0.23480949750314045,0.18969152336897022,0.4388030454064267,0.6401019974499604,0.9442687918704991
0.5594816405365286,0.23650372931425195,0.19028678072580596,0.43855311466948477,0.6410029749255273,0.9485963704381846
0.5728645443005065,0.23451686014493162,0.18936143671151145,0.4358916739669023,0.6279643008924722,0.944773072538784
0.5708689828323683,0.23459124510925655,0.18897674176472157,0.4361562971685198,0.6512877178070084,0.9449870097919956
0.5693522256291197,0.23385890435975204,0.19210288704587877,0.43291502033298124,0.6348831279217393,0.9452265264993959
0.5687733899441421,0.23464794031209146,0.1908849353852817,0.4445939413755571,0.6329961750956272,0.9455203580218583
0.566313032276994,0.23442968613027942,0.19206436111023928,0.4303419726746365,0.6340841478962602,0.9457051169799243
0.5647958714462042,0.23279193675854842,0.1889149997806549,0.4509819867603422,0.6027029324266096,0.9459446336873245
0.5488522691472082,0.23103824381969545,0.18676696085170869,0.43237699816030495,0.6364980875476931,0.95027221225501
0.5627065200790438,0.23044848855523925,0.18776248422032477,0.4477714052631665,0.6387250318741735,0.9464741616090939
0.5611686074735558,0.22494357209242918,0.18342946962717138,0.4399226906334388,0.6347301317466645,0.9467170667636724
0.5591956394481028,0.2262688595582051,0.1858236818921949,0.4494272857414754,0.6223204419889043,0.9469275048361379
0.5571928833972795,0.22693768415883828,0.18642949481533333,0.4510714519574075,0.6262643433913127,0.9471408884215101
0.5556761793852565,0.22789403443099132,0.18537064026227207,0.44313049247513514,0.6090947726305558,0.947380626596046
0.5397320495544515,0.2242964851227032,0.18263605580474912,0.4302563195765141,0.6248533786654207,0.9517082051637317
0.553584150309189,0.22249546930057573,0.1816207471127571,0.4423081512563032,0.6110667233318736,0.9479087149814326
0.5520574291377045,0.22238826512643567,0.18133604562766928,0.4435047135213601,0.6089247768804853,0.9481483424224006
0.5505153835739369,0.22405861915659925,0.1850793473583439,0.43615451024714047,0.6192945176369449,0.9483912918704062
0.548799483738724,0.2219575103157199,0.1818320930561372,0.44374185784309783,0.6038249043773476,0.9486813030847755
0.5474799596024149,0.22320990752513586,0.18455216665337904,0.4402991354040471,0.5909052273692623,0.9488645671396747
0.5459503003979038,0.22257774081613702,0.18362392754981555,0.42592132772864777,0.5995070123246933,0.949104128140502
0.5444111490626238,0.21962003379255796,0.18012732815088744,0.46885723637836785,0.5957671058223468,0.9493470332950803
0.5427329568005903,0.21807094599173144,0.17794947290118973,0.4556469634229505,0.5956141096471583,0.9496276321561768
0.5413764822838525,0.22146750714071703,0.18354556093616206,0.45093266773026897,0.6032639184020354,0.9498249593742014
0.5398468606260893,0.21737377021382442,0.17628771822122702,0.45563842590969283,0.5881852953675661,0.9500770997083439
0.538308469612454,0.21816771045318295,0.1798273256320712,0.46117863666396564,0.5909052273692623,0.9503326727830916
0.5363550765840408,0.21713292734728779,0.17873259454845836,0.4478683755300259,0.5614959626009295,0.9505571297252553
0.5343315790838759,0.21737014965924417,0.17901465769531327,0.4690459749854039,0.6067148321291143,0.9507821403352585
0.5328148487891289,0.2125219052491748,0.1777771774623763,0.443788556055148,0.5763705907352232,0.951034280669401
0.5312981134881491,0.21125778638255965,0.17520380830843696,0.4466987759231167,0.5759456013598765,0.9512864210035433
0.529781340640421,0.21057574541676233,0.17334125661128383,0.4678071619570634,0.5569060773481169,0.9515385613376857
0.5282646303706069,0.2120084587597736,0.17730091978402635,0.45712550188168777,0.5882702932425445,0.9517907016718282
0.5267478700384616,0.21171369019116493,0.17714814849081076,0.45579825609974556,0.5569060773481169,0.952047603549391
0.525231122221899,0.2117428870584716,0.17516739392873215,0.45680925650688553,0.5864513387164152,0.9523478022520084
0.5237143744053365,0.20781113821332126,0.17248083076844212,0.4552420867477265,0.553064173395569,0.9527552353417948
0.5221976610066266,0.20747182341391374,0.17487847375851687,0.46133401940525154,0.5524861878452612,0.9531881592989153
0.5206808819011068,0.21133068021477597,0.1773901031417606,0.44111440835608917,0.5672758181044628,0.9536210168158951
0.5191641653735011,0.2036558071603592,0.16986075284627333,0.45558350785929713,0.5378155546111429,0.9540538743328747
0.5176474694966067,0.20641657746990927,0.1729961367379878,0.4627059779310445,0.5482872928175766,0.9544868425834222
0.5161307185511483,0.20363705179366925,0.16974307676364608,0.45198734843779587,0.5418614534635253,0.9549195893668341
0.5146139457034207,0.1998086720166961,0.16721772226682655,0.47598649675135696,0.547641308967286,0.9553524911772409
0.5130972229180228,0.20429415473710325,0.17056577348440857,0.4686354992898578,0.5296047598809537,0.9557854151343613
0.5115804406836091,0.20321269419000937,0.17155839291027164,0.46342257311357593,0.5395665108371759,0.956218272651341
0.5100636959959419,0.20055912805459936,0.1682538809136459,0.4650333437543941,0.5559371015724537,0.9566503550333453
0.5085468981170487,0.19920549298740597,0.16959294159529242,0.45999235912418146,0.5331916702082253,0.9570285544612022
0.5070301659449652,0.19823017279718042,0.16816786488981372,0.47197771732865434,0.530301742456345,0.9574067760357725
0.5055133962261324,0.20016248154992206,0.16935283510912824,0.4573622094004217,0.5359966000848999,0.9577850419037701
0.503996682827422,0.1977523203821418,0.16850137784558167,0.4565713179978683,0.5236209094772448,0.958163241331627
0.5024799224952767,0.19539800515130717,0.16618684472321504,0.4561369769745649,0.5358776030598165,0.9585414629061974
0.5009631027141142,0.19562925578311632,0.16462139824223812,0.46609545011298703,0.5178070548236064,0.9589198395077629
0.4994464093403366,0.19703468712991007,0.16872802703606116,0.46998402929089766,0.5118232044198976,0.9592981053757605
0.497929689683835,0.19261378437564602,0.16600636645181177,0.4797083363098813,0.5083722906927051,0.959676371243758
0.4964129168361069,0.1949158849516843,0.1641665128742716,0.45695828574993347,0.5011814704632798,0.9600546371117556
0.49489616276175363,0.19275658798793321,0.16743857242528398,0.4689741407459491,0.5256948576285367,0.960432969419894
0.4933794024296083,0.19393417470611557,0.16735941563818324,0.47744363186290495,0.512316192095227,0.9608111688477509
0.4918626014218188,0.18762060693081783,0.16051345027929864,0.4792609309058258,0.5291457713557293,0.9611894347157485
0.4903458567341521,0.1902890897510986,0.16572008904657137,0.4723779480082917,0.5137271568210053,0.9615677005837461
0.48882909953090303,0.18595238053519772,0.16048495312766364,0.46338008409410847,0.49941351466213746,0.9619459664517436
0.4873122828786358,0.18670538437076856,0.16159709901431063,0.47867402650608004,0.47649808754772494,0.962324287686525
0.48579553506207374,0.18936876444400136,0.16572826745241925,0.46924702349527636,0.49927751806205833,0.9627024981877388
0.4842787622143456,0.18722118377366492,0.16168680915434308,0.4652165230504717,0.49077773055671514,0.9630808747893042
0.48276203004226126,0.1862942502839856,0.1618340403799437,0.48045284717529624,0.4890267743305685,0.96345897455695
0.4812451914877247,0.18395570100391095,0.16129709649549442,0.46652514514070353,0.4724181895452375,0.9638374065252995
0.4797284655734315,0.1806239325845228,0.15795406077660018,0.4844343859743032,0.4867828304292061,0.9642156723932971
0.4782117208857648,0.18409913933070482,0.15947782062814847,0.4755643067934343,0.4857288567784508,0.9645939382612946
0.47669490423349803,0.1796933803281914,0.15974642205257666,0.4966265505464267,0.4901317467063109,0.9649722041292921
0.4751781457786901,0.18089440320905936,0.1601305968571814,0.4944150963565588,0.45077773055663783,0.9653504699972899
0.4736613854465448,0.18290962176772532,0.15927122236556504,0.49297416266551797,0.4498087547810883,0.9657287358652875
0.47214460634102595,0.18017186566980853,0.15807464080198044,0.47549965994886145,0.4530386740331096,0.9661068909997171
0.47062786791114997,0.17900899002475532,0.15896647437932315,0.48763404739638205,0.44428389290260384,0.9664853340414233
0.4691110418721962,0.17443697873177177,0.15335191354997837,0.4870308621574011,0.45648958776018844,0.9668635334692801
0.4675942752822597,0.17795481683766354,0.15783031341731774,0.4973226556971402,0.45856353591159404,0.9672417993372778
0.4660774555010976,0.17914176872369358,0.15841237908298889,0.4833614786687055,0.44232894177639537,0.9676200652052754
0.4645606951689518,0.17461750584089322,0.15740656353921917,0.46913722710384875,0.4658733531662165,0.9679982203397051
0.46304392232122416,0.17009195564979768,0.15360231221129617,0.486374148695764,0.43592010199745346,0.9683766523080546
0.46152709315337415,0.17539396729428788,0.1590706931662657,0.4947291577163415,0.45006374840625085,0.968754862809268
0.4600103140478553,0.17246054927513998,0.15357065215250107,0.48567427115547135,0.4367190820229325,0.9691331951174065
0.45849354120012764,0.17243262183684663,0.15686065107547473,0.4965014660498639,0.43430514237138595,0.9695113945452634
0.45697675583681674,0.17006786510539532,0.15237248802865094,0.4852740404758342,0.42325541861453075,0.969889549679693
0.45545996108681974,0.1714270373861863,0.1576659329932031,0.4907578242238795,0.42294942626426746,0.9702679705746857
0.45394319136798744,0.16666299545412108,0.1515653557327659,0.4842712996164036,0.40025499362513983,0.970646302882824
0.45242641226246816,0.16876686843197877,0.15444875618952597,0.493376021429079,0.4283892902676598,0.9710245133840375
0.45090961438357535,0.16528739926499705,0.1524402968626307,0.500670949268627,0.4185295367615254,0.9714027238852513
0.44939280711799556,0.16600844567213927,0.15478701682609058,0.4849529505586254,0.43059923501914454,0.9717809897532489
0.4478760154968935,0.16238809491567222,0.1516603425492642,0.4829941273424505,0.3915002124945204,0.9721592113278192
0.4463591832001481,0.16757628705172753,0.1537318630293426,0.49812184635676715,0.4243773905651551,0.9725375214892439
0.4448424228680028,0.16353008040777922,0.1524922756672129,0.5097882986590505,0.3956481087972179,0.9729156766236737
0.4433256187313188,0.16068213608357693,0.15055083942759215,0.48956392248620983,0.39053123671897083,0.9732940532252392
0.4418088552702777,0.1611815115781402,0.15042972376642968,0.5103684524669185,0.39585210369739343,0.9736723190932368
0.4402919979423672,0.1579725201874078,0.14730516325890902,0.4996690423058403,0.3877603059924013,0.9740505849612344
0.4387751481238058,0.15693538953180206,0.14633998299334255,0.4927252643720399,0.3868253293667294,0.974428740095664
0.4372584003072433,0.1578748993083543,0.14742600888880938,0.48876477153594666,0.3814194645134421,0.9748071166972296
0.435741611815037,0.15893887749362795,0.14941124774053552,0.5083526066040565,0.37922651933695306,0.9751853825652272
0.43422474197154415,0.15817605793230613,0.14983658460564167,0.4907379298325216,0.3475223119421571,0.9755637038000088
0.43270794722154626,0.1540456684775638,0.14415948719204097,0.4949148387023503,0.35947301317457914,0.9759418478610816
0.4311911493426539,0.1541899614340314,0.14325658011958134,0.5168013694330105,0.37212069698261985,0.9763201801692198
0.42967433143882827,0.15287767578203712,0.14437479506951245,0.5194470058087255,0.36317892052693423,0.9766984460372176
0.42815755358486696,0.15589741497409168,0.1497194308785706,0.5110169063808463,0.3409774755630224,0.9770767119052152
0.42664071659477854,0.15268030638938668,0.14609064010999215,0.48479125402846535,0.3662218444538894,0.9774549777732128
0.4251239077647506,0.14978888680337002,0.14490461853945222,0.4975814813316155,0.34291542711434886,0.9778332436412103
0.42360710487962416,0.1492556193420789,0.14332412777578302,0.5002570982771419,0.3460433489161687,0.9781682126841531
0.422090268202425,0.14871360891194954,0.14240512506940578,0.5047813449537759,0.3353166170844588,0.9784675255182272
0.4205735278952121,0.14729431575791585,0.1422344077641159,0.4961195413870252,0.3298427539310751,0.9787657753100495
0.419056653671265,0.14798679822432986,0.14469352934710822,0.5119122334106887,0.33698257543562704,0.9790640029551583
0.4175398755044144,0.14668261188702628,0.14316396825016686,0.5247354194859488,0.3099702507437314,0.9793623081137642
0.4160230541588037,0.1455308196088092,0.14308771319244812,0.4942782181788914,0.3216319592009995,0.9796604582453754
0.4145061952664455,0.14521686835867373,0.14215419519904776,0.5288231014148963,0.3261878453038207,0.9799586637437706
0.4129894036453434,0.14423813858939405,0.14397954012967784,0.5041900725239912,0.3517722056948287,0.9802568692421656
0.4114725447529852,0.14228452309643846,0.1414267486859327,0.5283207382510815,0.31869103272413213,0.9805551301073446
0.4099557546963313,0.14161995018903586,0.1411581472615045,0.5051845538357123,0.29285167870807527,0.9808534352659508
0.4084389111355615,0.25449553087682253,0.23357340957009382,0.5145202650187068,0.21903952401191873,0.9811515964709188
0.4069220365987247,0.30192377139564497,0.271777674895375,0.5134502962060443,0.3210199745005866,0.9814499127028815
0.4054052715732359,0.3481196538041802,0.3294071680551069,0.524936825380097,0.35983000424982947,0.9817511080076103
0.4038884530436313,0.3929466554818647,0.3870371868904514,0.5201476775362976,0.3857713557160878,0.9820530120071738
0.4023715878934815,0.4403075411699966,0.4500734440765477,0.42729368334808093,0.8111857203570025,0.9823549381534508
0.41849351815893954,0.4248442955918738,0.4396381412871735,0.7535476047966849,0.933684657883532,0.10110773848357649
0.6843976590605156,0.42603488591176597,0.44157113130305525,0.7497772006860031,0.9405864853378034,0.10502837118917445
0.6839152803452229,0.4296731499207465,0.44477037316151313,0.7069093935955231,0.9388525286867662,0.10503079625431179
0.7148345022469815,0.4334147758461916,0.4516644926198906,0.7144504400730702,0.936506587335316,0.10490813668113237
0.7149134661868,0.433147827440185,0.45318481289290374,0.7567350357346554,0.9363705907352369,0.1049084910285497
0.6844568064525496,0.4338858126789783,0.4535662209837575,0.7780557477378469,0.9381385465362655,0.10503036439339693
0.6540175449426262,0.43600652794036504,0.45389683221014343,0.7891939860803592,0.9361155971099606,0.1051456712576668
0.6541230835319687,0.43136023895874787,0.4511312362115286,0.770776822771986,0.9305567360815985,0.10514563803759643
0.6541762362728041,0.42540740357461915,0.4435262926562519,0.7752142250695777,0.9327156821079825,0.1051458041379483
0.65435510991867,0.4292416513319046,0.44187191956857674,0.7901545555952341,0.9288227794304476,0.10514551623067171
0.6542885511114815,0.42026343763021706,0.4312081194239374,0.7441216739387089,0.9329366765829263,0.10514616955872241
0.6836391465421565,0.4207649496989647,0.4308574550562844,0.7127998012308077,0.9380365490861777,0.10503595643857663
0.7153666178877152,0.42045686285328526,0.4336721237033574,0.7139865552829596,0.9302167445813438,0.10491062818641046
0.7154455151820556,0.4235199682435347,0.43468875599120793,0.7048090462060939,0.9388015299616654,0.10491098253382779
0.7155244321884395,0.42311266211100185,0.4317280402720197,0.6893937519777746,0.9339906502336817,0.1049113368812451
0.7156033961282571,0.4242697806272903,0.43231867832357684,0.7068297366113627,0.9313557161070776,0.10491168015530564
0.7156822317833536,0.42333337111821573,0.4316561499819145,0.7070316587272427,0.9380875478111648,0.10491204557607976
0.7157612019809636,0.42162293173808185,0.4331680284579307,0.7126918711794876,0.9363365915851318,0.10491237777678351
0.7158400720539113,0.42587833491964283,0.4347191013076286,0.6924132520154391,0.9373565660858958,0.10491272105084405
0.7159189921891902,0.4165453587190053,0.42671111617333646,0.7083294004517418,0.9397705057373287,0.10491307539826136
0.715997859133243,0.42002057261690007,0.4293468957493848,0.711602007975467,0.9411304717381199,0.10491344081903549
0.7160767313964178,0.4246356372206456,0.4333741021515869,0.7151798216708056,0.936880577985562,0.10491377301973924
0.7161556846979913,0.4209119084563604,0.4326123483879598,0.7357274320665108,0.933684657883532,0.10491413844051337
0.7018076054829678,0.4229173202289163,0.43379798483194554,0.7137124812527129,0.9369825754355361,0.10648244688953651
0.7167860539202988,0.42242955554000455,0.433513942931416,0.7191285208257947,0.9378325541861159,0.10493144609717849
0.7163860727949238,0.4236173656315647,0.4330387321775493,0.719908412734523,0.9370165745856411,0.10491513504262459
0.7164649428678715,0.42023381166014534,0.4292493967568005,0.7071752080780602,0.9456353591159541,0.10491550046339872
0.7174817062990315,0.42292307735768103,0.4298309378535445,0.7126819438384908,0.9334466638333652,0.10495037046393516
0.7166168225921941,0.42134894962258446,0.43082434302611283,0.7178676293910764,0.9367275818103735,0.10491614271809262
0.7166952921664977,0.42364955549065775,0.4320726400031305,0.7018606259299685,0.9350106247343319,0.10491649706550996
0.7023471813496269,0.4216555435482272,0.43297607164451735,0.720505641568906,0.940127496812579,0.1064848055145331
0.7173256654563689,0.4226113610177803,0.4316663093548081,0.7210143185215949,0.939056523586828,0.10493381579553186
0.7169256611771657,0.4230889970935082,0.43231248088477464,0.732473170268948,0.939056523586828,0.10491749920429959
0.7170044874455748,0.42059059988173214,0.4326449380625752,0.7231531839940926,0.9329366765829263,0.1049178369416817
0.7180212026917423,0.4164598957516288,0.42322995725050977,0.711271626067085,0.9433064173394996,0.10495272908893173
0.7171563202364628,0.4213345568006728,0.4324098470750988,0.7035821856963138,0.9447343816403873,0.104918512416446
0.7172347647796005,0.4194544787940811,0.4294938635838363,0.722794370181095,0.9318147046324157,0.10491885569050653
0.7028866142257559,0.4208767399089065,0.43089519303184765,0.6983536537399848,0.948372290692646,0.10648718628624326
0.7178650589084117,0.42045686285328526,0.4299504598875864,0.7280008634404107,0.9400254993623776,0.10493616334717165
0.7174649576334433,0.41924516604113615,0.42744516738551785,0.712616383678546,0.9432044198894118,0.10491983014590418
0.7175437745151654,0.4209010378529786,0.4316078542266776,0.7292204968459448,0.9380365490861777,0.10492020664003511
0.7185604772457497,0.42428993057796677,0.4329337298572725,0.7148277187403222,0.9369825754355361,0.10495506556721473
0.7176955353414529,0.42481552782733223,0.43462978293426324,0.7227117747039995,0.9318147046324157,0.104920848894729
0.7177740071059833,0.4231264094908378,0.43409059247824816,0.7206088859152753,0.933684657883532,0.10492118109543275
0.7034257830230906,0.42821016874144413,0.43961109389354397,0.7371198012053939,0.9362175945600484,0.10648951169116948
0.7184041854656549,0.42922278868952335,0.44000911333375853,0.7013266938217828,0.9350616234594327,0.10493852197216824
0.7180040967062693,0.4205514978922651,0.4281332911494332,0.7079308772747559,0.94046748831272,0.10492221091761436
0.7180829229746775,0.4241688699603713,0.43262990041999594,0.702439588456917,0.9371865703355979,0.1049225541916749
0.7190995675078025,0.4238751669969626,0.4318699970345255,0.7234161394024226,0.9362175945600484,0.10495742419221132
0.7182346149652603,0.41908266124814764,0.4269371102059997,0.7171755348861257,0.9428644283892709,0.1049232075197256
0.7183129938015891,0.41799032652181567,0.42966852068950756,0.7247243643990142,0.9307947301316517,0.10492355079378614
0.703964782860059,0.4263292235896814,0.43526686636290063,0.6992492190260111,0.9371865703355979,0.10649187031616608
0.7189431802963901,0.42284304254028265,0.4329291039118809,0.7320241367809692,0.9330726731831192,0.10494086952380803
0.718543038345778,0.42099119591977624,0.4309826543869434,0.7106996920975626,0.9382065448363619,0.10492453632254059
0.7186218114229614,0.42434235263243286,0.4333413885281955,0.7081543615752817,0.9387505312366784,0.1049248906699579
0.7196383946297309,0.4240465220344806,0.4327118172807347,0.7298483018905986,0.9431024224393241,0.10495978281720793
0.7187734721245875,0.4230424322917853,0.43279045835239227,0.7178550415226921,0.932528686782689,0.1049255439980086
0.7188517883830037,0.4232189079556332,0.43442556404550564,0.7268273723158307,0.9418954526136076,0.10492589834542593
0.7045035226857981,0.4219839859563247,0.4322921621389875,0.7189399013468507,0.9394645133870654,0.10649424001451946
0.7194818760047004,0.42280297328166605,0.43128912880256576,0.7112560202870377,0.9371865703355979,0.10494319492873426
0.7190817277962966,0.42302473895443893,0.43413875543122504,0.7181230797296128,0.942626434339104,0.10492686172746679
0.7191604570689409,0.42411003818335197,0.43499733089591014,0.7156473994317671,0.936880577985562,0.1049272160748841
0.7201769952196133,0.42264205080512374,0.4336660546400733,0.7131268475526147,0.9294857628559612,0.10496211929549093
0.7193120770949228,0.4232027093262518,0.4340805659076147,0.7112456164336727,0.9362175945600484,0.10492789154964839
0.7193904246422953,0.42302261131989544,0.4319850347789198,0.7298255881343974,0.9284147896302102,0.10492821267699534
0.7050420187705648,0.42556917531705063,0.43387463386970243,0.7226439908196718,0.9421504462387702,0.10649655434608887
0.7200204246549142,0.42704931166731497,0.43874775746783623,0.7166735291065867,0.9379345516362037,0.10494553694369566
0.7196202232552849,0.4232287147417433,0.4330032518404069,0.7238199042154547,0.9336166595835493,0.10492922035246338
0.719698974430198,0.42449922545162977,0.4316867498360002,0.7211139890252056,0.9473183170420043,0.1049295636265239
0.7207154343584792,0.42662207907512906,0.43743245068377,0.7080782784338802,0.9431364215893154,0.10496445023709554
0.7198505131048929,0.420925443072742,0.4325810845225738,0.7202046445898753,0.9367275818103735,0.10493023910128818
0.7199287855587699,0.4229580313537524,0.43337753287663816,0.7256343441841686,0.9299957501061726,0.10493054915527836
0.7055803906381746,0.4229995917444776,0.43280944907557894,0.714838043174959,0.9412664683383127,0.10649890189772868
0.7205587480246414,0.4219508484952922,0.4329387320757343,0.7015670546020039,0.9360645983849736,0.10494786788530026
0.7201585810428637,0.4233401831246112,0.434201283161997,0.7108292637522562,0.9333276668082817,0.10493153468403278
0.7202371695152028,0.4256105300960343,0.4356031438190485,0.7190554555960562,0.9341946451338572,0.10493190010480691
0.7212535994060847,0.4226746626152691,0.4332828005978049,0.713156232481966,0.9410964725881286,0.10496678117870015
0.7203886675142539,0.4297448637203589,0.44031189141980975,0.716955068497263,0.9388015299616654,0.10493255343285762
0.7204669149369658,0.4227107966439444,0.4309822670470182,0.7307832191563373,0.933276668083181,0.10493290778027495
0.7061184821567319,0.4225594664021296,0.4344519474278349,0.7067530975388654,0.932222694432653,0.10650121622929809
0.7210968680161489,0.42152681271870607,0.4348763613172337,0.7055864364248912,0.9361665958350613,0.1049501822168697
0.7206966290697725,0.42520439505646435,0.4341317611788626,0.7255664411717488,0.9381385465362655,0.1049338822356726
0.720775218480779,0.4249848625059981,0.43787955162592684,0.7154192691356547,0.9379345516362037,0.10493420336301955
0.7217915826648524,0.42317286880479754,0.433796391204825,0.6877522462892294,0.936880577985562,0.10496910658362635
0.7209266507730221,0.4226935252576503,0.43194492849638577,0.731974698622804,0.9418954526136076,0.10493486776442705
0.7210048231022377,0.42276055468541063,0.43259705399434445,0.7039369888635487,0.9425584360390076,0.10493521103848759
0.7066564012731389,0.42754027674768286,0.4375825836387527,0.7085238174978281,0.94046748831272,0.10650354163422429
0.7216347292479863,0.4247113005536248,0.4350933823438598,0.7212609930906899,0.9345516362091075,0.10495250762179588
0.721234480914922,0.42480785761540657,0.43545683999589724,0.7190796783080888,0.9378665533361072,0.10493619103056362
0.721313044356096,0.4216162270073776,0.4340809643143948,0.7083626371893998,0.9437654058648377,0.10493653984130255
0.7223293531587158,0.4248841485111797,0.43195997941919106,0.7108593237407954,0.944496387590334,0.10497144306190936
0.7214644516171735,0.42595070131304374,0.43282013965751265,0.7151814100453655,0.9393965150870827,0.10493720424271007
0.721542608301911,0.4237080672285315,0.4322345126779013,0.7200051447451983,0.9380365490861777,0.1049375142967002
0.7071940697650039,0.42464895728564467,0.4341713362523565,0.7001363262175082,0.9455163620908706,0.10650586703915052
0.7221723946109555,0.4223584675152579,0.4335123581577794,0.7019081580386624,0.9369825754355361,0.1049548441000789
0.7217721212467252,0.4269070462214123,0.4345697563127222,0.7127206207590151,0.9385465363365029,0.10493849982545465
0.7218506502700466,0.425768457792862,0.4354779422750187,0.7178534531481324,0.9361665958350613,0.10493885417287198
0.722866937170398,0.42712007786498773,0.43650090923067336,0.7242881967449679,0.9421504462387702,0.104973746320122
0.7220019886954194,0.42326132476396044,0.43168318852206,0.7165852551904408,0.939005524861841,0.10493950750092268
0.7220801516379476,0.42561809303226866,0.4360730646162233,0.7225077877011923,0.9396685082872409,0.10493983970162642
0.7077315430137787,0.4273601787413265,0.43963246177718546,0.6920625389126951,0.9371355716106109,0.10650818137071995
0.7227098118524982,0.4220890624959213,0.435230841536492,0.7148727094497209,0.939005524861841,0.10495714735829154
0.7223095510038515,0.42575588865770186,0.4328037828458169,0.7133485846411249,0.9331746706332069,0.10494082523038087
0.7223880393515287,0.42118887641193137,0.4322091828601684,0.7101735430247187,0.9442753931151628,0.10494116850444142
0.7234043259389895,0.42510134602743277,0.4339985162446159,0.707557212159627,0.9385465363365029,0.1049760717250482
0.7225392347863697,0.42415969788876795,0.43283200332607685,0.7234450081100419,0.9407224819378825,0.10494182183249211
0.7226174071155853,0.42559518252047024,0.43486593633982007,0.712835539658397,0.9361155971099606,0.10494214295983904
0.708268809129661,0.4280423269828151,0.4426001628952521,0.7147283262022597,0.9434084147895874,0.10651049570228936
0.7232470973675333,0.4246373429041368,0.43777479277646003,0.7116643516769285,0.9335826604334443,0.10495943954314739
0.7228467395231211,0.424121758052623,0.4334136772250808,0.7127374575293461,0.9375265618358526,0.1049431174152367
0.7229252372574861,0.4270833091218058,0.43416988428098,0.6976185142844711,0.9352486187844988,0.10494347729933243
0.7239414719052788,0.4250741695189783,0.43549707908069135,0.7261637097154956,0.943051423714337,0.10497836390990406
0.723076374494867,0.42372628621676506,0.434400884958847,0.6927148446349294,0.9374415639608742,0.10494414723741831
0.723154528050709,0.40485774724838747,0.363620113468907,0.7294987403594104,0.9161070973225378,0.10494445729140849
0.7088059313163431,0.38453326081019823,0.328135655029662,0.703348813764155,0.9345006374840068,0.10651281003385879
0.7237841213068923,0.36411329185506813,0.29651850907152316,0.708052229091104,0.9275988100297354,0.10496175387471682
0.7233837978803312,0.3412321110186117,0.2680684099412761,0.6948143581277149,0.9288567785804389,0.10494544282016292
0.7234622674546345,0.3070603889551952,0.23634440840732152,0.31931320113583084,0.8212154696132075,0.10494577502086666
0.7236254994381972,0.3070473871414136,0.23874258039306545,0.3371352799154763,0.8175095622608524,0.9244181388182193
0.7211647975925266,0.31076983646428763,0.2401695052633298,0.3502564847674683,0.8186315342115904,0.92464232999982
0.719647333258858,0.305780284222653,0.23729322743445022,0.3372375315277458,0.798011049723641,0.9249210353169053
0.7037030826526807,0.3038722757382901,0.23779639749079867,0.3265224361678922,0.8024139396515011,0.9292879796679845
0.7170857157671837,0.3054326564511364,0.23629295638503744,0.3406620273687262,0.8149596260093404,0.9255039921851935
0.7150896805842426,0.3062174292675048,0.2381304372288648,0.3394266690550527,0.8052698682532764,0.9257572398550152
0.7135725604290966,0.30553815959039854,0.2369050995492381,0.33759261266052865,0.815979600509877,0.9260360669790251
0.7129931177383613,0.30174686716541044,0.23714335787061666,0.33695488027487785,0.8006799830003501,0.9263690428177456
0.7105324628261251,0.3012653891895926,0.23390349180081058,0.3400073390846523,0.7979090522736669,0.9265932782927734
0.7090148314094273,0.3016471188306063,0.2328931919673933,0.36627881604307544,0.7879813004674361,0.9268355079725874
0.6930706787376839,0.3014017973827521,0.23535495410198953,0.3554129839375224,0.80200594985115,0.9311629868800617
0.7033852785300789,0.3014904625295129,0.23384570732409332,0.3479067228628292,0.8107777305566515,0.9268460830283232
0.7075252298916275,0.29784367743358214,0.23129476183176279,0.35891598519110746,0.8060688482787555,0.9280468778387932
0.7029401211575794,0.2987139184023188,0.2341251277059733,0.3559718535262928,0.7966000849978627,0.9277930765011323
0.7023607172651505,0.29823478493673367,0.23465521235369116,0.3548118635854689,0.7936081597960083,0.9280867419232427
0.6999000110390257,0.2947357041642528,0.2302499002101684,0.35182548115737067,0.795784105397388,0.9282715562480928
0.6983825154163998,0.29146787795702317,0.22636015742734042,0.3524268397656083,0.7839864003399271,0.928510962221925
0.6824382488528546,0.29846348169191933,0.23309477694466,0.3399445982895508,0.7906162345940402,0.932838363615902
0.6958208478623957,0.2956298166561888,0.23047285528444758,0.35601656627014355,0.7815384615383891,0.9290150878632147
0.693824778261602,0.292584505978814,0.23087391589641723,0.35943101564203483,0.7979090522736669,0.9292288479427179
0.6923076268174997,0.2935376574686463,0.22926677835926967,0.3576822549613574,0.7826094347640264,0.9294683646501182
0.691728276116296,0.29091926113223987,0.23041876713730164,0.3674111682665637,0.7751806204844343,0.9297620854390125
0.689267544859006,0.2895080771265019,0.2263686014377084,0.3482846368799051,0.7845813854652306,0.9299467336635109
0.6877499334672414,0.29169849262277586,0.22960583138265256,0.37696285868029045,0.7739906502337135,0.9301862503709108
0.6718057200949223,0.2898173395349649,0.22818708491823605,0.3666744404364901,0.7745006374841523,0.9345136074714606
0.68518832849115,0.28653736453449197,0.22577413646769093,0.35691042405351836,0.7943051423713996,0.9306904203056278
0.6831923308549572,0.2860961692959164,0.22401291068158236,0.36658664303271227,0.7842753931151947,0.9309042468252716
0.6816750555065858,0.2858248452932558,0.22423085247054478,0.3759982388102885,0.782490437738943,0.9311437192392445
0.6810957442294678,0.2864634061698327,0.2270248061784215,0.34798296484168656,0.761886952826103,0.9314373846613551
0.6786349672903009,0.2821780605549107,0.22086169676047035,0.3525805150042429,0.7683297917551499,0.9316222432796325
0.6771173746719099,0.28628628863976535,0.22621873408724583,0.3747040312191845,0.7545431364216029,0.9318616492534646
0.6611732323255222,0.28414255022710444,0.22145114623180004,0.36712827875751164,0.769179770505616,0.9361891170875822
0.6745557321490709,0.28342683363389004,0.22289073601093085,0.39058011290722305,0.7676158096047629,0.9323658191881815
0.6725597032239214,0.28285924867896245,0.22308730770288077,0.37670581996719466,0.7599660008498859,0.9325795903410413
0.6710425204908619,0.2813572674220997,0.2240250465947796,0.3615284245385286,0.7646408839777905,0.9328190516816575
0.6704631747958918,0.28041754309416494,0.2216432314207314,0.36088108248679274,0.7616829579260411,0.9331127613971952
0.6680023540521858,0.28030522008162323,0.22158149165003574,0.3765244673018602,0.7706587335316044,0.9332975314286183
0.6664848646873516,0.27902234406038995,0.22132344357853925,0.37860627041830686,0.7476413089672178,0.9335369374024505
0.6505406237807501,0.27724115278600875,0.21853186260437535,0.36372983225930766,0.742082447938742,0.9378644052365681
0.6639231564577037,0.2779896921648946,0.2220250312782523,0.3637301896435836,0.7361495962600202,0.9340411516305944
0.66192708685691,0.27558997607358743,0.22021604537268893,0.37279536092972654,0.7515512112196348,0.9342549338568111
0.6604099760884505,0.2718325716818851,0.21560228680179708,0.37817609887822234,0.7549001274967395,0.9344943398306433
0.6598305584288804,0.2750321943289135,0.2185582482000756,0.3941427179161543,0.7509392265193355,0.9347880606195379
0.6573697145313462,0.27280064361123735,0.2188440032497598,0.3582988222560024,0.7261198470037016,0.934972819577604
0.6558521719752854,0.27276824635247454,0.21648276799927682,0.3961769095051788,0.7454823629408338,0.9352122255514361
0.6399080236839967,0.27270878075491267,0.21679174352413016,0.38213528130530405,0.7529111772205397,0.9395396380187698
0.6532904887768032,0.27309626502159157,0.21732947758202673,0.40205290264133575,0.7334126646833283,0.935716395486153
0.651294409789323,0.26893198360012144,0.21212415798387044,0.3877761950066507,0.732715682107937,0.935930222005797
0.649777233314055,0.2692363444034576,0.21323445791910278,0.3942604561803793,0.7385805354865624,0.9361695172460613
0.6491979523872251,0.26959676033133745,0.2140909284679661,0.37763537646879475,0.734840628984216,0.9364634484287347
0.6467371075510222,0.2699995894916881,0.21444607712526664,0.3859695777826426,0.7394815129620156,0.9366479969930219
0.6452194992881526,0.27003624917125063,0.21628619852069791,0.38665928972575414,0.7131321716956336,0.9368872922332862
0.629275371960464,0.26824930255603285,0.21277957255113625,0.3929006884293307,0.7223119422013724,0.9412149815345398
0.6426577879296094,0.2683840050657012,0.21333313885180138,0.39492566744591007,0.734551636209062,0.9373917500752796
0.640661749617772,0.2655552434230257,0.2130318171638687,0.38165999992772903,0.7306757331066365,0.9376051779540792
0.6391445199512775,0.2664105650249994,0.21232178545378774,0.3927056360334207,0.7292137696556438,0.9378445839279111
0.638565185833222,0.2663120948800567,0.2153819678523798,0.3914991861367305,0.7124861878452293,0.9381386922842934
0.6361044004460368,0.26239292053385105,0.2099521084063078,0.3964144112111925,0.72373990650226,0.9383230636748718
0.6345867465012907,0.2624479100531948,0.21063390856927386,0.40254732393235315,0.7004844878877066,0.9385623589151362
0.6186426126029216,0.26349057971032636,0.21013680757620956,0.38605503233394534,0.7210029749255682,0.9428835592293098
0.6320250476583293,0.2645558416280388,0.21119829382739078,0.4098088561967874,0.7216319592009768,0.9390671268111199
0.6300290218620761,0.26217232237818483,0.2114587168459711,0.3959633128362863,0.7144241393964421,0.9392801339023611
0.6285117828088942,0.2588665593742881,0.20843309844892713,0.37830368506471657,0.700552486187803,0.9395195398761933
0.6279324912438193,0.2594488500385603,0.20853204498614583,0.39729512519508736,0.6881427964300428,0.93981404687342
0.6254715694367832,0.26116098437461616,0.21035527836084117,0.3902510016984886,0.7022014449638618,0.939998019623154
0.6239539893339745,0.26073769237615624,0.20876449984876033,0.4045185761794565,0.6867488312792602,0.9402374255969862
0.6080098638836242,0.2559028788826336,0.20575656185927058,0.39416273143560443,0.6914747131321519,0.9445498336658674
0.6213922779754313,0.25916196623325977,0.20898270724224285,0.4143091978363005,0.7000764980874692,0.9407423706666785
0.6193962083746376,0.25436295957755406,0.20510352002571758,0.3917848553012617,0.6864088397790056,0.940955156290784
0.6178789755792478,0.25558402513340717,0.20564495041318542,0.4049511302813802,0.6911687207818886,0.9411946619248273
0.6172997049777735,0.2546639090139079,0.2036945411675275,0.3954468528482553,0.6957246068848235,0.9414891578486971
0.6148387766000565,0.25266553095084276,0.20416894846772088,0.41442213126748273,0.7015724606884532,0.9416729755714361
0.6133211182748566,0.252178299064531,0.20419691662368666,0.415955349520432,0.677127071823179,0.9419124369120523
0.5973770594699839,0.2511183651728181,0.2007267050338298,0.4007723153620799,0.6823969400763872,0.946215997368857
0.6107594163030003,0.25362251951335885,0.20574943480464808,0.40130970218493234,0.6872078198044846,0.9424173819817445
0.608763349831102,0.24940345954807114,0.20104042823947982,0.4040945595907903,0.6743391415213864,0.9426302008259203
0.607246138937982,0.2528989163689081,0.20520378573205272,0.4069384648208987,0.6583935401614553,0.9428696289464661
0.6066668727169615,0.25037366268782324,0.202290042172243,0.4205941974215359,0.6721631959200067,0.943164445997683
0.6042059318236621,0.2489550185517217,0.20113383249571257,0.4167049431844376,0.6781470463238293,0.9433481529868538
0.6026883173030013,0.2452005982121648,0.19932405420333094,0.4355232901971837,0.663102422439465,0.9435873928603343
0.5867441827788533,0.24760649517121722,0.20124808006665962,0.4058873182467664,0.6755121121971115,0.9478823603922689
0.6001265214642744,0.24366366295923073,0.19932141586509802,0.40987691804666304,0.6606034849128264,0.9440923932968107
0.5981304549923774,0.2448094907090133,0.19919371099846622,0.42621299300714144,0.6682532936677035,0.9443053339479112
0.5966132140618585,0.24341642288563817,0.19642693748647905,0.4135578172509151,0.6605184870377343,0.9445445848947482
0.5960340235601129,0.24307859921833927,0.1994847427246163,0.4294422379053915,0.684368890777705,0.9448397341466687
0.5935729694007907,0.24373143974097355,0.199007692659448,0.42801004027442824,0.6632044198894391,0.9450229982015681
0.5920553517512341,0.24220026161680416,0.19740398584735164,0.42464530702625036,0.6426859328516912,0.9452624041754002
0.5761113073392816,0.24184325348005026,0.19643115617160653,0.4130009331303446,0.645813854653511,0.9495485683886855
0.5894935872014639,0.23966583765204408,0.1959775899727565,0.4230340598730642,0.6470038249044592,0.9457673935385197
0.5874974956984014,0.2397039920395716,0.19625595457666908,0.40711195503216335,0.665278368040731,0.9459801237958413
0.5859802629030115,0.2409297455431331,0.19678946552269616,0.42663291953131677,0.6555546111346757,0.9462195851364575
0.5854010786590575,0.23837187826397466,0.1956781142362385,0.4151821287848534,0.6340841478962602,0.9465149115620867
0.5829400651753782,0.23692275710398403,0.19554064619012224,0.4176340628830342,0.6470378240543369,0.9466979541498503
0.5814223693034304,0.2339460765864761,0.19438047679287146,0.4534764495873542,0.620824479388034,0.9469373601236823
0.5654783893467279,0.23616377443655323,0.19399763001086717,0.4258832067392193,0.6344751381215019,0.9512148871186704
0.57886062665593,0.23566332797300543,0.19273692930276112,0.44356801024755743,0.6236804079898093,0.9474423494868018
0.5768644869678741,0.2351705535093115,0.19292928009621257,0.4226781845530019,0.6407479813003647,0.9476551351109072
0.575347266688067,0.23389726614694933,0.19266832365522105,0.4167940509972272,0.6413089672757906,0.9478945410847395
0.5747681068494992,0.23125073908481464,0.19172979680324592,0.45142903478012153,0.6310242243943094,0.9481899782439367
0.5723070126403118,0.2310043518529677,0.1897551113044515,0.44154672420182894,0.6368550786229434,0.9483730208317002
0.5707893730884863,0.2316697668745467,0.1925817808490907,0.4448055128668862,0.5964300892477468,0.9486122717785374
0.5548454300527528,0.2329839745493429,0.1928010462339116,0.4436054164684342,0.6262643433913127,0.952881205848655
0.5682275803786552,0.22822759388956235,0.18998387426423674,0.4143261934440874,0.6340161495961638,0.9491173165084408
0.5662314732311136,0.22569040399989576,0.18612341880649103,0.4425297692167214,0.6256523586910134,0.9493300356924054
0.5647142873691586,0.22727636066788273,0.18845879524357195,0.42995309887309996,0.6079048023799487,0.9495694970330215
0.5641351137634505,0.23153293315447854,0.1942686041690082,0.42814942014202706,0.6138036549085655,0.9498649341922188
0.5616739738723866,0.22474982683021538,0.18521734218675828,0.43300563710160245,0.6139056523586532,0.9500479767799822
0.5601563593517254,0.22404605002143907,0.1864666949417434,0.4524005640794575,0.5909052273692623,0.9502873163136736
0.5442123609345391,0.22634132607558455,0.18955563788311955,0.42403489468302347,0.5944411389715469,0.9545474138450719
0.5575944552532093,0.22637414707332784,0.18976196832781192,0.43129309136088256,0.5944751381215383,0.9507922170899388
0.5555983793946244,0.22339277682018333,0.18638358064729327,0.4406717680757126,0.6019549511262312,0.9510050027140442
0.5540811309547564,0.22262932075642666,0.18725878516830713,0.444773467410148,0.6054908627284021,0.9512507647946747
0.5535020687377328,0.21983870992542232,0.18447723519151876,0.4412437417545987,0.6023969400764599,0.9515588698740415
0.5510408362313579,0.22210457456087862,0.1877052265259057,0.42409549117246925,0.5951041223968332,0.9517544917951201
0.5495232248395925,0.21848890817626357,0.18444530510146157,0.4493871792838473,0.5774245643858649,0.9520064660289106
0.5335792918163254,0.22106403611414693,0.18485216917219524,0.4459345295037993,0.6005949851253263,0.9562706496289647
0.5469613601651617,0.21860357873851582,0.18472736824831648,0.4625503569335747,0.585890352741103,0.9525367137188715
0.5449653124666383,0.2187917760595629,0.18411786342234876,0.443565508557626,0.5762175945600347,0.9527620565295786
0.5434480170933349,0.2176538348610167,0.18510678873201153,0.4560272997112296,0.5921631959200795,0.9530141968637209
0.5428689592567655,0.21808224212202187,0.18353659235686692,0.4784175040147163,0.5773735656608778,0.9533222022828763
0.540407728627728,0.21187375625010527,0.1804529283053276,0.4493616064534387,0.5620739481512373,0.9535178684973822
0.5388900671736319,0.21490265678619408,0.18301970161368467,0.4710315623129069,0.5502252443687894,0.9538165722968329
0.5229461898447076,0.212323475615109,0.18066638580464245,0.46138893745564724,0.5698257543560885,0.9582206677599476
0.5363282400459486,0.2094056215108358,0.1777874674241589,0.45607820711586267,0.5681257968550426,0.9546761969845569
0.534332085964973,0.20973385294340718,0.17836240603520753,0.4605553584868063,0.5835614109646485,0.955082478445237
0.5328149063608087,0.2112850701667054,0.17884816350189287,0.4504423365037422,0.5680577985550599,0.9555152252286487
0.532235815983725,0.20848039191671947,0.177125988220351,0.4568352264309339,0.5493582660433276,0.9560039478306415
0.5297745396728106,0.20787401428390134,0.1786249428230936,0.4641889638385486,0.5431704207394432,0.9563804973283364
0.5282568625742368,0.20987026471242304,0.17895291349787562,0.4690730964810077,0.5432724181894173,0.9568132441117482
0.5123130340560844,0.20925280371276878,0.17885370135613682,0.4516643524711157,0.5482362940925896,0.9612408150912609
0.5256950510910317,0.2040260280864209,0.1727953441475394,0.4557498900944079,0.5381555461112839,0.9577049815341675
0.5236989189123253,0.20208818212008167,0.17403466811851998,0.46358605656511576,0.5669868253293089,0.958091109485487
0.5221816454412918,0.20202935391891869,0.17432517084900084,0.47036611279119245,0.5380365490862005,0.9584692646199169
0.5216026220225749,0.2045833825162579,0.17656977915471095,0.45623497968488813,0.5208669783255573,0.9589034509397115
0.5191413306929613,0.203156213538557,0.1738752987663511,0.46015806630010436,0.5062473438163124,0.9592251983946453
0.5176237067856131,0.203831006243481,0.1762993295654971,0.4694786482154196,0.5161750956225433,0.959603397822502
0.5016798344629216,0.2005676564720551,0.17399693678306974,0.47823563512765,0.5232129196768938,0.9639677399347354
0.515061792048852,0.20016503828723062,0.17422516632044377,0.4755978214966403,0.5448023799405064,0.9603859076535302
0.5130656880302058,0.20038222686384274,0.17436290439782207,0.45315250059593826,0.5261368465787655,0.9607376417586553
0.5115484239458592,0.19697074545413001,0.1733428413849204,0.45053771839604195,0.5222269443263485,0.9611157968930849
0.5109693942693516,0.198820779115454,0.1729927060129366,0.47562303694277297,0.5203229919251271,0.9615499167727389
0.5085080416133829,0.1970604744181626,0.1710053533919047,0.4567249138177747,0.5228049298766564,0.9618717085210997
0.5069904489949915,0.19459489999205803,0.17281513168428633,0.4832600609530797,0.4898257543560476,0.9622500408292383
0.49104653537087684,0.19497194186415617,0.17283624060352076,0.45394613194460676,0.4856268593284767,0.966605801089958
0.5044285123559602,0.19496448083982854,0.17259692207743282,0.45922338729054957,0.4794390140245923,0.9630324842201254
0.5024323707905665,0.19205344589366355,0.16969742820012607,0.4765068085476949,0.496387590310178,0.9633841297383964
0.5009151661552371,0.19197629142857575,0.1691567901994765,0.4589961703098089,0.4694092647682737,0.9637622737994693
0.5003360814101656,0.19083472609959284,0.16903647135187433,0.4765595028737073,0.49596260093494493,0.9641964047524798
0.49787472750263895,0.1895330929237414,0.16880639143634363,0.47952928678765816,0.48613684657880185,0.9645181965008407
0.49635712236866514,0.19122156939401647,0.17036023099979253,0.49058961535802537,0.46124946876329886,0.9648965731024063
0.48041325818110225,0.19148820491259017,0.17015389612835813,0.471955678631641,0.4746791330217093,0.9692436961448289
0.4937952264052772,0.18930887600142307,0.16733672415868328,0.4840318918609188,0.47377815554614244,0.9656790164932936
0.4917990441642397,0.18547153512837272,0.1657836791954237,0.4696748521828853,0.4634084147895692,0.9660306398648509
0.49028176130651957,0.1867917055436752,0.16728500874525015,0.46792208085644527,0.4687122821928824,0.9664087507058533
0.48970275165494304,0.18693173607934313,0.16878765967756407,0.4875180960535366,0.46915427114322483,0.9668430477592159
0.4872414271590353,0.18352026182134315,0.16581296209376395,0.48289433771074797,0.4553336166595727,0.9671648395075769
0.4857237531893568,0.18608771775937272,0.1700528402485757,0.4990450096507655,0.4464088397789965,0.9675429946420065
0.4697798936951383,0.1863313319146004,0.16720268462424726,0.46367500554044905,0.44402889927744127,0.9718815911996996
0.48316185409707435,0.1840377597560179,0.1642134783935371,0.4714989415270485,0.45082872928173856,0.9683255487664618
0.481165696887202,0.17910106475057025,0.1608802058541272,0.4816858626364946,0.46226944326383546,0.9686770724778078
0.4796484109005861,0.17839813363182677,0.16314196778509332,0.4821788940997722,0.46544836379086973,0.9690552829790215
0.47906943316374573,0.17934745198241725,0.1652153342165864,0.4839430620136771,0.45244368890780606,0.9694894692988162
0.4766079878924656,0.17787786440846093,0.16303906374052526,0.48048183501100783,0.42913727156815185,0.9698112610471771
0.4750903483406397,0.1768661026659118,0.1613612134266449,0.4896114148855397,0.4143476413089502,0.9701895712086017
0.4591464932268736,0.17540525806079382,0.15999128064627952,0.49145051436929,0.4273693157671232,0.9745194973279272
0.4725284117016084,0.17404927544388984,0.16029735222837987,0.4962296554533645,0.4467148321291461,0.9709720810396298
0.47053228578069284,0.17540312148660936,0.15997676757262744,0.49836760761049015,0.4249383765404673,0.97132366011776
0.4690149747629113,0.17193985094900907,0.15773664576993593,0.4819387715757357,0.4215384615383755,0.9717018152521896
0.4684359826331508,0.1717356695499631,0.15798018298115132,0.48472382752841336,0.4209094772630806,0.9721360015719842
0.4659745580125825,0.17080617932297526,0.15818203356293808,0.4984151397191843,0.44334891627693196,0.9724577933203451
0.4644569059451733,0.16794331295011766,0.1577163292375198,0.4949420793260464,0.41444963875892427,0.9728360038215589
0.44851303237092344,0.16980272250685843,0.15799311128116683,0.5002036494732136,0.4070548236294371,0.977157392382798
0.4618949536616639,0.17105618532147432,0.15743189335695207,0.4912392605528728,0.416659583510409,0.9736185025792301
0.4598988089673748,0.17062245182239766,0.15891422775684985,0.49598977118551146,0.39428814279631297,0.9739701923909281
0.45838150420738444,0.16815389513207588,0.1590189755394616,0.5006958073304837,0.4209774755630633,0.9743482367917898
0.45780253272833527,0.16470723444734015,0.1529627276734279,0.49523056785542074,0.38866128346785445,0.9747824231115846
0.45534104365251604,0.16383785436602588,0.15359017408472792,0.484745588259879,0.4099277518062081,0.9751043698869406
0.4538234072295859,0.16683840908862543,0.156992576840605,0.5093912050191685,0.3750106247343865,0.975482480727943
0.43787957026341484,0.16404203576507184,0.1546207860238193,0.493638500325041,0.37847853803646103,0.9797952874376686
0.4512614267860151,0.16089292208934858,0.15352209964622804,0.4922342580863257,0.37523161920944403,0.9762650348523982
0.449265272705039,0.1620372676466635,0.1553582591075679,0.5046671408229455,0.4053718657032732,0.9766166139305283
0.44774798046063147,0.1615779488952195,0.15564348958832494,0.4820364963205106,0.3843603909903095,0.976994879798526
0.4471690183682693,0.15764982596843402,0.15378305166047757,0.4959942583436423,0.3845303867402663,0.9774289553847526
0.4447075468142656,0.1597963320939296,0.1528395093098147,0.4964143834146377,0.36215894602628396,0.9777508024998975
0.4431899185264636,0.15741046708229325,0.1520228794389653,0.5088141485416915,0.36028899277516757,0.9781287915339755
0.4272460380686436,0.15651956034559797,0.15207617741266402,0.5024365070102714,0.37082872928169763,0.9824332267859667
0.4411019560760878,0.15536627514734408,0.1533220972292269,0.503469149020785,0.3716787080322774,0.9789378109811623
0.43956119805288507,0.15306715325966663,0.14913815538634678,0.500212385533291,0.3581130471737879,0.9793191773890614
0.4375845075802629,0.1510319081173692,0.14710199572137678,0.5048940004194102,0.3557331066722327,0.9796160983780686
0.43558391547368025,0.15366820823026972,0.1512365926711656,0.5129004009335354,0.35095622609435395,0.9798934416722686
0.4340665931918739,0.15196309687613546,0.1507774886180716,0.4993386206880943,0.31403314917122316,0.9801915364370958
0.4181223347634573,0.15338536871853004,0.15163474934038224,0.5067108229499633,0.35126221844450356,0.98440871363757
0.4319733829576937,0.14798147019833024,0.14771044255600613,0.5011391226700481,0.3397195070123189,0.9808389956086947
0.4304467105969816,0.14993381626227248,0.14858802202410387,0.50206371550115,0.31605609859752803,0.9811373118406576
0.428903949141886,0.14889477073557764,0.1481954076358732,0.51049850063398,0.33698257543562704,0.9814386178789543
0.427316497044274,0.14753153806987218,0.14727666610727402,0.518279073995104,0.3265958351040581,0.9817535995128884
0.4258667920750576,0.14515761641853026,0.14744052196246146,0.48970040357023725,0.33450063748398406,0.9820293814637807
0.42433915288558577,0.14240089934218192,0.14383547845135033,0.5157628901459903,0.3086102847428265,0.9823277530625276
0.4227973735908388,0.25605655131037436,0.2382787242324328,0.5118638276959868,0.19903102422438224,0.9826317720732383
0.42114303321332525,0.3150956779374918,0.28650233242822687,0.5230774344113489,0.3354696132596473,0.9829684685598405
0.4197610178341895,0.3555928986210032,0.33531935424281306,0.5003209906437989,0.3760305992349231,0.9832300655406829
0.4182338789551334,0.39976045516932773,0.39380373428445714,0.5017616066599275,0.4045898852527898,0.9835322574475228
0.4166922970937037,0.4486963196463736,0.45990927746407173,0.4250880267253552,0.8107097322566688,0.9838372176935607
0.432364730521269,0.43029838840801765,0.4446694434438777,0.7277415612935676,0.9416064598384537,0.10126185746340058
0.6976863492729994,0.43534569180287497,0.45139760434461706,0.7278949585666541,0.9357076073097232,0.10512463187976294
0.6973741042593198,0.4359074230809157,0.45305183356317713,0.71188819336173,0.9463663408414504,0.10512637039677922
0.7282068297178443,0.4385729200611228,0.45752890762128706,0.7080003686617353,0.9376965575859231,0.1050105873781673
0.7282847392198244,0.4392056142089371,0.45564076935536496,0.7352905496439124,0.9367275818103735,0.10501085313873032
0.6978278448183985,0.445349847305569,0.46602278523789553,0.7713233030391919,0.9450913727156376,0.1051262375164977
0.6676933940660623,0.4449539463669461,0.46707688104330514,0.7636555042717945,0.9407564810878739,0.1052403484582341
0.6676520366360932,0.43806607817844734,0.45628390856706047,0.7653070167200646,0.9327666808329695,0.10524086890600332
0.6674599940941657,0.43649855862593284,0.45421172850242386,0.7563651032997409,0.935758606034824,0.10524196516832568
0.6676875089262118,0.4324986038962746,0.4507373004408105,0.7648596510253733,0.9382405439863533,0.10524146686727004
0.6678035499667332,0.43058004073544065,0.4451657476233818,0.757527952314772,0.9397705057373287,0.1052414115004861
0.6965174714503428,0.42937464637015355,0.4406560838906564,0.7193839314549666,0.9363705907352369,0.1051335680786937
0.7287328815587846,0.43271121537672597,0.44691141119798394,0.7085805224696031,0.9414364640882695,0.10501253628896262
0.7288108483195548,0.43184246107027746,0.4436363193287005,0.6953471386643446,0.942252443688858,0.1050128131228824
0.7288887202747873,0.4289889723807648,0.4400025174881762,0.7054437209707176,0.9384955376115158,0.1050130899568022
0.7289666735813074,0.4323943766225672,0.44407577307404955,0.696262995435369,0.9382405439863533,0.10501337786407877
0.7290445705677042,0.42903171280409397,0.4419047748477123,0.7113941294549888,0.9383765405864324,0.10501365469799855
0.7291224393940419,0.43063716504104066,0.44393197036012916,0.7008524845970356,0.9363705907352369,0.10501395367863194
0.7292003739271866,0.42855481156685127,0.4416651907171043,0.6987632558295234,0.9350616234594327,0.10501423051255171
0.7292782834291667,0.4320932179986154,0.44440017800814935,0.7054165994751138,0.937594560135949,0.10501450734647151
0.7293561898022514,0.4300687290322957,0.4446764376962402,0.6942432580548361,0.9407224819378825,0.10501479525374807
0.7294340733343976,0.4230788774199653,0.43523691059977615,0.697237224971456,0.939005524861841,0.10501506101431109
0.7295120078675432,0.43402743447073344,0.44680111892101526,0.7057025466051929,0.9337356566085191,0.10501535999494445
0.7295898860805665,0.4285332849114702,0.4385200569261314,0.695420442150267,0.9424564385890335,0.10501563682886424
0.7296677736802772,0.43031628556917745,0.4430009601160727,0.7072621715851943,0.9385465363365029,0.1050159358094976
0.7297456393777186,0.42829935953909215,0.44327919191772525,0.709002315333886,0.939056523586828,0.10501619603338219
0.729823489430681,0.43149760548141597,0.4429119073472274,0.6996629905987686,0.9414364640882695,0.10501650055069398
0.729901398932661,0.4278390931857087,0.44241678510783783,0.6929224054804959,0.9406204844879085,0.10501677738461376
0.7299792521145183,0.42862908925548493,0.4405221837985934,0.7115208817448391,0.9312027199318891,0.10501706529189034
0.7300570708785252,0.4313974278650539,0.44509675684928757,0.6990195797740673,0.9341266468337608,0.10501731997909652
0.7301349084159052,0.4304465182583763,0.4405023962618465,0.7101544825300046,0.9338376540586069,0.10501761895972991
0.7302128282432414,0.4303289691317417,0.4436384330980062,0.6917722634619412,0.9469103272417669,0.1050178957936497
0.7302906782962038,0.42637281327889975,0.44030964263487293,0.6979634298200728,0.9429664258393586,0.10501817262756949
0.730368503318001,0.43340326874037494,0.448619868006063,0.7000579399329954,0.9393115172119906,0.10501847160820287
0.7304463784021284,0.4281216037186618,0.44139343302562895,0.7060683492662523,0.9371865703355979,0.10501873736876584
0.7305242159395084,0.4325115037981495,0.4457392320496829,0.7084113605790134,0.9435104122396751,0.10501902527604244
0.7306020190590363,0.42984791990110327,0.4420596576968626,0.6980890305383673,0.9392605184870035,0.10501933533003259
0.7306798659831042,0.4279472628410701,0.4383199239202412,0.7152037267079265,0.940127496812579,0.1050195900172388
0.7307576722315274,0.430746085626241,0.44422049433693533,0.6986546110096516,0.940518487037707,0.10501986685115858
0.7308355097689074,0.42454857226961284,0.4367330918486548,0.7013693019693423,0.936506587335316,0.10502014368507837
0.7309133035017474,0.4293904176846981,0.44496654423331194,0.7025643155692038,0.9450403739905369,0.10502043159235495
0.7309911379102316,0.4334207439504824,0.4460187918739359,0.7078028939946219,0.9406714832128955,0.10502073057298832
0.7310689285141776,0.430938538216375,0.44199276962521916,0.7058727409392467,0.9452953676158131,0.10502098526019454
0.7311468026596364,0.4342327959023833,0.447544789443566,0.7120070434881469,0.9388015299616654,0.1050212731674711
0.7312245463301461,0.4299099431299378,0.4427210129518945,0.6985627632507467,0.9396685082872409,0.1050215500013909
0.7313023338051954,0.43015611402247406,0.44315715770759745,0.6981591969845347,0.936846578835457,0.10502182683531068
0.7313801118935577,0.4300737352312215,0.4402542331052395,0.7039305559465825,0.9346366340839722,0.10502212581594406
0.7314578680796506,0.42923557237606613,0.44490928432552185,0.7079691571016404,0.936880577985562,0.10502239157650703
0.7315357118748218,0.4315375656764131,0.4440520236032113,0.7054876395272887,0.9408244793879703,0.10502266841042683
0.7316134743187064,0.4321272065134653,0.4472556125223146,0.7192584895741281,0.9416914577135458,0.10502296739106022
0.7316912774382338,0.42900794229883726,0.44112984267314653,0.7160708997987013,0.9388525286867662,0.10502323315162321
0.7317690023353696,0.43077517521785635,0.44360255435408363,0.7149159132377401,0.9393965150870827,0.10502352105889978
0.7318467991971063,0.42767348812524253,0.4392885282707459,0.6999250724010908,0.9405864853378034,0.10502380896617634
0.7319245804143644,0.4299114271103337,0.44285675899537214,0.7055064220564551,0.9432044198894118,0.10502407472673936
0.7320023553738313,0.4334875624027166,0.4457848938934289,0.7047835925037775,0.9342966425838313,0.10502436263401592
0.7320801303332978,0.43134307484814505,0.44562763388382376,0.7077877250175784,0.9345516362091075,0.10502463393125734
0.7321578114258949,0.42833400064773064,0.43949064224368173,0.7160237250742834,0.9492902677432085,0.1050249163018555
0.7322356051587353,0.4289387762968925,0.4428774761479394,0.6896096517897787,0.94046748831272,0.10502518206241851
0.7323133738604106,0.4303088299086344,0.44483804476649086,0.6965552166449585,0.9420484487887961,0.10502545889633828
0.7323910624623573,0.4283963439157108,0.43980911091675745,0.7221824091726725,0.9416404589884451,0.10502575787697167
0.7324687873594931,0.43050437561453325,0.4461205073382766,0.7004623400958516,0.9354016149595736,0.10502603471089145
0.7325464966121511,0.42979399598695944,0.44199158325836274,0.6899174390700513,0.9422864428387356,0.10502631154481125
0.7326242840872008,0.4299919983061884,0.4405058269868977,0.6977328375433931,0.9361665958350613,0.10502659945208782
0.7327019745664849,0.4293781596490426,0.44262444357513064,0.7087152960509793,0.938291542711454,0.10502686521265081
0.732779683819142,0.43137345174805564,0.44316613071363464,0.6922890411248839,0.9366255843602858,0.10502714758324899
0.7328574149740699,0.4322765163964279,0.4464242039732931,0.6931057833233933,0.9409774755630451,0.10502742995384717
0.7329351117111451,0.4337224407408188,0.4474773790163664,0.7088688124521576,0.9376965575859231,0.10502769571441019
0.7330128240926985,0.43344482913110016,0.4458256509070372,0.6988206358604863,0.9457883552910289,0.10502800576840034
0.7330905208297738,0.43295674261511463,0.44522893936545394,0.6869173569113771,0.9443773905652506,0.10502826045560654
0.7331682895314486,0.4305563864455162,0.44602235540124713,0.6954034862518439,0.9338376540586069,0.10502853728952632
0.7332459111750285,0.43289493393766265,0.444901105919674,0.7144483751861426,0.9404164895877329,0.10502881412344611
0.7333236235565819,0.4296185823524551,0.441519019696213,0.706534616618202,0.9344666383339018,0.1050290909573659
0.7334013421959269,0.4287584637391536,0.4427757584702277,0.6970961773105697,0.9348066298342701,0.10502937886464248
0.7334789919995668,0.4323059278151171,0.44853095689296185,0.7081436003376409,0.9405864853378034,0.10502965016188388
0.7335566824788504,0.429922941367863,0.44122258291807903,0.7009091498594469,0.9382405439863533,0.10502993253248205
0.7336343760870307,0.4310423453269583,0.44507472274097487,0.7067247847623417,0.9387505312366784,0.10503019829304507
0.7337119883439227,0.4321100602821444,0.44443646401233605,0.693374139205226,0.9467063323415914,0.10503049727367843
0.7337896444053547,0.4322845084354273,0.44380372764434417,0.6860263184928455,0.9446663833404045,0.10503077410759822
0.7338673536580118,0.42447482023186645,0.43742149449731615,0.7110858656623482,0.9431024224393241,0.105031050941518
0.7339449834367198,0.4299770798333894,0.44610178221961,0.6950632564211929,0.9425074373140205,0.10503132777543779
0.7340226707871076,0.433371622411451,0.44740402790140066,0.6924553439412664,0.9408754781129574,0.10503160460935757
0.734100289301792,0.43580105923302387,0.4471082462810829,0.7093962719340132,0.9382405439863533,0.10503187036992057
0.7341779337863095,0.43040847114654013,0.44131638558109193,0.7165692523167535,0.9395155121120524,0.10503215274051875
0.7342555491720972,0.4313365775171106,0.4444483276809002,0.6956241511875265,0.9354526136846744,0.10503242403776014
0.7343332177491115,0.4328612583102455,0.4470244701887035,0.711821005117862,0.9400254993623776,0.10503272301839352
0.7344108112326295,0.4318955267788911,0.44452457831187697,0.714346083864509,0.9397365065872236,0.10503299985231329
0.7344884641651661,0.43162730179215847,0.4442342061702851,0.6913125084456855,0.9410284742881458,0.10503327668623309
0.7345661045821195,0.4315095381141413,0.44460268817449433,0.7183612167854501,0.9379855503611907,0.1050335424467961
0.7346437449990728,0.43633913622114007,0.4494279254910264,0.6900475269464765,0.9397365065872236,0.10503383035407267
0.7347213572559648,0.43292434714427996,0.44644069358724886,0.7000896280054578,0.9371355716106109,0.10503409611463566
0.7347989569972744,0.427281742331728,0.4415144026043054,0.6938561711746789,0.9395155121120524,0.10503438402191224
0.7348765598674802,0.43527984240771855,0.4472805439332674,0.6993635025755691,0.9445303867402117,0.10503466085583202
0.7349542347022853,0.42996908779439,0.4417136192746013,0.7117616396186999,0.942626434339104,0.10503492661639503
0.7350318000257423,0.4342520876475296,0.4454920073623802,0.692710000092523,0.9418954526136076,0.1050352145236716
0.7351093312442374,0.4339333358102099,0.4465432036517788,0.7103946050540411,0.940127496812579,0.10503546921087781
0.7351869341144428,0.4332079197065767,0.4503702792614618,0.7097610024422452,0.9378665533361072,0.10503576819151117
0.7352645275979612,0.43182615516520473,0.4481251353199695,0.7136872658065805,0.940127496812579,0.10503602841539578
0.7353421273392708,0.42969286004108875,0.4419008173403629,0.7164199451081577,0.9433064173394996,0.10503631078599396
0.7354197208227888,0.4322081996603723,0.4438667976510113,0.6801997238054898,0.9397705057373287,0.10503659869327053
0.7354973111774115,0.4327512828474144,0.4463624642025974,0.707640601824002,0.9439184020399125,0.10503687552719033
0.7355748827586606,0.43277887951899296,0.44718582493466014,0.7135422869186594,0.939107522311815,0.10503714128775332
0.7356524199220567,0.4343776252373073,0.44836656982873413,0.723208896231768,0.9416064598384537,0.10503740704831632
0.7357299852455141,0.429741770604594,0.44441060077219197,0.7025037190797578,0.9427114322140824,0.1050376838822361
0.7358076006313019,0.4328820340357877,0.4459957064143978,0.6985838489230247,0.942354441138832,0.1050379717895127
0.7358851262177848,0.43380417587792375,0.4443062513963604,0.6902289193211748,0.9433064173394996,0.10503823755007567
0.7359626571233897,0.4322656457930461,0.44842896475724603,0.6986200638629818,0.9363705907352369,0.10503852545735227
0.7360402255757421,0.4288438265825516,0.4415926364156988,0.7159674966148761,0.9400254993623776,0.10503878014455846
0.7361177502235567,0.43178480038622113,0.4439636304189243,0.69385946705189,0.9337356566085191,0.10503905697847826
0.736195337449284,0.43153255947748725,0.4405060837379338,0.7065803618055169,0.9376965575859231,0.10503935595911162
0.7362728370659322,0.43310093008381917,0.44643752846671775,0.7053459565165787,0.9388865278366438,0.10503962171967461
0.7363504336783455,0.43340806038791824,0.44383197025831406,0.7281388534802695,0.9353506162344729,0.10503990409027279
0.7220015644171678,0.43354713438200565,0.4450451631712595,0.6936938790040592,0.9421164470887788,0.10656363674153177
0.7369781111117151,0.43397127564635485,0.4487897884977926,0.711817312147011,0.938716532086687,0.10505800349194852
0.7365767207317346,0.4080182589663079,0.36622844281780365,0.6965223770009401,0.9312367190819941,0.10504068476192661
0.7366542391217568,0.3883079294364819,0.3336998151879481,0.7014637308369063,0.9330216744580184,0.10504096159584639
0.7376702190774425,0.3678269974939326,0.30621383766791793,0.7228290364558567,0.9388865278366438,0.10507763655353983
0.7368034592847659,0.34172850782481407,0.2720117138676148,0.7027358997309969,0.9336166595835493,0.10504149311697238
0.7368805990784137,0.31136150659983297,0.24407507586218433,0.3307060559202353,0.8192095197618983,0.10504175887753539
0.7216797481116592,0.3158996341505584,0.2484489891246901,0.33859670363833483,0.8181215469612653,0.9296337563071558
0.735061246375706,0.3138002274173138,0.24572047151708032,0.33647173644323325,0.8112877178069766,0.926105164725404
0.7330647887918507,0.31052195738516075,0.24515555947666523,0.33616418741914433,0.8126986825328686,0.9263572496927626
0.730087521916885,0.31465895859834153,0.2478313058928745,0.34570630787614975,0.82213344666377,0.9270368326724137
0.7295083339182566,0.30652903636499323,0.24182255032840447,0.34091481717987526,0.8144836379090066,0.9273715138080797
0.7285061317417285,0.30966024215198756,0.24446637108129854,0.31906795610383965,0.8107097322566688,0.9271931220301687
0.7269881135935266,0.3101817897440077,0.24555424292818,0.3398364696914109,0.7903102422440043,0.9274717276870428
0.7110440807584881,0.3096306156455374,0.2441785066890506,0.34284604238807836,0.8024139396515011,0.9315754029804043
0.7244255511753637,0.30855661487122144,0.24342968786555202,0.35425692522373353,0.8117977050573018,0.928055404323523
0.7224290935915083,0.30477342176092403,0.24024997900617603,0.3400994648091049,0.8015639609009213,0.9282794183314148
0.7209114696841601,0.30483288717969315,0.2420162202909724,0.3473642929507499,0.7948661283468255,0.9285186692782519
0.7203322397583296,0.3038100395672084,0.2401837549458328,0.352673434915975,0.79694007649789,0.9288140399973084
0.717870395865742,0.30365764622329317,0.24095183231040915,0.32494653034865584,0.7920101997449365,0.9289969718515039
0.7163524058776018,0.3034824469613785,0.24000354227894963,0.3528722199921004,0.7912282192944531,0.9292364331921201
0.700408336121594,0.30184789440524734,0.23840352736968257,0.340234595774757,0.7800764980875101,0.9332919947502225
0.713789780881525,0.30115562327194506,0.23818848509673116,0.3425396052261811,0.7848363790905069,0.9297412121614606
0.7117933733599999,0.30116905097022106,0.23709797491161677,0.34445518494497307,0.7948151296217247,0.9299539313454253
0.7102757150348,0.30274669591764863,0.24035235626844592,0.3525585954353214,0.7890012749680864,0.9301932819524735
0.7096965057596809,0.2988454243466973,0.23789798236625026,0.34611527461586467,0.7898512537186662,0.9304886637448867
0.7072346349585907,0.2974353056958493,0.23576603907122168,0.3528309222535526,0.7800254993625231,0.9306715955990822
0.705716648099346,0.29598383823769786,0.2384159288873999,0.34504272469454267,0.7718147046323338,0.9309108908393466
0.6897725933620378,0.29815507149942705,0.2379045804252036,0.3562819042403127,0.7852953676157313,0.9349579812795034
0.7031540575211213,0.2932761375702035,0.2292760125430849,0.34873545728926336,0.7818954526136395,0.9314157251754709
0.7011575968083705,0.2921292438576353,0.23233276642999678,0.3526558833770925,0.7890012749680864,0.9316284443594356
0.6996399541276488,0.2936137475800839,0.2326923993769449,0.35182127196478796,0.7815384615383891,0.9318678503332678
0.6990607041768864,0.2933104527395333,0.2341280316487263,0.3469626327340092,0.7842753931151947,0.9321631767588971
0.6965988803092302,0.2904145515327211,0.23163830135816427,0.3564433228049251,0.7854993625157931,0.9323462193466605
0.6950808840632994,0.2932959594360574,0.2349327867841565,0.3703783313624913,0.763059923501828,0.932585514586925
0.6791367720672001,0.2905963577256681,0.23172299821287995,0.3569809478839616,0.77773055673606,0.9366237906350757
0.692518234036057,0.29305937666601384,0.23589400954237358,0.3567781918714379,0.7620909477261648,0.9330903489230492
0.6905218077411583,0.28967304568453317,0.22932640878740157,0.361887833991986,0.76447088822772,0.933303068107014
0.6890041713182278,0.28805831499425594,0.22946546160715434,0.36025847936882127,0.7750106247343638,0.9335423633472784
0.6884248287521535,0.2884159596334447,0.22957416911048645,0.35631101120411635,0.7682107947300665,0.9338376897729075
0.6859630411796878,0.287852423799484,0.23141639984848145,0.3728091003696665,0.7578920526985939,0.9340207877274549
0.6844450605782346,0.2875109772532982,0.22950160816896803,0.36545738813961526,0.7528261793454476,0.9342601383345032
0.6685009022744799,0.28397821995943623,0.2290612336612826,0.3822079494414026,0.7494772630683428,0.9382897993110703
0.6818823980354098,0.2811307011621426,0.2241205624069471,0.35875127074928437,0.7620909477261648,0.9347649726706275
0.679885940451554,0.28462082995697996,0.2290546378157003,0.36549574738522783,0.7631109222268151,0.9349776475611652
0.6783682821263541,0.28096019181465737,0.22420261871005887,0.35175765756367894,0.7575350616233436,0.9352170978284245
0.6777890396849413,0.2798791567944722,0.2259300750948086,0.36880472868636627,0.7566170845727811,0.9355123135204858
0.6753271832767709,0.278110114492127,0.22353190089569366,0.3943485315497053,0.7480152996174638,0.9356953561082492
0.6738091275818223,0.28011019823868333,0.22713272350830632,0.38234010220475523,0.749987250318668,0.9359345849083728
0.657865053132471,0.3261799011912215,0.2637464748193413,0.3629321902648761,0.7558011049723063,0.9399557194002104
0.6712464994568492,0.33510077961178286,0.2737465564041964,0.3829895488527826,0.7288057798554064,0.936439541051422
0.6692499918106631,0.33703543055045054,0.27481384737576314,0.3766944233797298,0.722991925201768,0.9366522713087435
0.667732402321167,0.3436019883763928,0.2819455674965937,0.36293473166417134,0.7593710157245823,0.9368916108424349
0.6671530428590571,0.3778257141190794,0.3154284265096861,0.6291725160214379,0.9220909477262467,0.9371868265344961
0.6537963930327986,0.34391103712743737,0.27745476589019985,0.3164349473058725,0.8107777305566515,0.10288379417936493
0.7371987201581454,0.3444445209280392,0.2738536812144607,0.33295336766578476,0.8068848278792302,0.9259000307908416
0.7212545615415014,0.3466470857539348,0.28126640633587185,0.333812797430582,0.8217254568635326,0.9299524253689014
0.7346361139354429,0.3721656305205635,0.305218843294971,0.6865413489437726,0.9483212919676589,0.9264836520605375
0.7188363131779489,0.3445380885738909,0.2784903944346645,0.32099552805055587,0.8202294942625485,0.10447131490242131
0.7373289729556527,0.3445860443837439,0.27566715245880946,0.3286815534160239,0.815979600509877,0.9259128205179358
0.7367496322669163,0.3434073938482898,0.2747283585547696,0.33930003589329405,0.8188695282616436,0.9262474573601749
0.7342878334304261,0.37026422968240424,0.3047523487961054,0.7084496404058982,0.9378325541861159,0.9264698103645482
0.7189665640981189,0.34716692766246376,0.28207802247873026,0.3383329143333611,0.810573735656476,0.10447255511838198
0.7230327345355132,0.3481531166681429,0.2811545321626489,0.31742097052306395,0.8150276243093231,0.9296912713223308
0.7364141746021002,0.3455129796613514,0.27721914391502034,0.3486876075056575,0.823544411389662,0.9262303600972888
0.7344176919870806,0.37556304093543835,0.3098434186099437,0.6906413804849205,0.9490862728430329,0.9264824339912904
0.7190967511888178,0.34514041476143553,0.2785046425678078,0.3180837198080275,0.8137186570335189,0.10447379533434263
0.7385276879273412,0.34742652947154673,0.2818701052683674,0.32664108774748923,0.8057798555034879,0.9259941432502126
0.7360658784526057,0.34457432093861656,0.27733260131252013,0.30798975831967756,0.8229834254142361,0.9262165073279427
0.7345479009800475,0.37222957398427176,0.3088162351825325,0.7131425327513901,0.9475563110921712,0.9264951683516007
0.7048003459985388,0.34677390171236677,0.28087616578803953,0.329395885164808,0.8158436039099115,0.10598963821888766
0.7381922446554454,0.34579922338836067,0.2772465848460138,0.33951732553303793,0.8016149596259083,0.9259770459873266
0.7361956199885622,0.34277224129921735,0.27604235338530886,0.3429827617282897,0.8352911177220221,0.9262290755879009
0.7346779710500484,0.3695649244820256,0.3035742400268933,0.707913524282693,0.9419974500636954,0.926507791978343
0.7202953469495803,0.3457570229193442,0.2805801209979098,0.31865283441270664,0.8187335316616782,0.10451267389003757
0.7378438095829831,0.34638322152405215,0.28074450230737286,0.32788605572724805,0.8169145771355488,0.9259630935577692
0.7363257695325123,0.3505741466513768,0.2836751330025701,0.339994830634996,0.8199915002124953,0.926241765654784
0.720381577436684,0.37298706551959393,0.3090837830423643,0.6884169016236645,0.9482702932425582,0.9302702971489584
0.7199598382837658,0.34518197694008895,0.27875029089228376,0.3267884889066133,0.823629409264754,0.1044950838627743
0.7379735836594543,0.3459407468440654,0.2811447694258387,0.3206093147764064,0.8086697832553682,0.9259757171845114
0.736455925334254,0.3483739275872635,0.28263290839118604,0.3387446607285549,0.8237484062898375,0.9262545443085214
0.7358765683752599,0.3779774680998747,0.3112690265244626,0.7137488153207621,0.9431024224393241,0.9265892475909012
0.7196113540876414,0.3486946997834354,0.28118144520465865,0.3324654587104614,0.8074798130046474,0.10447873405147164
0.7381036706254913,0.34608696003540673,0.2803679822250372,0.337432981017296,0.8032299192519758,0.9259883961780377
0.7221594660140807,0.3442833892638989,0.2760811399896511,0.3371724875895332,0.8244793880152201,0.9300092981293827
0.735540989309293,0.3756514968946012,0.31348540328305774,0.7080237971864884,0.9460943476412922,0.9265720174477337
0.7197410443097092,0.34601385343973606,0.28156588118704146,0.33182784545290267,0.8074288142796604,0.1044799521207187
0.7382336950136157,0.3440116384827799,0.2766439413816136,0.33433267242391573,0.8176115597110538,0.926001075171564
0.7376543274163758,0.3435736407749753,0.27837324292096444,0.3366860478806777,0.8154356141095604,0.926335822747371
0.7351925367150147,0.3751585078795247,0.3066906232352516,0.6973469022347916,0.9384445388864151,0.9265581757517443
0.7198711143797101,0.34839460140089895,0.2860068139954281,0.3405962289525979,0.8015639609009213,0.10448118126332255
0.7239372316258779,0.34672104340342286,0.28151944267141127,0.3255718734127424,0.8168295792604567,0.9297482326696664
0.7373187715042366,0.34603005206911747,0.2792806382671394,0.31484383280022876,0.8187335316616782,0.926318769777912
0.7353221981512417,0.3732816177488919,0.3101450059023964,0.6796669432688596,0.9468763280916619,0.9265707993784866
0.7200011106077726,0.34203862396898677,0.2775513365949863,0.32472169592975453,0.8168635784104481,0.10448242147928322
0.7394320720645728,0.34539639422801,0.27811809591483866,0.31375694779850694,0.8198555036123025,0.9260824643439816
0.7369702438164625,0.3456632425100381,0.2786107119542441,0.3197556428693875,0.8181215469612653,0.9263048727151387
0.7354521787348269,0.37192584968337045,0.3077143792576681,0.6943663173738357,0.936506587335316,0.9265835337387968
0.7057046203115327,0.34653731947870164,0.2821489990892863,0.33883281551660893,0.8110497237568097,0.1059949091367204
0.7390964567034155,0.347036914888432,0.27995557786535147,0.3223206295268428,0.8091797705056933,0.9260653670810955
0.7370998708348382,0.3480930118862539,0.2830548114325216,0.3275930006210146,0.8216234594134448,0.9263173745349564
0.7355821417965958,0.37479510789949944,0.3088199281920473,0.7083061307644447,0.9439864003398952,0.9265961573655391
0.7211993671962458,0.3454281514084816,0.27720172955466044,0.32510679734171233,0.8117977050573018,0.10452130003497817
0.7387478802048695,0.3464627217509224,0.28147326798960437,0.32130927173542667,0.8190905227369285,0.9260514589449652
0.7372298119943377,0.34712429987861043,0.2832046805536809,0.3379097316413384,0.8129196770080398,0.9263301753354075
0.721285612702049,0.3733898928920164,0.31191837202844425,0.683310356833507,0.9435104122396751,0.9303273249364347
0.7208636254277052,0.34497971041213216,0.27807192123303176,0.3111366459970164,0.8098087547811019,0.10450369339767966
0.7388774446453308,0.34657994726255503,0.2804933130299336,0.3229888984134006,0.8119507012323766,0.9260640825717076
0.7373597456444876,0.3477014770682655,0.28278990146824845,0.3145381501162474,0.8099617509561767,0.9263426882285817
0.7367803767956884,0.37029214996898485,0.3080283658544672,0.698022318806867,0.9404164895877329,0.9266774358043888
0.720515043922926,0.34867999228616264,0.28301655242942475,0.3186214640151561,0.8144836379090066,0.10448733804969862
0.7390073814243769,0.3491870469322925,0.28216298360994346,0.33728438857725207,0.8111857203570025,0.9260767726385906
0.7230631186155057,0.3453678338631382,0.2797233859512119,0.3289624177475128,0.8136676583085318,0.9300663259168589
0.736444587467934,0.37142625784949646,0.30914948253378033,0.7028758752390554,0.942354441138832,0.9266603828349298
0.7206445867740072,0.34667053085626137,0.2787661222497039,0.3362943547142978,0.8094687632808473,0.1044885450455889
0.7391373150745264,0.34492258789446034,0.2769407775404109,0.3387845289299991,0.8129196770080398,0.9260894405587602
0.7385578335854848,0.34681503836411154,0.2785268063796612,0.33047161183524887,0.8166085847852855,0.9264240774009993
0.7360959815577681,0.373932114297672,0.3073922120416501,0.6743910777506568,0.9465363365915209,0.9266464304053726
0.7207744493982253,0.3469169180881083,0.27957219743959894,0.32746581152816057,0.8028219294517385,0.10448978526154955
0.7248405847919885,0.34267057612660307,0.2774843176024482,0.33365137886596963,0.8223374415639455,0.9298051718702882
0.7382220129687722,0.3455157509500425,0.2801220698454009,0.3273392577851302,0.820348491287632,0.9264069136979723
0.7362254959358996,0.3719870236463158,0.3085122729429959,0.6966299893773478,0.9525371865702255,0.9266590540321149
0.720904294187739,0.34308214467993564,0.27702046155248405,0.3236923497964517,0.7996260093497085,0.10449102547751019
0.7403352997619668,0.3452704293233954,0.2817555923142374,0.3374784879484265,0.8115597110072486,0.9261705418239011
0.7378733763954299,0.3461892652863122,0.28268699830902877,0.31153199242488294,0.8169145771355488,0.926393072001983
0.7363552737670456,0.376682868633514,0.31145530825462986,0.7169419246977831,0.9379345516362037,0.926671677658857
0.7066075867461388,0.34836987614199,0.286161432789418,0.3204344744467662,0.7928941776455076,0.10600016898119635
0.7399993984197466,0.3449737423078413,0.2781914474724786,0.31232832401030275,0.8113897152569507,0.9261534445610149
0.7380028125511688,0.34623658280580216,0.2820964921743833,0.339995188019272,0.814279643008831,0.9264056956287253
0.7364850541013079,0.37352566100688467,0.30734102341051517,0.7119143618325985,0.9508542286442889,0.9266841905520316
0.7221022112910331,0.34798260553272947,0.280126555463071,0.3205943443461827,0.809859753506089,0.10452985973977798
0.7396507142871895,0.3479706693241478,0.28011626505861426,0.3249092829652347,0.8120696982575737,0.9261396028650255
0.7381325741120577,0.3452388849063782,0.2762953897651157,0.34166262392250135,0.8171185720357244,0.9264182085218998
0.7221883801388915,0.3768214080370733,0.31089672866864804,0.6755292275412872,0.94046748831272,0.9303843084304836
0.7217662996234573,0.34725857686137007,0.28284610249935177,0.3256329464145562,0.815690607734723,0.10451227524919308
0.7397800941228074,0.34936288430577733,0.2852379424733367,0.33195110331872213,0.8101147471312515,0.926152226491768
0.7382623325440503,0.3450956557671823,0.2787199477892341,0.33964332334497227,0.8074798130046474,0.92643094288221
0.7376829380383079,0.3790342033880596,0.3137793367385898,0.6948827773618664,0.9445813854653125,0.9267655797244491
0.7214175253787047,0.34811944104072584,0.2835550793168138,0.3213977839077564,0.8033999150020463,0.10449589775449845
0.7399098369103219,0.34655564931848293,0.2799344693887913,0.35725561755466795,0.8163195920101316,0.9261647947517263
0.7239655590827523,0.3489568583298269,0.2813001797212985,0.31012477198386823,0.8190905227369285,0.9301231322371992
0.7373469397003225,0.3704882392050528,0.30471699240773903,0.6932805045249415,0.9452443688907124,0.9267484160214223
0.7215469080303292,0.35056583457323176,0.2867561607079104,0.3401014502773043,0.8164895877602021,0.10449712689710232
0.7400394758185005,0.3435936762982478,0.27525527575791686,0.3228950651862965,0.8169145771355488,0.9261774737452525
0.7394601614124872,0.346057972355698,0.2813635047083049,0.33027032506919274,0.8154696132596655,0.9265122213210596
0.7369981329150557,0.37164642332654124,0.3061117260101681,0.7073566798714865,0.948372290692646,0.9267345743254329
0.7216766204675551,0.34518432091394313,0.2788861759354602,0.33492692305599947,0.8010199745006048,0.10449836711306297
0.7257427643093366,0.34511292000176363,0.2818619257558341,0.32204838212733944,0.8265193370165207,0.9298620224840559
0.7391240485569202,0.349628881533988,0.28461419084224826,0.33412439680979755,0.809859753506089,0.9264949468844649
0.7371275002350903,0.37869574143039764,0.3147972881955568,0.6924287386673942,0.9544581385464426,0.9267470872186073
0.7218062922291382,0.3440517077413965,0.2763228306075743,0.31060914680579677,0.80200594985115,0.10449957410895325
0.7412372489925945,0.3449775792017323,0.28074951559268957,0.3357408458896658,0.8054058648532418,0.9262585750103935
0.7387752079795793,0.34687620875120045,0.28207828631255355,0.3213735214863598,0.8117977050573018,0.9264811051884755
0.7372570897067172,0.3781298621589612,0.3187564223726301,0.6916921299654128,0.9410284742881458,0.9267597108453496
0.7075095284674173,0.34576213818188944,0.28107880587926226,0.3202103150870528,0.8069698257543223,0.10600540667895875
0.7409011298792354,0.3495587589904628,0.2829437287607685,0.318342386605047,0.815979600509877,0.9262414777475074
0.7389045252372846,0.34647018098732185,0.28380178297658293,0.3224589769509778,0.8274543136420789,0.9264936180816499
0.737386769916319,0.3747661255835753,0.3110977846502455,0.7003972167389108,0.938716532086687,0.9267722237385241
0.7230039787328226,0.34688089669890887,0.2787547765099539,0.32095677171130355,0.8061198470038562,0.10453840837122104
0.7405522329817744,0.3483012483064297,0.28121680181436215,0.3221420962263517,0.8175605609859531,0.926227636051518
0.7390340402411946,0.3464141258627782,0.27917667955128944,0.33596595827411524,0.8071738206543841,0.9265062417083921
0.7230899366931132,0.3767753706741659,0.31275241670232773,0.6954041613110318,0.9486272843178085,0.9304411590442512
0.7226677954771028,0.3454605486672444,0.2783289155185948,0.32694891473712584,0.80266893327655,0.10452081280727933
0.7406814757717619,0.3484986123352956,0.2830083729168914,0.334765822166299,0.826077348066292,0.9262401489446925
0.7391636171972391,0.34527021655994106,0.2790487101868231,0.32856004276221995,0.8222354441138577,0.9265189760687025
0.7385843541051149,0.3779224803684591,0.31096242816006403,0.666592873431922,0.9361665958350613,0.9268535021773736
0.7223189170401256,0.34315759524946055,0.2779167749927324,0.31203407762315005,0.8096557586059134,0.10450445745929829
0.740810980763206,0.3479193039352407,0.28270942595470544,0.3362444003344005,0.804453888652688,0.9262528279382187
0.7248668556257445,0.34332917199007384,0.27560224428294017,0.3284205437665293,0.8249893752655453,0.9301801046578917
0.7382480647798322,0.37492171109447703,0.3143315838701385,0.7033334065309278,0.9427964300891745,0.9268362720342059
0.7224481060131076,0.3476330602082314,0.2806714145835562,0.33649317949978674,0.805949851253672,0.10450566445518855
0.7409405295591887,0.34498631680678604,0.2794719326186122,0.3340410865641501,0.8187845303866652,0.9262653297580363
0.7403612695959598,0.34621462883558424,0.28074503019635655,0.33126274149398616,0.8159456013598856,0.9265999666002753
0.7378991303356219,0.3741823384234099,0.3099096470970289,0.6977779076715196,0.9445813854653125,0.9268223860447895
0.7225775897280613,0.34644524475288674,0.2828798758847784,0.3349483661125532,0.8048958776030304,0.10450689359779242
0.7266436925813098,0.3466008338396448,0.28168118542130427,0.31695525910221023,0.8187845303866652,0.929918939537964
0.7400249239505565,0.3458331135671603,0.2829938609499248,0.32823966761356305,0.8148746281342483,0.9265828250439622
0.7380282404604337,0.37334960908201725,0.30922204126192776,0.6977746117943084,0.9465363365915209,0.9268348989379638
0.722707027761138,0.3436552722122454,0.27693761131319433,0.3192603876817266,0.8114917127070385,0.10450810059368269
0.7421380736981207,0.34616326165874894,0.2795983189801388,0.3139471556520106,0.8069358266043309,0.9263465639034587
0.7396758574669495,0.3445412853894907,0.27702996034480243,0.3262916453443927,0.8161495962600611,0.9265688061742642
0.7381576891317558,0.3735802249993197,0.3096312802797453,0.7149161514939237,0.9426604334890953,0.926847633298274
0.7084101319600196,0.3466677613554985,0.28241681144695274,0.3346086525036338,0.8002889927751085,0.10601066652343472
0.7418016135351344,0.3513003065331361,0.28772793637638494,0.33366615074937345,0.8080917977049467,0.926329400200432
0.7398049588308533,0.34559993912462106,0.27890860358113684,0.3250104624246768,0.8185295367616163,0.9265814298010063
0.7382871753498259,0.37186254808588165,0.31079065950354884,0.7034275177235798,0.9504462388440515,0.9268600908246645
0.7239044295353172,0.3461585737110406,0.28217670385410304,0.319437689991934,0.8030599235019054,0.10454690163588011
0.7414525914818464,0.34802630070971097,0.2827289509856517,0.32301093711041395,0.8145856353590943,0.9263155585044426
0.7399343668265317,0.34463186898319703,0.2780326071159789,0.32868214905648374,0.8166595835103863,0.9265941641613166
0.7239903014509772,0.3738856514078558,0.3112028002507483,0.6805052079426512,0.9538971525711304,0.9304981868317274
0.7235678911499401,0.34528001977019473,0.27955188046450863,0.3128620178623045,0.8170675733106236,0.10452931714529519
0.7415815895921933,0.34652303929626577,0.2808621814887195,0.3189553006382049,0.8215894602633398,0.9263280160308329
0.7400637566746155,0.3487098310196887,0.2815993905173077,0.3210552509339941,0.8223374415639455,0.9266067324212751
0.739484556160404,0.37676876606744014,0.31348672245217424,0.6901776148229022,0.9405864853378034,0.9269412031631623
0.7232187630270883,0.34853122235751277,0.28227274689124293,0.30938546304513603,0.8029749256268133,0.10451293965060059
0.7417109606669032,0.346650495332989,0.279549505960099,0.32317295131548596,0.8029239269018262,0.9263405289240075
0.7257669265803068,0.3483159540157743,0.28095690513540583,0.3320269482039395,0.81893752656174,0.9302370770785839
0.7391479727189298,0.37758145809763227,0.3175564122973653,0.6925564042726164,0.9421164470887788,0.9269241501937033
0.7233477120137732,0.3471703390294461,0.28223369660801334,0.30765508779998485,0.8019209519761716,0.10451416879320442
0.7418403592758946,0.3446154575903613,0.27731756167790694,0.3478215462770744,0.818223544411353,0.9263530971839657
0.7412611024415616,0.3479689654285848,0.28170968168759086,0.3390692450697945,0.814925626859349,0.9266877340262049
0.7387988192520232,0.3774051934093105,0.3129294620353088,0.7034877965381139,0.9426604334890953,0.9269100870305782
0.723477012375441,0.34755931532219775,0.28463899277099747,0.35945396765441995,0.8036889077773139,0.1045153757890947
0.7275434694196776,0.3473758023730027,0.28124899197551195,0.3346700034709955,0.8254993625159841,0.9299759119586565
0.7409244689377568,0.34964550569027814,0.2857025905781134,0.32030573668871654,0.8147386315341691,0.926670681056746
0.7389278298779529,0.37539807595326347,0.3128423902335093,0.6873752058781613,0.9428644283892709,0.9269227106573205
0.7236062880188339,0.3650383068978019,0.3085671556903311,0.3134519798830775,0.831959201019913,0.10451657171162819
0.7430376280720079,0.3888086959391753,0.3483001996859049,0.3291304280665468,0.8400679983000146,0.9264342648892475
0.7405753092130594,0.41094645087136294,0.385952218986323,0.3430423257742723,0.8271483212919293,0.9266566178936207
0.7390571127178056,0.445348352597604,0.4648527198589002,0.7060630282114781,0.9405864853378034,0.9269352899906356
0.7249424225235428,0.4485740897237433,0.4709001253077858,0.7345755428359404,0.9393115172119906,0.10651120439712403
0.7135410486951073,0.4534761418326243,0.4769898836107712,0.777287093579127,0.9421504462387702,0.10523459031270253
0.6821960713899591,0.4544062757137597,0.4724143897977408,0.7641002491484625,0.9392605184870035,0.10533385188298153
0.6825210863655022,0.4449188850951834,0.4634922824401282,0.7618214478772705,0.9350616234594327,0.10533298816115179
0.683242582483734,0.4456923607085045,0.46081720224859013,0.7472473568156777,0.937594560135949,0.10537050469396139
0.6826108662718449,0.4388080147385357,0.45576531574157864,0.7523691500016063,0.9393965150870827,0.10533332036185554
0.6824935505192311,0.44246066262978706,0.4556670199354341,0.74257412060536,0.9412324691882077,0.10533409549683094
0.6960614893504111,0.4390919109158344,0.4523387651080831,0.6913015883705886,0.942354441138832,0.10672104450832293
0.7439179923030221,0.43878232221047714,0.45533311078625704,0.7091097688728383,0.9486782830429092,0.10512265528557567
0.7435161388464833,0.44086148602077957,0.4515935098118957,0.6785554781708296,0.9498002549935336,0.10510533101887538
0.7435930846485999,0.4405446562062617,0.4539179256357808,0.7204541385238132,0.9412324691882077,0.10510558570608158
0.7304343646943456,0.4393988284564791,0.45203902598041595,0.6955044274551019,0.9508542286442889,0.10468315929119949
0.7444590816165135,0.4342689299310586,0.44995920093234265,0.7309609979789125,0.9372375690606987,0.10512431075241602
0.7438057128208655,0.4370219173892072,0.450288085729348,0.7249467368373486,0.9372885677857994,0.10510643835455453
0.7294565685297578,0.4372485837731428,0.4519692295392775,0.7036634707643978,0.9412664683383127,0.10660505109593196
0.7458667655169915,0.44076546712538234,0.45444933387935715,0.6979461959561017,0.9418954526136076,0.10516044311562665
0.7440189157712642,0.4427336864157758,0.4580588638934869,0.6852615955611603,0.9400764980874783,0.10510730207638426
0.7440953077588479,0.43693836750499165,0.45124350945554303,0.7002074059790468,0.9409264768379444,0.10510753461687687
0.7309365086435342,0.43821090036165855,0.4543828442144938,0.7000085811935579,0.9438674033149255,0.10468513034870838
0.7449611733131452,0.4411549744328057,0.45551861340983213,0.7028119431630344,0.9455163620908706,0.1051262485898545
0.7443078286099922,0.43931676970437217,0.4526790133518064,0.7158212470273075,0.9350616234594327,0.10510839833870662
0.729958619237856,0.43902818021558054,0.45280882756100194,0.7084189847768991,0.9400254993623776,0.10660687819980257
0.7463687968259363,0.4409515368118859,0.452475316818605,0.6966180765681516,0.9432044198894118,0.10516240309977876
0.7445209627246872,0.4400176733125507,0.4524011688900789,0.691064205792667,0.9396175095622539,0.10510925098717955
0.7445972974534811,0.44061712987535384,0.4541147607188798,0.6893545985448823,0.94046748831272,0.10510949460102897
0.7314384933319333,0.43911791633132585,0.4547059299794771,0.710651048126677,0.9359116022098988,0.1046870571127901
0.7454631598788821,0.43438529902508927,0.44652961576720507,0.6920838628411567,0.9427964300891745,0.10512823072072018
0.7448097870156682,0.4363944368399886,0.4490159153327159,0.7207073651379661,0.935758606034824,0.10511034724950191
0.7304605476061337,0.4403705209404116,0.45322385675735744,0.6985239672021304,0.9354016149595736,0.10660867208360278
0.746870626946889,0.44252854132343666,0.4555052889164074,0.6988557786476159,0.939005524861841,0.10516436862060925
0.7450227928456408,0.4381009248988274,0.45190776422658596,0.7035258381088145,0.9418954526136076,0.10511121097133166
0.745099109739729,0.44241153036318653,0.45746611428599504,0.6984841784194142,0.940178495537566,0.10511144351182428
0.7319402977959424,0.43904811561487445,0.4513630314895849,0.6859935582675551,0.9439184020399125,0.1046890170969422
0.7459649252316951,0.43422011949153183,0.44983768686440007,0.7083442517538732,0.9405864853378034,0.10513017963151548
0.7453115054350472,0.43825779771802437,0.4500073417516095,0.7153469980931961,0.934347641308932,0.10511229616029721
0.7309622801055422,0.4344338931253053,0.451163695297255,0.7120469116895909,0.9406714832128955,0.106610465967403
0.7473722295971275,0.438680982440793,0.45390316245120566,0.6869298653610334,0.9358266043348067,0.10516631199472615
0.7455244987494365,0.4378826725049435,0.45181053083852185,0.7050837158768006,0.938716532086687,0.10511315988212695
0.7456007227153236,0.4439868291912461,0.45768788520678877,0.6949247898689659,0.9463663408414504,0.10511339242261958
0.7324418863661513,0.4364099989669351,0.45289853548766335,0.7082731719923343,0.9345006374840068,0.10469096600773749
0.7464664693715855,0.4360208134865855,0.44819071750272255,0.7023287993313896,0.9441223969399744,0.105132117468954
0.7458131027661632,0.4356597592683426,0.45076170285609407,0.7030064396278486,0.937594560135949,0.10511422292437896
0.7314638502152659,0.44255368853339794,0.45679513086710977,0.7066849165608975,0.9431364215893154,0.10661229307127361
0.7478737017724182,0.43495086362116464,0.4482231655215939,0.701727877526156,0.9346026349340946,0.10516824429548627
0.746025967795831,0.44420774738605795,0.4569092522759097,0.6918611330185467,0.9450403739905369,0.10511509771956548
0.7461022221120057,0.440880455938852,0.45267332498833435,0.6950372467877806,0.9385465363365029,0.10511534133341488
0.7329433012826505,0.438930559336527,0.4514239877269463,0.7030712453098775,0.9397705057373287,0.104692903845176
0.7469678749013977,0.4365748566734187,0.44960602438860375,0.6756316777003768,0.9395155121120524,0.10513406084307092
0.7463144394602717,0.44260847065307185,0.45582864028591086,0.6972872587700811,0.9399745006373905,0.10511618290853103
0.7319651825289202,0.4407664218790346,0.45628246987591,0.7079754311811506,0.942354441138832,0.10661408695507382
0.748375041595422,0.44130278245609056,0.4553963025283292,0.689176938850399,0.9409774755630451,0.10517019874295998
0.7465272012363813,0.4403130819594506,0.4487449367478329,0.6934239744570312,0.9400764980874783,0.10511703555700397
0.7466034399080788,0.43811733807959136,0.45197662219842005,0.7079044308383398,0.9422864428387356,0.1051172791708534
0.7334444937346682,0.4371815543453825,0.45091738251880464,0.6992615289288475,0.9489842753930589,0.10469484168261452
0.7474691208575308,0.4455996387526855,0.4574221788716296,0.6972556898257105,0.9486782830429092,0.10513600421718781
0.7468156375443011,0.43843310407683744,0.45115247350628107,0.7109395763654154,0.9349766255843406,0.10511810967261276
0.7324664144050232,0.43897105590998053,0.4532431263652902,0.7204854692119997,0.9408244793879703,0.10661590298558764
0.7488761301681035,0.4437478994078704,0.4569476409825472,0.6970083401974281,0.9388525286867662,0.10517211997036327
0.747028311711333,0.4419692684466541,0.45750503420167266,0.7052947314370339,0.938291542711454,0.1051189733944425
0.7471045472541342,0.4431566583750901,0.4563303539441408,0.6996052531835297,0.9398215044623157,0.10511920593493512
0.7339455813686806,0.43754112458322947,0.4502159298347227,0.700783469722424,0.9446663833404045,0.10469680166676662
0.7479701374656123,0.4382242275783704,0.4507651335811452,0.6984014241048626,0.9437654058648377,0.10513792544459115
0.7473166425754685,0.4412048504775324,0.45778669894174745,0.721368446629642,0.936880577985562,0.10512006965676486
0.7329673540422719,0.44387312589814343,0.45789171232887926,0.6896213660521551,0.9458903527411167,0.10661768579603106
0.7493770945236271,0.43677308427159933,0.4514904773918096,0.6786019381266957,0.9426604334890953,0.10517406334448019
0.7475292698090654,0.4433027589269556,0.45408824453429053,0.6983351094670023,0.9465023374414159,0.10512091123188101
0.7476054653020019,0.44470211668169546,0.45812930663895757,0.6997367308876947,0.9463663408414504,0.10512114377237364
0.7344464368386361,0.4361981402042508,0.4521597343813143,0.6723175341819199,0.9387505312366784,0.10469869521077797
0.7484710023222543,0.4395210583791094,0.45442097174335316,0.6867593533520682,0.9337356566085191,0.10513985774535127
0.7478175387210668,0.4445453511381897,0.4575953972861504,0.7244313887115095,0.9336166595835493,0.10512198534748979
0.7334681869841773,0.43948610438303803,0.4553902378917871,0.7087950721632315,0.9411304717381199,0.10661947967983128
0.7503532980803223,0.43921276592168823,0.4508045758523791,0.6937572154396201,0.9427964300891745,0.10519345279222211
0.7489600430821901,0.44186291353840323,0.4521536697447721,0.698578289612066,0.9367275818103735,0.10515935792666109
0.7485749129471841,0.43974102718405356,0.4522547322646676,0.70852453226638,0.9385465363365029,0.10514072146718101
0.7339950889460702,0.4368200710243745,0.4511876993057584,0.6923383998643211,0.9393965150870827,0.10466421277772923
0.748964304012302,0.4395050743011105,0.4573402620108909,0.7164792311885924,0.9432044198894118,0.10514175128936261
0.7338845766641828,0.442664844028833,0.4580529232057208,0.7198166841037104,0.9345006374840068,0.10662107424320927
0.7493291779896825,0.4371861403811842,0.45399497308031783,0.6883048020891256,0.9431024224393241,0.1051588153321783
0.7508260642023625,0.4391394429867069,0.45074784715362914,0.6814381794495543,0.9417764555885242,0.10519499198881614
0.7494368798974858,0.4454831623829636,0.46287196308345063,0.6941898489602718,0.9380365490861777,0.10516100785682303
0.7493629240680639,0.44164263184602626,0.45561715268678665,0.6937493926949145,0.936846578835457,0.10517599564524031
0.7354121360668149,0.44219199781272023,0.45818247181039623,0.7062457309951877,0.9480152996175093,0.10470071056171401
0.7503723283366277,0.4383311206530057,0.4555935360182084,0.6990398315497013,0.947386315341987,0.10517842624705605
0.7496937591024286,0.43993423070402643,0.4540836407226089,0.7080538968843915,0.9376965575859231,0.10516196016550709
0.7496518882206828,0.44188060508782145,0.45736439882165436,0.7025153142140423,0.9342966425838313,0.10517384187734437
0.7512792237255166,0.4436492236511861,0.4585134814435623,0.699947309644924,0.9454823629408793,0.10519665299233487
0.7498981254256991,0.44705707735460576,0.4603479321824896,0.7031879908400027,0.9435104122396751,0.10516112966374774
0.7499526846051348,0.4402756713500492,0.45384470732307514,0.7052346114599557,0.9361665958350613,0.10516293462090474
0.7354139927535011,0.44110019946484447,0.4544055312672518,0.7093387330655945,0.9417764555885242,0.10468619339096036
0.7498795717002031,0.4399945482493698,0.45646268254279315,0.6996722428805777,0.9460943476412922,0.10514521725003835
0.7492263239928172,0.4405635188486429,0.4552482944095073,0.6902227643697567,0.9414364640882695,0.10512733377882007
0.7493029537764713,0.4426211470639233,0.45585475806372,0.6765375674210401,0.9466043348916173,0.10512761061273987
0.7508139434863477,0.44258289255241734,0.4567716470007915,0.7215246632675718,0.9407564810878739,0.1051637651226641
0.7494448929992763,0.4443406333606874,0.4579801032997952,0.7094088598023975,0.9377475563110238,0.1051282196473634
0.7495209189060681,0.4387166873667033,0.45216765824949706,0.7062244467760901,0.9441223969399744,0.10512845218785602
0.7354229601684681,0.43821570094884277,0.45129390791323065,0.7041985941535032,0.9409264768379444,0.10466964979591385
0.7503921254852592,0.44098563975413985,0.4558955283575543,0.6880937865288923,0.9407224819378825,0.10514717723419044
0.7497388339733337,0.444803679942403,0.457882471504951,0.7025848056010218,0.9403654908626322,0.10512931590968574
0.7498154856592576,0.44318820636796374,0.4585721933227289,0.7083931736903069,0.9317127071822142,0.10512958167024876
0.7513263908889507,0.4432956250934863,0.45659209834520853,0.6863960920903038,0.9457883552910289,0.10516574725352978
0.7499573084871436,0.4383229140626238,0.4541024986435355,0.6865975774031801,0.9397365065872236,0.10513018516819388
0.7500332812027084,0.4422640441669755,0.45931044993981174,0.7000426121184959,0.942354441138832,0.10513042324536491
0.7359353528153965,0.44152232215826964,0.4537427373210694,0.7045413653834494,0.9396685082872409,0.10467162085342276
0.7509045002974828,0.44064759617167387,0.45663207182548254,0.6890309672283783,0.944836379090475,0.10514914829169933
0.7502511211764786,0.44407378507865936,0.45790530021345305,0.6867597107363439,0.9382405439863533,0.10513127589383785
0.7503277822490899,0.4440663294181163,0.4572802353893498,0.7067018724593204,0.9414364640882695,0.10513153058104406
0.751838671834304,0.4417589008160784,0.45656676852747563,0.7092960852086709,0.9421164470887788,0.10516770723768189
0.7504695869293805,0.4419757693535449,0.456547764524063,0.6905502474945677,0.9421164470887788,0.10513216176238117
0.7505456128361723,0.44195733402600057,0.45834250738723636,0.716622065770858,0.9441223969399744,0.10513240537623057
0.7364475658637142,0.4393971191971316,0.4537275624494881,0.7054879572022004,0.9425584360390076,0.10467359191093165
0.7514166764248316,0.44038000768737606,0.45546108789752193,0.6808109700453606,0.9435104122396751,0.10515110827585143
0.7507633066905153,0.44318734816243355,0.457380368293425,0.686772854535824,0.9393965150870827,0.10513323587798995
0.7508398738962558,0.4385457435526684,0.4541615956492563,0.6862690221255414,0.9447343816403873,0.10513347949183936
0.7523508126051324,0.4411107500290807,0.4572023911312525,0.6912424214182462,0.942354441138832,0.10516965614847719
0.7509816566742771,0.4435274121037518,0.4548172846745262,0.68553948169035,0.944496387590334,0.10513409959981969
0.7510576200031558,0.43844930270621885,0.4545270453351944,0.7045023707880129,0.9433064173394996,0.1051343432136691
0.7369597019411991,0.43657123790676666,0.45188268673314713,0.696164198537766,0.9434084147895874,0.10467555189508372
0.7519286701375636,0.441798331784332,0.45706505146065435,0.6805153338304681,0.9383765405864324,0.10515306826000353
0.7512752941454552,0.43755764503968464,0.4530332301799156,0.6761494878067833,0.9398725031873028,0.10513519586214205
0.7513518676089874,0.44459373962666415,0.45752890762128706,0.7260589961226589,0.9416914577135458,0.10513545054934824
0.7528627656422207,0.44024157555950805,0.4539751855435709,0.6948548616789825,0.9479303017424172,0.10517162720598608
0.7514935377467649,0.4469238677649743,0.46112419680639777,0.6830744037926892,0.9464513387164288,0.10513608173068535
0.7515695448801831,0.4453052992868419,0.46125467502689355,0.6965676456758867,0.9466553336166044,0.10513631427117798
0.7374715470313871,0.43951083142987524,0.45409748535821876,0.7012655016918772,0.9337356566085191,0.10467751187923582
0.7524405199210951,0.4399122749458803,0.4540065932780719,0.689105978216952,0.9425074373140205,0.10515503931751241
0.7517871501867783,0.44262424017968827,0.45679737743867554,0.6992588684014602,0.9393965150870827,0.10513715584629414
0.7518636132002938,0.44302643462553226,0.45770965149721043,0.6883969675229422,0.9417764555885242,0.10513742160685713
0.7533745412709258,0.4393984065054268,0.4534381110702326,0.7038094423864183,0.9385975350614899,0.10517357611678138
0.7520052489202191,0.44699154084688225,0.4628058718253675,0.6979033495523586,0.9454483637908879,0.10513803064148068
0.7520811872179327,0.4431890556338529,0.45791638034868287,0.6902713289219145,0.9451763705907297,0.1051382521086165
0.737983211271406,0.4391323002135966,0.45365909403095006,0.7048846528351276,0.9393625159370913,0.10467948293674471
0.7529521716455312,0.44063683284398336,0.45405962564725055,0.7008310415404821,0.9422014449637572,0.10515698822830771
0.7522987393333009,0.44401431858713336,0.46258673702943565,0.6978906028465182,0.9376965575859231,0.10513911583044624
0.7523752533478154,0.4412280828164046,0.4556129340016592,0.7154384884678251,0.9407224819378825,0.10513934837093887
0.7538861595161781,0.4462133719220682,0.459881566059142,0.7142839784192314,0.9364215894602239,0.10517554163761186
0.7525167952008709,0.44597199267707527,0.46019688289191263,0.7085131753882792,0.94046748831272,0.10513997955227596
0.7525927272407933,0.446448037496716,0.4620041445814663,0.7121290306543187,0.940518487037707,0.10514021209276861
0.7384947891539042,0.4424844241954028,0.45868526116693253,0.703223729267592,0.9400254993623776,0.10468139862746963
0.7534636115437312,0.4428372718232637,0.45486608950509333,0.6984530462780474,0.9406714832128955,0.105158937139103
0.7528102199071438,0.4443080287022549,0.4592733870424038,0.6979376981522083,0.9416064598384537,0.10514106474124155
0.7528866159622924,0.4429505549532423,0.4571155827206021,0.7125229872544458,0.9387505312366784,0.10514131942844775
0.7543975859601262,0.4419253569303619,0.4556672855399543,0.701178379347287,0.9421504462387702,0.10517748501172877
0.7530281421708698,0.4444437968171231,0.4603398887922727,0.7060002079976484,0.9433064173394996,0.10514191738971447
0.7531040498054056,0.4452027794845539,0.45604513010349673,0.6936754538591685,0.935758606034824,0.10514218315027749
0.7390060973255967,0.43928768011275676,0.45412835081682457,0.7012734435646748,0.9451763705907297,0.10468336968497852
0.7539748934326997,0.4416970921386264,0.45582994617480127,0.7207994908624187,0.9414874628133703,0.10516088604989832
0.7533214267026174,0.4422635077885192,0.4541019674344954,0.7093654971769225,0.9481172970674834,0.10514299150532326
0.7533978656236364,0.4448264849664383,0.463035553334118,0.6907530829258193,0.9464513387164288,0.10514325726588628
0.7549087739822249,0.4405037394696841,0.45704988986929906,0.672334212114795,0.9400254993623776,0.10517942284916729
0.7535393793166305,0.44692088192490065,0.45996667017412185,0.6927086896835111,0.9437654058648377,0.10514387737386659
0.7536152268763696,0.4466587180147246,0.4606689063915381,0.697644960720887,0.9375265618358526,0.10514410991435919
0.7395172650098734,0.44303208447860565,0.45654302791012136,0.6793974755248358,0.9475223119421798,0.10468530752241703
0.7544859600536475,0.4446020463410246,0.4558881356984117,0.6802919686580347,0.9397705057373287,0.10516281281398003
0.7538324933235647,0.4414329078695981,0.4567158479178619,0.7006316608238972,0.9382065448363619,0.10514496256283214
0.7539089510179582,0.4435472330756416,0.46110044733555944,0.696963945128489,0.9400764980874783,0.10514521725003835
0.755419894733067,0.445820876986643,0.46198976652344526,0.6978341361309268,0.9463663408414504,0.10518138283331939
0.754050323910648,0.41977374913057525,0.3789182565347454,0.7029593443221587,0.9243178920527271,0.1051458152113051
0.754126202759343,0.40490751601742286,0.35167911636209276,0.6975192408745003,0.9302167445813438,0.1051460477517977
0.7400282987774172,0.3746309939711419,0.3142595519242892,0.7083247941655193,0.9327156821079825,0.10468724535985555
0.7549969681642459,0.3501787767274256,0.28641499723527825,0.6819306152723723,0.942252443688858,0.10516477279813213
0.7528607168413419,0.32301821838033806,0.2573313841798068,0.3214411068238676,0.8328601784954799,0.1051103804695723
0.7535569784160603,0.3206568658641563,0.2556983878292572,0.31739305484018043,0.8172205694856984,0.9276285264192107
0.7520387881785977,0.319770852686911,0.25698072202552485,0.3204058439953308,0.8164895877602021,0.9279073535432205
0.7505206573901524,0.31887013201239295,0.2543986421500119,0.32318962924836114,0.8187845303866652,0.9281858041730996
0.7490023976912061,0.31799328375503827,0.2538635453236628,0.3341742320616028,0.822881427964262,0.9284644541234007
0.7474842074537436,0.31767507008410306,0.25122763958546745,0.3191603995032042,0.8144836379090066,0.9287429490467068
0.7459660578919247,0.3166488118198073,0.2540886141672477,0.3224878456585971,0.8077348066296963,0.9290216654371489
0.7444478488810882,0.31677712069827607,0.25342581136758124,0.32415317696553525,0.8146876328090684,0.929300271094023
0.7429296993192693,0.3175544340994522,0.2537952074940138,0.3372703314624004,0.8108797280067392,0.9295789321176811
0.7414115059529109,0.31577878450848906,0.2522292320173677,0.32505318970032815,0.8072758181044719,0.929856541172444
0.7398932500086395,0.3145788200811083,0.2516421552797508,0.3155905673900272,0.8073778155545597,0.9300957810459244
0.738375131735777,0.3151259439858548,0.2530936175809298,0.3276477201245904,0.8068848278792302,0.9303350762861886
0.7368569102093572,0.31236879512484905,0.2515746076235491,0.34858892973614686,0.7969910752229907,0.9305742607928851
0.7353387137141034,0.3101005838336463,0.24692839660704388,0.3530155310867338,0.8025499362515802,0.9308134452995815
0.7338205547655976,0.3074730231137277,0.24638538365931048,0.34015565355914834,0.7945601359965622,0.9310526298062778
0.7323023833015085,0.313589221496375,0.24999438467777102,0.33621708029197683,0.8016149596259083,0.931291925046542
0.7307841492595073,0.3113715236462979,0.24922261098362336,0.33937385560094846,0.7987760305991287,0.9315311649200224
0.7292659558931489,0.3074834669386511,0.24751336178872602,0.327744174169718,0.8101657458563523,0.9317704047935025
0.7277477500112077,0.3073080545556965,0.24552363643398128,0.32256778060830515,0.7963450913727002,0.9320097000337669
0.7262295597737451,0.3066196199586996,0.24797642556254038,0.33297203106685935,0.8016999575010004,0.9322489288338904
0.7247113757940737,0.3045822373482536,0.2435711134190176,0.3325397946398474,0.7825584360390394,0.9324880690471598
0.7231931480098632,0.30508971805767066,0.2462159899498791,0.34297303293411274,0.7986740331491546,0.9327274750209918
0.7216749765457746,0.306054805398499,0.24533445297443196,0.3449262968393292,0.7914322141945149,0.932966615234261
0.7201567393748767,0.3062679428874232,0.24643947401982744,0.3463129081204339,0.7876243093921858,0.9332057775942438
0.7186385835552671,0.3014491138294851,0.2410024941592459,0.33987328027182806,0.7861623459413067,0.933445028541081
0.7171204058333869,0.3038488306359636,0.24615029045846304,0.3478646309370017,0.7872503187420534,0.9336843237813452
0.7156021968225508,0.30118205242641705,0.24244709390363697,0.3463972905189088,0.7762855928601766,0.9339235082880416
0.7140840128428785,0.30161429550855634,0.24308430238773593,0.3419491269836765,0.7770505737356643,0.9341628035283059
0.7125657631563986,0.29825119657987936,0.24235632798563714,0.3555092394358299,0.7796685082872727,0.9344018773014344
0.711047582305623,0.30039962412028126,0.24100909000482823,0.34485752022090166,0.7756906077346457,0.9346412832752665
0.7095293858103688,0.2960933910343054,0.23717950664580134,0.37342793109805905,0.7797195070122598,0.934880467781963
0.7080111611550541,0.2977417976023097,0.24101990674890902,0.3449817311114567,0.7710667233318418,0.9351197630222272
0.7064929834331743,0.2943322345680253,0.23718082581491778,0.3509395652467937,0.7664428389289242,0.9353589475289237
0.7049747963246076,0.2962336355849774,0.23899614417491435,0.3509130393916493,0.7752146196344256,0.9355981320356199
0.7034565716692929,0.29345645209466337,0.23680932034592153,0.35931760569848437,0.7759286017849263,0.9358374272758841
0.7019383407561866,0.2946333981981761,0.23832542636054915,0.36241124311871475,0.7684317892052377,0.9360767225161484
0.7004201505187235,0.2918259490170847,0.23684098261808761,0.3591879546250629,0.7513472163195729,0.9363159070228448
0.6989019383789912,0.2921968085910951,0.23864416285151593,0.37035148783243543,0.7703527411814548,0.9365550250894006
0.6973837825593812,0.2894952889701387,0.23472698090839134,0.372881649377673,0.7554101147470647,0.9367942760362375
0.6814396599250361,0.29103947069601793,0.23389056128742403,0.3501517314652671,0.7570760730981192,0.9404900753055411
0.6948199185206216,0.29350803131978176,0.23802911795793327,0.3669549076743388,0.7460263493411503,0.937299110372362
0.6928228883488603,0.2839901561680179,0.2320071684889276,0.37334839324199054,0.743493412664634,0.9375117188227587
0.6913046855958154,0.2833724841928375,0.22937126496410332,0.3804029603013179,0.7535231619209526,0.9377509033294552
0.6907254503508624,0.28979602564303825,0.23736367682003393,0.3611112776698324,0.7530811729706102,0.9380460082879486
0.688262363348028,0.287632039480029,0.23409346543380719,0.3625462946656388,0.7605609859754168,0.9382290508757121
0.6867438070297731,0.2818794550924111,0.23267999785922755,0.3657712509525779,0.742082447938742,0.9384682353824085
0.670799710678152,0.28400081400794536,0.23171983309234884,0.37242380041088885,0.7447173820654598,0.9421558292943293
0.6841799836666578,0.2831156518845174,0.23080241073286614,0.3624961020295576,0.7463323416914136,0.9389729589849649
0.6821829347215225,0.2797636369663307,0.22777151565935633,0.38887884462587574,0.743493412664634,0.9391856781689295
0.6806647476129557,0.28148451069536856,0.23220822668389612,0.37448285006176985,0.7443093922652224,0.93942491804241
0.6800854779501497,0.27905964381824366,0.22833827365118609,0.36759343424726976,0.7490012749681227,0.9397199676341194
0.6776224284940637,0.28023168795904385,0.23022773551296663,0.3638705622452818,0.7511432214193974,0.9399031209554508
0.6761038540282147,0.27647470909425026,0.22743378180508989,0.39212198780152163,0.7175520611984894,0.9401423054621472
0.6601597623699362,0.279202658406057,0.22653905313847816,0.3768437305883259,0.7204929876752431,0.9438217604568263
0.6735400118917254,0.27872693541349003,0.22787283493028787,0.37044059564522525,0.7314407139821242,0.9406469183311358
0.6715429473021111,0.27438169778013344,0.22292662139496644,0.3783853275170763,0.7394475138121379,0.9408596375151005
0.6700247289045866,0.2735357547554688,0.22377886883196027,0.3710691948771585,0.7235869103271853,0.9410989327553647
0.6694454595546713,0.27612175419069807,0.22910820139391905,0.37333076228437956,0.7188270293243022,0.9413938716135063
0.6669824348168607,0.27437914104282485,0.22386356790004697,0.3746914830601642,0.7323076923076997,0.9415769695680537
0.6654638503385448,0.2709781047095852,0.2239015626266463,0.3921127752290765,0.7050403739906415,0.9418161540747501
0.6495197189432926,0.2761694972370967,0.22682797109532246,0.3799359781808165,0.7385805354865624,0.9454875808857554
0.6629000175887434,0.27179122316065013,0.22160260056927014,0.3610928128155779,0.7064173395664284,0.9423208223105225
0.6609029248390681,0.26894114852001205,0.22358678364302892,0.39246499728765194,0.734177645558816,0.9425334861277034
0.6593847095704404,0.27297797390475903,0.22545249824734215,0.3707614473062497,0.7102082447937619,0.9427728921015355
0.6588054580552298,0.2709702181583489,0.22302662149678149,0.395262839655534,0.7038334041648113,0.9430678863264611
0.6563423685492795,0.2678786561030625,0.221234258007434,0.3960447964511902,0.7061113472162788,0.9432509289142247
0.6548237746842762,0.26737543835082367,0.22172555554173426,0.38628185222104605,0.7057543561410284,0.9434902241544889
0.6388796745779803,0.2686802683422748,0.2244308548875459,0.3865070837335871,0.6877178070548098,0.9471536227818204
0.6522599919968046,0.2661976406571151,0.21880706208775685,0.3895983783013426,0.6985125371866161,0.9439947705833367
0.6502629117627126,0.264864039325266,0.22093056137241748,0.3776155217868007,0.696642583935386,0.9442074454738741
0.6487446245294839,0.2689349676522669,0.2237994531822675,0.38112888718438653,0.7198470038248388,0.9444465856871435
0.6481653270195076,0.2626109601642806,0.21691126777154307,0.39651702020773816,0.6928346791330569,0.944741734939064
0.6457023711174017,0.2631239829147013,0.21854241595730706,0.3818586261663979,0.6934976625583431,0.9449247775268275
0.6441837772523984,0.2634087337216737,0.21901814685335888,0.38514179638094426,0.6943476413089229,0.9451640174003079
0.6282396155068586,0.26569186437963954,0.22137357421833584,0.39214958580949366,0.6877688057797968,0.9488193435505383
0.6416199288581179,0.2639147227626037,0.21752024360184163,0.40261963468417594,0.7018614534636072,0.9456686856360804
0.6396228142061737,0.25920608693714997,0.21505716451149992,0.3889909838697785,0.6967445813853601,0.9458813605266179
0.6381045332307367,0.261997123295063,0.21658277031446288,0.38085584559760344,0.6878708032298846,0.9461205893267414
0.6375252388496557,0.2582947084227044,0.2167658847107281,0.39635087622881127,0.6933446663832683,0.9464155835516669
0.6350622328852191,0.2597367976611325,0.21676430215046255,0.3939606901916324,0.6752571185719489,0.9465987368729982
0.6335436734380684,0.26023298349180873,0.217538450791694,0.40693858394899074,0.6645643858903441,0.9468378770862675
0.6175994522435113,0.25603012215590243,0.21432655066448272,0.3848107791227384,0.6598045048873473,0.9504852636396784
0.6309797655947706,0.2559529659028864,0.21567827625499572,0.38584485067035557,0.6616744581385774,0.9473426449822512
0.6289826978762609,0.25518886797291035,0.21174157016627326,0.39129643012420656,0.6844028899276964,0.9475553087994321
0.627464479478737,0.2545628821316567,0.21358802180276676,0.40053405917815055,0.6752231194220712,0.9477944379393444
0.6268850590031607,0.2527885118033119,0.21142441623557207,0.3973218495970514,0.6556736081597592,0.9480894875310537
0.6244221259419933,0.2546119035467096,0.213674303431119,0.4105078998404359,0.6515937101571581,0.948272651925742
0.6229034820146602,0.2501428340070664,0.20976292494675844,0.4291888524537826,0.6511857203569207,0.9485118253590816
0.6069593140113283,0.25176608864497896,0.21043971182440777,0.39807029168950137,0.6439949001273817,0.9521510951419643
0.6203396430070667,0.24948956616959522,0.2107244110961246,0.4089570903392401,0.6664343391414604,0.9490164935948542
0.6183425878041398,0.24819518125461712,0.20814919377739957,0.4121308612559984,0.6755121121971115,0.9492291684853916
0.6168242880553287,0.24812250197378333,0.21066820917967288,0.41179408614001445,0.6599575010624221,0.9494683972855151
0.616244914513187,0.24828043682232384,0.20955896723577894,0.4017420180306721,0.6525626859328213,0.9497634358038678
0.6137819564208549,0.24544272302321207,0.2070892900864839,0.4117699428467094,0.653718657033437,0.949946600198556
0.6122633500402692,0.24450470437876845,0.2071697638293301,0.41230967252203743,0.6384700382490109,0.9501857293384683
0.5963190988083125,0.2471544318323593,0.20889115115079576,0.4264261131636662,0.6375690607734441,0.9538169044975366
0.6077673979365477,0.24311994863353836,0.2055048440288363,0.41922394639839444,0.6175435614109119,0.9505871385221603
0.5913566158458261,0.24439280689313544,0.21029986883120771,0.43445725261155577,0.6309222269442216,0.9540114633763633
0.588396656144325,0.24044421755238427,0.20522383887331977,0.4254335776107805,0.6156226094346948,0.9540381501662308
0.5868721968515147,0.24065160113081452,0.2024691968477878,0.42251831465358536,0.6242923926901085,0.9542758397697603
0.5853477272333483,0.24133683891221164,0.20723994982376476,0.4316121561005277,0.6166425839353451,0.9545135847400739
0.5838232438480411,0.2395313496937583,0.20513782284948762,0.4330424079726556,0.6262133446663256,0.954751230050176
0.5822987567080582,0.23719450967303124,0.20394045111245573,0.42478365445038535,0.6057968550785517,0.9549889085803488
0.5807742601813897,0.23696986186001961,0.20210032971702446,0.42061464774399004,0.6079048023799487,0.9552266535506624
0.5792497836796531,0.2403240097765344,0.20249373649207345,0.4329695412897372,0.6198895027623621,0.9554643542275486
0.5777252721342845,0.23915494789995143,0.2051372938538184,0.4401318001442007,0.619379515512037,0.9557020881245054
0.5762007884360876,0.2375996828072361,0.2029359569511735,0.42375144924287556,0.5954101147470965,0.9559396669944669
0.5746763322721726,0.23557380998449906,0.2010902954881273,0.4297987882846417,0.6096557586059816,0.9561775226983482
0.5731518914398461,0.23502519315971576,0.20139135157153987,0.4256090929996086,0.5813854653633825,0.9564151569350938
0.5716273435992885,0.2335406889008887,0.20023514410838045,0.43282448298308807,0.5844113897152283,0.9566529019054074
0.5701028930673857,0.2309787773281695,0.19785702526390353,0.43293026872875284,0.6095537611558939,0.9568906468757208
0.5685784256394464,0.23063583482246894,0.1975464671787846,0.4480779615531556,0.6132426689332533,0.9571283254058934
0.5670539228549858,0.23521318129316485,0.2041108983864835,0.4347067068361299,0.5936251593709585,0.9573752169689167
0.5655294726359723,0.23060620885239722,0.19853407553270191,0.42725437107773256,0.6023969400764599,0.9576256962995405
0.56400497829953,0.2283177501684318,0.19918289425438546,0.4339960680581967,0.59167020824475,0.9578759984564554
0.5624805183809403,0.22764466314699894,0.19712166152271865,0.42947491871195376,0.5800254993624776,0.9581262120265163
0.5609560315538475,0.2281934891593802,0.19629289573867204,0.4326312175085576,0.5817764555885105,0.958376580623572
0.5594315822735036,0.22748161303591316,0.19563247009946047,0.4493322612334514,0.5801104972375697,0.9586270599541956
0.5579070619672271,0.23053779378029132,0.20002669768101133,0.448228142367759,0.581555461113453,0.9588773178176835
0.5563826220735697,0.2240145020285655,0.19434433244442878,0.44605059997473684,0.5781895452613526,0.9591276864147392
0.5548581418171579,0.22400192752962073,0.1943749389386275,0.42259713774110197,0.5510242243943821,0.9593779442782271
0.5533336728247704,0.22242705244054167,0.19486649765070585,0.4412521601397643,0.5770165745856275,0.9596305275466414
0.5518091788012178,0.22215849847502242,0.19578418340133766,0.4497328492973647,0.5463153421163724,0.9599291095391671
0.5502847536133699,0.22468673620825275,0.19549763817820617,0.4499836139309503,0.5578240543985657,0.9603319139658147
0.5487603149712705,0.2227009380079169,0.19566096503772445,0.4274346515902392,0.5691117722055878,0.9607629554522806
0.547235827831289,0.2180660434926405,0.1929321796122236,0.4390337568111986,0.5457543561410603,0.9611941962591687
0.545711333807736,0.21806028993973217,0.19133164234740033,0.4499545069671469,0.5576200594983902,0.9616251713054939
0.5441867944151961,0.21856883571797064,0.1913366556327171,0.46568576860472066,0.5560560985975371,0.9620563124521708
0.5426623157232329,0.2153933000394882,0.1907783394378843,0.458005064294027,0.5413514662133139,0.9624874535988479
0.5411378116872134,0.21410019170523617,0.18952952010531038,0.45172030296497523,0.5304547386315335,0.962918539378741
0.5396132591533123,0.2189107090426149,0.19440765698876095,0.45482470162284616,0.5357246068847417,0.963349625158634
0.5380887576204101,0.2178147537617026,0.19196568460428265,0.44340218394354247,0.534568635784126,0.9637808216720949
0.536564267664422,0.21679297246958906,0.19280711529719574,0.4486002985270565,0.5306587335315953,0.9642031041333387
0.5350396735162084,0.21415731243497976,0.19165882063536405,0.45194763907380775,0.5430344241393641,0.9645795428974657
0.5335151866891157,0.21383803494677286,0.18873505271829183,0.47193812709275806,0.5409264768380808,0.9649561477619446
0.5319906670086185,0.2122806350678013,0.18788306424570506,0.45842781018304546,0.5341266468337835,0.9653327526264235
0.5311658006257383,0.21164804283189376,0.1877371544025919,0.4445659859833093,0.5344156396089375,0.9658998635211432
0.5476447866969858,0.3530047688693382,0.26570823246079445,0.4638687078179835,0.5171270718230971,0.9632904934333674
0.5459065368471712,0.4404836967946989,0.32722113439956135,0.4538644100735192,0.4951976200594572,0.9637262853898968
0.5445893606341672,0.48474578110631206,0.3681281968547378,0.4533340518080926,0.5127071823204687,0.9640456299264067
0.542852099515382,0.5283232677148193,0.42442099431973745,0.4613440658743404,0.5110582235444099,0.9644815436898608
0.5415333901435031,0.5295202498779829,0.4401084604911284,0.3073696171822735,0.5327666808329923,0.9648005670990241
0.5314621696228286,0.5417948417485094,0.44947805834419396,0.32498171284514954,0.5540671483213373,0.6220953449009492
0.5270414030045241,0.5442862124025074,0.4516243863373566,0.30518929513377246,0.5229069273267442,0.6217030823099672
0.5226206395151158,0.531569144064066,0.4461408260840637,0.3002069215248062,0.522396940076419,0.6213109083058395
0.5181999354747249,0.5292760904046578,0.44052310234755876,0.3010886679521647,0.5275308117296618,0.6209186900082846
0.5137791845008985,0.5340644481600771,0.44739149136805223,0.29282348151292825,0.5014364640883286,0.6205265270775137
0.5093584898471946,0.5322637541650235,0.44918675658678175,0.29808870492158257,0.509698257543505,0.6201343641467427
0.5049378452558209,0.5270248206269985,0.4447115196266025,0.31622500389846686,0.4928176795580157,0.619742190142615
0.5005171286998471,0.5316825344697358,0.45084719652437,0.30342476983559186,0.49762855928599947,0.619349927551633
0.49609647785068267,0.5329407889318949,0.4519899466918448,0.2972054892477567,0.4571185720357107,0.6189577092540781
0.49167578945476986,0.521870634885075,0.4443604679190244,0.290603251553619,0.46804929876748247,0.6185655463233072
0.4872552168279962,0.5225284851824915,0.445038047183492,0.30784168210136564,0.41839354016144625,0.6181734166126066
0.48283453781877084,0.5203361455179019,0.4441756403736046,0.28492453453775557,0.43031024224387693,0.6177812093884085
0.47841394954751904,0.5205440636868602,0.44283736986540534,0.2931510837658311,0.42179345516365174,0.6173890575309945
0.47399338317853745,0.5179890785479406,0.44518040013940696,0.28838703224007234,0.43059923501914454,0.6169968724535099
0.4695727636183289,0.7154005769072125,0.6622245122250456,0.2994284591531813,0.34624734381634426,0.6166046984493821
0.46515223166719943,0.746260878961946,0.7333580729187993,0.3038104668880095,0.44474288142794194,0.6162125133718978
0.46073169345827836,0.7795011101067325,0.7466947177502659,0.29921958789860303,0.42396940076491774,0.6158202950743428
0.45631113021819214,0.7745063360420327,0.7659566010182304,0.2944890510760505,0.5022864428389084,0.6154281875103559
0.4518905857514799,0.7925762468233433,0.7593349253963383,0.24753415769708265,0.7949001274968168,0.6150359359927307
0.4002881094634789,0.7000772635287074,0.6443052376724421,0.5257715162111294,0.9324266893327149,0.01644129317537912
0.6921068286868417,0.4648527932569647,0.45673708521261436,0.3924325547372738,0.8462388440287896,0.016071161795280564
0.4382934981283131,0.45861297394355705,0.48591014501696916,0.7142049170755309,0.9341946451338572,0.0858950501898479
0.7260029945615329,0.6955503187536252,0.6567843561770779,0.7567677165412177,0.9427114322140824,0.10529574846226197
0.6952909747011828,0.7539074365976528,0.749503839689611,0.7674563654646551,0.9354526136846744,0.10543088770854543
0.6959165983274396,0.7746010783567038,0.7738975785588449,0.7662504317896968,0.9473183170420043,0.10541345824495561
0.6956194593091265,0.7919999260512902,0.7959717710203953,0.749865712858333,0.9408244793879703,0.10541273847676418
0.6956267455684544,0.7895487301436719,0.7907054973982486,0.613492280916589,0.9478963025924259,0.10541628195093744
0.6872101767504124,0.7861929856072853,0.7853285330923532,0.5786386970849395,0.9484742881427337,0.021157814541680607
0.7137657497112837,0.7809454342553953,0.779011328785328,0.5385960126954012,0.9397705057373287,0.020929249384147287
0.728352468859768,0.7869242661153746,0.7838492487176945,0.5594440641390412,0.9465363365915209,0.021005585783860845
0.7404189019767138,0.7826519223142341,0.7870468836688058,0.5528050555738506,0.9397705057373287,0.02067251139226503
0.7368629317690583,0.7837764397479465,0.7897350448829585,0.5383001382243253,0.9417764555885242,0.020329167569580794
0.734036863144941,0.7857414622227401,0.7924362649860157,0.547956145137249,0.9425074373140205,0.019993174241134753
0.7312107976497191,0.7831293527782205,0.7943069840221617,0.5589631043224159,0.9379855503611907,0.019657194200716856
0.7142101126571743,0.7816797006035581,0.7906769891797587,0.5334416975403664,0.9405864853378034,0.019452547493853178
0.726276713795817,0.7821822693378648,0.7913837406740165,0.5278497057754532,0.9400764980874783,0.019138424045070344
0.7227207144894319,0.7847906598917538,0.7949800701434977,0.553404666970073,0.9278368040797886,0.01889292661766714
0.7198947303454966,0.7839085855203063,0.7963386593974839,0.5538335281011457,0.9252868678282766,0.01864397208827363
0.7185029581310185,0.785044313263756,0.7961130504913749,0.5308542353828938,0.9307947301316517,0.01840162281620625
0.7142313353306693,0.7874087231371388,0.8051966365437202,0.520985823081997,0.9255248618783298,0.01812938433948726
0.7114047723410364,0.7825898990853997,0.8005483139712801,0.5402038051339206,0.9259328516786809,0.017872052815680987
0.6944041677611121,0.7826682282193069,0.8057891338269179,0.5329672500594351,0.9263918402039053,0.017798029640201177
0.7064707948695883,0.7814018744424569,0.8041086318945787,0.5099434828535168,0.92239694007651,0.017364822205146884
0.7029149761004829,0.7834255230825284,0.8078684409461772,0.5080254808635216,0.9198980025498713,0.01710013132841698
0.7000890076010253,0.7845679197981186,0.8092487876371011,0.5441348336219345,0.9275478113046347,0.01684281198530318
0.6986972738719639,0.784640062700496,0.8121180690002472,0.5344601235985724,0.9197620059497922,0.016600462713235797
0.6944257940621461,0.7843758069143403,0.8149263941260321,0.5099315303349561,0.9181470463238384,0.016328223129181127
0.6915993124238016,0.7880865088338493,0.8139773227746092,0.5142528224522462,0.9182320441988168,0.016070894927381892
0.6745987181692321,0.7850327811269447,0.8139926171682246,0.5204462125347611,0.914543136421571,0.016091649720016196
0.6866654976549267,0.7821024562235617,0.8138182256670734,0.5194341002654295,0.9141351466213337,0.015563658780169395
0.6831097236290296,0.7824311131830417,0.8171547939159034,0.5210850170732397,0.9090182745430866,0.015298974547453565
0.6802838583831292,0.7865307967590871,0.8220098453398159,0.512540951770714,0.9053973650659373,0.015041650774997042
0.6788921872319809,0.7859966889715476,0.8196037561260021,0.4929427922679672,0.9093072673182405,0.014799301502929664
0.674620788773451,0.7818641611546927,0.8196208876175481,0.5132858994391329,0.913421164470833,0.014527063026210672
0.6717943634552279,0.780515759353305,0.8200541549909501,0.5103136535446147,0.9065363365915573,0.014269730395068722
0.6547938280238963,0.7824473118124231,0.8241578776286491,0.48937728847546524,0.8989375265617809,0.014290489617045744
0.6668607060698051,0.7811754154581911,0.8262491812187325,0.47596894521247446,0.8973055673607178,0.013762494247856225
0.6633050165240904,0.7816946298039261,0.8256015488639055,0.489572737965015,0.8900637484063054,0.013497811122476076
0.6604792670473305,0.7852866311710476,0.8319991649393887,0.5065531767749303,0.9012154696132484,0.013240484028012516
0.6590876356331563,0.7822040105446284,0.8328161644431953,0.5081494137885287,0.8907777305565787,0.012998136970616494
0.6548163163356868,0.7835050143697577,0.8309285573863132,0.4856985335768682,0.8841478963025793,0.012725897386561828
0.6519900286888727,0.780849833735194,0.8344047008104523,0.5181495023404106,0.8959456013598128,0.012468565862755548
0.6349895001411112,0.7774670378453263,0.8324764562619962,0.4894823197432139,0.880645983850286,0.01248932508473257
0.6470564392004858,0.7796113001209461,0.8345335854038274,0.4773403080978076,0.8841818954525706,0.011961329715543055
0.6435008278771632,0.779025610605189,0.8354151268060166,0.48623048021685467,0.8881427964300883,0.011696644375491547
0.6406751879117505,0.78384711654921,0.8414203122030623,0.46625214326328446,0.8779090522737079,0.01143773822034952
0.6392835574362454,0.7824165058097475,0.8383998576005633,0.5000542628458902,0.8739481512961902,0.011190133533148898
0.6350123905159948,0.7844348085445374,0.8434283930435165,0.49400525601083634,0.8776880577985366,0.010912598669876532
0.6321861279003453,0.781741080178245,0.8452743001907437,0.4684618502411373,0.8765320866978072,0.010688747440329348
0.6151857586133729,0.7814703878506132,0.8461786835816609,0.4835654259621489,0.8779600509986949,0.010736619776410355
0.6272527011145335,0.7761190472674218,0.8444241443893457,0.48404511507912673,0.8792180195493984,0.010384119394995228
0.623697186786976,0.7818796267335171,0.8471189235827907,0.4936647879240015,0.8683892902677144,0.010220774094292475
0.6208716250439554,0.7831163545402953,0.8525568219923376,0.4710771089534016,0.8566765830853456,0.010064790361184708
0.6194800946931109,0.7821370883925592,0.851425922213201,0.47974856189560144,0.8690182745430093,0.009923646033513232
0.6152090332166438,0.7812496859951121,0.8508194585589883,0.46548313172028877,0.8579005524860577,0.009752808499605352
0.6123828363078037,0.7803594050332825,0.853260364098644,0.4822216610847876,0.8583425414364001,0.009596817015147831
0.5953824979968996,0.7808029542581101,0.8580658138784292,0.471921250613063,0.8598725031873755,0.009644688243893161
0.6074496191580012,0.7801894445797508,0.8564536829763041,0.4658036259970375,0.8605184870377798,0.009292186755142349
0.6038941392482959,0.7814524906894533,0.8575811298966793,0.4522594767092072,0.8511007224818741,0.009128841454439596
0.6010685994075442,0.7815624661522845,0.864019449864867,0.4678839598670166,0.8598725031873755,0.008972855506660472
0.5996771982800913,0.7835125951852739,0.8628687846826935,0.47939768995540133,0.8460688482787191,0.008831713393660356
0.5954061649636855,0.7805946069863867,0.8619196911975606,0.4580004182984405,0.8579685507862678,0.008660871430409757
0.5925800775661934,0.7815049306232014,0.8645567899427253,0.4980840827516144,0.837331066723209,0.00850381911837161
0.5755797780535943,0.7815312489261257,0.8691894197147698,0.47251129205256404,0.8485677858052441,0.00855046231184876
0.5876469980877994,0.7789504639834561,0.867236363277395,0.46584091308982245,0.8471568210793521,0.008196733895165457
0.5840915870137988,0.7830702081137684,0.8679589182405982,0.4457718005301756,0.8350191245218639,0.008032158344523168
0.581266128524335,0.7785644681669934,0.8697469457361553,0.4581884818462887,0.8345941351465171,0.007874945468811546
0.5798747305257774,0.7790041554669356,0.8705543170761085,0.4491549986326082,0.82147046323837,0.00773257310587189
0.575603800462928,0.7814986371159802,0.8722280682268955,0.4621852690410668,0.8376370590734723,0.007560503107353118
0.572777791287828,0.7828527066497233,0.8751174027313087,0.4598515497194793,0.8277093072672415,0.00740328248029174
0.5557776266306322,0.7799188595278104,0.8741555380955013,0.4412957213120594,0.8268933276667667,0.007449928995775928
0.5678448964142779,0.7778652809698752,0.8745155871561976,0.4533074068248564,0.8213174670632952,0.007096195042414225
0.5642895948516253,0.7806193340332238,0.8773723187057694,0.44296351459956473,0.8186315342115904,0.0069316205991076145
0.5614641926822839,0.7805665901516838,0.8790937237342029,0.4427847033335255,0.8188695282616436,0.006774405508724637
0.5600729251586753,0.7774031909297403,0.8786330326941014,0.4337203262346625,0.8120696982575737,0.006632033145784981
0.5558020617413035,0.7840510655175914,0.8838384828811467,0.45646386445891607,0.8039949001274636,0.006459965361937566
0.5529760744684733,0.7787858136766422,0.8821252673254161,0.4428252863035218,0.809570760730935,0.006302741412869155
0.5359759664442882,0.7786816132218577,0.8861196273019667,0.43934666659942545,0.8038419039523887,0.006349386821017661
0.5480433610708713,0.7769997091756009,0.8848623661723958,0.45230462625606194,0.7912282192944531,0.005995655082327317
0.5444881095705498,0.7771231298584043,0.8863037797692312,0.4484616334280098,0.7939651508712586,0.005831860203338829
0.5416627793658075,0.7844774506318164,0.8889666200191351,0.41933298831190635,0.8031279218018881,0.005681945777088484
0.5402716276113391,0.7814946857946853,0.8877877122229916,0.4489483908117775,0.791840203994866,0.005549695569591937
0.5360008267718799,0.7777369613638374,0.8910481405093948,0.43499618809960405,0.7818104547385474,0.005384280658504854
0.5331749271081279,0.7751138919195266,0.888932976779923,0.4307476038277762,0.7785125371864297,0.005242964693803107
0.5161749292210711,0.7804996679996148,0.8967848882714666,0.4140353620622377,0.7873183170420361,0.0053210207858263815
0.5282423388663533,0.7760403963064407,0.8949332706270572,0.4200403709219922,0.7816404589884769,0.00496909400429305
0.5246871812329008,0.7822212819309224,0.8978768327209894,0.42134577655374117,0.7866553336166362,0.004818998528659164
0.5218619073482813,0.777601096700847,0.8989491445697353,0.4157694302782391,0.7832214194644394,0.004677686882566568
0.520470852589578,0.7775501586267768,0.8988781617617403,0.4304437477745384,0.7657968550785199,0.004554060494605674
0.5162000861679719,0.7793995557856659,0.9022498340746428,0.42667477320096037,0.7668508287292752,0.004395038453861457
0.5133742490821329,0.7797625230870697,0.9036398310631302,0.4221860266957318,0.7772205694857348,0.004253720828156193
0.49637437509934434,0.7713014926446959,0.9015812410964383,0.39900695616725534,0.7739396515086128,0.004331778027515142
0.5084418360585152,0.7748825161327443,0.9042016952916774,0.42097818697130207,0.7631109222268151,0.004150708268997646
0.5048867597763502,0.7780371723858497,0.9033750676240175,0.40509456050410564,0.7531321716957109,0.004192992324840256
0.5020615922741825,0.7780886468383763,0.9063661065259163,0.40799763268655664,0.7594560135995607,0.004244063310764055
0.500670550031062,0.7781736628237058,0.9053493281555796,0.4151151390878052,0.7443093922652224,0.00431229777824754
0.49639996508540474,0.7797387615214539,0.9088107083951436,0.40085082077468437,0.7507012324691686,0.0043457747504995975
0.4935741811907919,0.7757854735054253,0.9065179437765696,0.3953117615919677,0.7417764555885924,0.004396838981675754
0.47657432285248147,0.7783396183180967,0.9110569036878611,0.40096081571293185,0.7480152996174638,0.0045122242453117115
0.4886418776785222,0.7786894801058839,0.9107843270491156,0.3972100677374246,0.7458733531660755,0.004507332147014796
0.48508692968107914,0.7772465326619258,0.9100785273043881,0.39432188656646927,0.732341691457691,0.004549614209653183
0.48226177782338997,0.7730494248789277,0.9100608424700918,0.39307147840384404,0.737322566935859,0.00460068198430351
0.48087088044813875,0.7771936993839765,0.9125971442998813,0.3983720431464477,0.71320016999573,0.004668914458582775
0.47660029456381237,0.7732750435369453,0.9140057336047751,0.389788506736118,0.7322566935825989,0.00470238999129845
0.4737746702428782,0.7780313079813937,0.917504453413122,0.3960924476879757,0.7113812154696006,0.004753451454135408
0.4567748610282294,0.7716688224908779,0.9160971699971185,0.3788343610050551,0.7181640458987886,0.004868833617231464
0.4688425062793553,0.7723599282525873,0.9153895331544604,0.3905253139849192,0.7035784105396488,0.004863939193529621
0.46528755108545194,0.767855582889799,0.9163396669239636,0.3806121492308081,0.7136421589459587,0.0049062200380987605
0.4624625024813205,0.7722332177819184,0.919155517511151,0.3829910180992504,0.7066213344664902,0.004957288698617634
0.4610717215009874,0.777013047119882,0.9206311276899484,0.38592009991511333,0.7103102422438496,0.005025513864481413
0.45680115063535975,0.7776514090000515,0.9225712359069687,0.38366413152821455,0.6971525711857112,0.005057518523214475
0.45397553883000885,0.7744668049498005,0.9212269007622274,0.365049970065096,0.6953166170844725,0.0050999965842680696
0.43697588825037004,0.7702463468246701,0.9241133357506295,0.3628390320969599,0.6742371440714123,0.0051980733053703715
0.4490435782447033,0.8138670029592714,0.9186105191696299,0.3630701405953711,0.7377305567359826,0.005183762099053041
0.44548876917022806,0.8240572102691872,0.8936509541377575,0.36080035334980454,0.7562090947725437,0.005212534002004392
0.4426637462230403,0.8212822742046053,0.8616171676491744,0.37197845989376077,0.7489162770930307,0.005247996427129164
0.44127309509187773,0.812587418513832,0.8225078538149906,0.35680717970714904,0.7583850403739234,0.005297261791494542
0.4370026087064329,0.7746620288286257,0.759037426200124,0.6249739258388713,0.9107352316191282,0.005311728024806956
0.631731444292114,0.800406603476755,0.7812819375601843,0.5725506559450855,0.9458563535911253,0.09823347155463438
0.7301687317780097,0.79609013360794,0.7787666184874822,0.5668345724177091,0.9551721206969432,0.021441024500308613
0.7422364189563373,0.7972069808297267,0.77838930513298,0.5575525482948265,0.9445303867402117,0.021123294459218792
0.7386816274036772,0.7777961239075714,0.7625226887127862,0.7090857447076255,0.9395155121120524,0.02078855906410426
0.73407477972835,0.7966049854088968,0.7793226836840073,0.5667071053593069,0.9505652358690213,0.10641116769186963
0.7457424019268983,0.8008622927339777,0.7785272866811683,0.571386178846131,0.9455163620908706,0.021451653815492775
0.7414719421370677,0.7973108952160013,0.7755398113065807,0.5820658137439432,0.94619634509138,0.021109601146210424
0.7386464827089343,0.7741353767016294,0.7645331157265012,0.7264835686424207,0.9319677008073768,0.0207822262113552
0.7198649789282068,0.797966206655391,0.7758404756233261,0.5713395203434448,0.9403654908626322,0.10594892148596532
0.7449909068957297,0.794344865386708,0.7771242529374864,0.5597476025173673,0.9406204844879085,0.02143799040054774
0.7414362342411054,0.7994816903459281,0.7813087193492936,0.5397755396433075,0.9498512537186343,0.021103267186125683
0.7386113827574001,0.7770955421264667,0.7654855071344251,0.7205786273799164,0.9477773055673424,0.020775897787948857
0.7354388174116822,0.7969070022383788,0.780496832732499,0.5659127195327225,0.9455163620908706,0.10643799843537541
0.7442266584858435,0.7993184167438188,0.7788052639451557,0.565017273374788,0.9451423714406246,0.021424310375567523
0.7414012406720234,0.7986482297419064,0.7780833508595426,0.5827900728337243,0.9425074373140205,0.02109693876271934
0.7244019342709085,0.7686268414721671,0.7580321352252815,0.7289162436990673,0.9367785805353606,0.020767581696998445
0.7346875007275653,0.7951866577360845,0.7780646257408761,0.5826596672823869,0.9478963025924259,0.10641437896533916
0.7441910891999597,0.7998785746450543,0.7777972062565623,0.5679605314335949,0.9452953676158131,0.021417974200811433
0.7413663785165587,0.7984435119644042,0.7812568600667453,0.5767247851594353,0.946298342541354,0.021090612553984367
0.7399760099246739,0.7782178246499444,0.7642255899596533,0.7357623763068204,0.9414874628133703,0.020778213226853966
0.7339233596388008,0.7996064877334359,0.7778974719628975,0.5687404233423239,0.9445813854653125,0.10639038300117198
0.7441562936899726,0.7986372518628335,0.7791993325181339,0.5711810799811317,0.9428984275392622,0.02141164909941213
0.7271571421691929,0.7977909896929873,0.7771237217284461,0.5736921810316551,0.9468763280916619,0.02108229424836259
0.73922485062401,0.7752997470546475,0.7634102947515173,0.714062400168177,0.9403654908626322,0.020764560885265723
0.7338880531801522,0.8003079277200709,0.7778895480947146,0.5689818562753721,0.9376965575859231,0.10638446982864531
0.7441216755883704,0.8005061374389697,0.7833307665607627,0.5732814273705609,0.9461453463662792,0.021405327320019867
0.7427314030535821,0.7986037818471581,0.7804325785723465,0.5607693641621483,0.9478963025924259,0.021092939066246253
0.7384609808104985,0.774475226091565,0.7651223150869078,0.7183114212430088,0.9470123246918547,0.020750879752949827
0.7338534482199117,0.7982189660632993,0.7793204481792964,0.5484607320254473,0.9490862728430329,0.10637856772947545
0.7299126651472707,0.7959886865625647,0.778515290210344,0.5597530029908699,0.9492902677432085,0.021397016765747845
0.7419804314866578,0.795488460014184,0.7763588028442878,0.5727435243259762,0.9473183170420043,0.021079282295315298
0.7384258893069826,0.7788030850629364,0.76113652085613,0.7336993160101764,0.9342966425838313,0.020744560188228917
0.7338188820579772,0.7957189597161544,0.7736323945792418,0.5750710092774178,0.9410964725881286,0.10637267670366239
0.7454871237778655,0.7978800821545851,0.7778688530758573,0.5805422448664428,0.9465023374414159,0.021407662690967187
0.7412167203081568,0.7970305123175916,0.7779068345222309,0.5605550527247036,0.9458903527411167,0.021065611129020514
0.7383914902280764,0.7789880641132454,0.7651176891415161,0.7430597661269356,0.938342541436441,0.020738239516172333
0.7196101704264128,0.7975440768102533,0.7777139613732231,0.5642768128644997,0.9417424564385328,0.10590774520873611
0.7447363023979339,0.8044442817032476,0.7825145417368065,0.5510867519753522,0.9443263918401499,0.021394009242043273
0.7411818268637353,0.8062641601677563,0.7824039838553176,0.5782117022939743,0.9424054398639328,0.02105928824229257
0.7383331613551478,0.7889989422259256,0.769360721350004,0.7238741074972987,0.9331066723331105,0.020732193463364173
0.7166471869601443,0.8079212120122028,0.7829802349953698,0.5701765919096857,0.9372375690606987,0.10582955069975296
0.7246811566068825,0.8083897922316594,0.7856784006464459,0.5675916314421445,0.9406714832128955,0.021327154957750276
0.7218446640668668,0.8094667686548582,0.7869081053070572,0.5637616632854805,0.9416064598384537,0.021000070144842994
0.7190082015642489,0.7864926602508413,0.7663533256364093,0.7295313814566087,0.93106672333181,0.02067298422460003
0.7143892641489749,0.8069330956199372,0.7817839301031602,0.5827257833734272,0.9371865703355979,0.10576960508276219
0.7246112526973425,0.8097779754352254,0.7808261380699943,0.5635859493498325,0.937594560135949,0.021321678075481205
0.7217748045876449,0.8057781118899048,0.7793228164862673,0.5559675093218726,0.9413854653632825,0.020994593262573923
0.7189383580423963,0.7903380110421729,0.7686768339781842,0.7325290413440795,0.9338376540586069,0.020667516201016395
0.7143193793256981,0.8096176697939081,0.7822935587760891,0.5595111729641813,0.9398725031873028,0.10576400750090409
0.7245414301390896,0.7965770579706035,0.7319017190677086,0.5607076161011464,0.9234509137271516,0.021316205622554842
0.7217049989254294,0.7989976624269287,0.7336402555876882,0.5571514837185454,0.9516362090946586,0.02098912302431892
0.718868594933161,0.7551549277321215,0.6609268792084206,0.7266932737936427,0.914883127921712,0.02066203267473324
0.7142495689701387,0.7461320408567338,0.6591756600726064,0.5589020313206021,0.9351466213344111,0.10575841545572438
0.7244716839258918,0.712075745649193,0.6092574596246823,0.208132779535954,0.826128346791279,0.02131072652561441
0.7400643355203127,0.7502669287387966,0.654412043004736,0.5729297612430813,0.9446323841902995,0.5835868607899698
0.718758110811335,0.6851935301744527,0.5446916258480474,0.3534955378786233,0.8054398640032332,0.020657008692756936
0.7325680731637458,0.7048802107781389,0.5955015359245386,0.20020162826658683,0.8137186570335189,0.9313405370828567
0.7412081471340435,0.7098433385139149,0.6030756029543545,0.19706176914667406,0.8264853378665293,0.5846163839909457
0.7367896614806773,0.7500053906034863,0.6621979739067463,0.5665130456974965,0.9547641308967059,0.5841250259300366
0.7185660591956102,0.7005726984295446,0.5535092399607136,0.345281338262748,0.8047938801529426,0.02065285286195309
0.7323760547143152,0.7091967700433633,0.6087507304677644,0.19346001070485053,0.82213344666377,0.9313223767777186
0.7410161893851885,0.7122673400337969,0.6068795908911283,0.1979862428496839,0.8253633659157913,0.5846012910056388
0.7365977444074656,0.7512310690140638,0.6609696194024455,0.5627568178297586,0.9439864003398952,0.5841099993848706
0.7183742266025823,0.6919839920352806,0.5546012065439464,0.34645113641647707,0.80839779005521,0.02064870588983467
0.732184228379078,0.7105710968034741,0.6109959961446618,0.18940592289783686,0.8048448788779297,0.9313042164725805
0.7408244099833863,0.7115034655948442,0.6132706775221595,0.19973337544643766,0.8193455163619774,0.5845862755338297
0.7364060682592197,0.7534420567696523,0.6657565875343741,0.5631869893698431,0.943051423714337,0.5840949617663477
0.7181824847475275,0.68479848744136,0.545933712106037,0.3454052314783913,0.7987760305991287,0.020644561132387614
0.7319924852724657,0.7109443983298033,0.6115107598383123,0.20274969873498283,0.8127496812579693,0.9312861669010105
0.7406326806439147,0.7081851245161465,0.6003180746930374,0.1994811812757482,0.8251593710157294,0.5845711714751661
0.7362143983687659,0.7458263945330306,0.653998452499531,0.5619320940490873,0.9490862728430329,0.5840798798543976
0.7179909137301763,0.6927024709775451,0.5513532838036975,0.34008159559531026,0.8010539736505962,0.020640416374940553
0.7318008967332985,0.703456555079327,0.5966583985455142,0.19752839388289956,0.8269953251168545,0.9312681173294403
0.7404412516784271,0.7092350317065821,0.6073223536261236,0.1987505289783651,0.81026774330644,0.5845561560033568
0.7360229662743825,0.7508106734592681,0.6673799623611834,0.5670919685150806,0.9427624309391831,0.584064930822729
0.7177994910224799,0.6920118121978827,0.5509254502561025,0.3319050404564956,0.8078198045047884,0.020636281583514614
0.7316095397324109,0.7078810873278122,0.6001468261787075,0.21454623891369162,0.8150276243093231,0.9312499570243021
0.7402498915486437,0.703729267765811,0.6035637397948657,0.20480672320830062,0.8244793880152201,0.5845411183848339
0.7358316405624512,0.7507320046190051,0.6548307685306629,0.5859238564209466,0.9466043348916173,0.5840498378374223
0.7176082798281307,0.6928186326719059,0.5611872690264359,0.35912501528314156,0.8069358266043309,0.020632136826067557
0.731418266273038,0.7004292529510381,0.5899241730082327,0.21703843830695635,0.8209604759880449,0.9312319074527321
0.7400587035081214,0.708761230736817,0.5985444341089855,0.21010371410814543,0.8193795155119687,0.5845261582798086
0.735640530744321,0.7505904722236596,0.6592723622516303,0.5568428625416288,0.9416064598384537,0.5840348888057537
0.7174170980454,0.686043743665594,0.5477085368435743,0.34306710441740074,0.8049978750530045,0.020628005356648646
0.7312270625880375,0.7065842493753605,0.6017526489734806,0.2078604527177228,0.8158436039099115,0.9312137471475941
0.739867634365635,0.7074066427038996,0.6034092464990115,0.1935821169991141,0.8136676583085318,0.58451120924814
0.7354494678596248,0.7517111634910499,0.6615293809285419,0.5740307827783824,0.9487802804928833,0.5840198511872309
0.7172261218311138,0.6931640246392239,0.556445143790983,0.3516492509999909,0.8068338291541295,0.02062387277989406
0.7310360747968385,0.7108027765380482,0.6091675967620507,0.19943869225628097,0.8251593710157294,0.9311958083095918
0.7396766809922877,0.7054608940949703,0.6010306030856074,0.22124179361320162,0.8225244368890117,0.5844961716296173
0.7352586083531478,0.7523814756479353,0.6687636069748986,0.568787002426282,0.9410964725881286,0.5840048800088489
0.7170353155158629,0.6884526193130072,0.5410818258026557,0.3543279652759086,0.7972800679982583,0.02061974131047515
0.73084523719263,0.7113376352554265,0.604064005908461,0.20892164576094419,0.8130046748831319,0.9311776480044538
0.7394859247393666,0.710136826925941,0.6041096456184971,0.20513230028364005,0.8175095622608524,0.5844812558180191
0.7350678896469747,0.7521440387845966,0.6697157327783025,0.5730791875797687,0.9428984275392622,0.5839899309771803
0.7168446249697511,0.6954639975807186,0.5540700639048901,0.3449130339117572,0.8079388015299855,0.02061560984105625
0.7306545873221619,0.7032712363226623,0.5949527305848961,0.2018053306406149,0.8148746281342483,0.9311597756065924
0.7392953249312297,0.7127396570231661,0.6040706017540434,0.19671784634517198,0.8247683807903741,0.5844663067863506
0.7348773273855858,0.7505440218493407,0.6577719623176242,0.5791286312178263,0.9371355716106109,0.5839749819455118
0.7166540627083609,0.6924968055981033,0.5529599034120308,0.33681966989049794,0.7966000849978627,0.020611486122987084
0.7304640407052507,0.7071555460692058,0.6037560817348331,0.2042068735558944,0.8202974925625313,0.9311416595948814
0.7391048972123531,0.7051880920120768,0.5957589288382188,0.2005434067624332,0.8213684657882823,0.5844513134612549
0.7346868902800221,0.7504071738258471,0.6583654998851924,0.5628219014773352,0.9411304717381199,0.5839600329138432
0.716463700696294,0.6886595720007442,0.5525730946959353,0.3552589116052485,0.7883892902677871,0.020607356868239536
0.7302736035996875,0.7043560081127599,0.5959556311190577,0.1955196559961916,0.8205694857628032,0.9311237871970198
0.738914500782434,0.700583783584309,0.5948259265602616,0.20389642574823452,0.8089587760305221,0.5844364419430839
0.7344966033614511,0.7451165512839131,0.6551202331901445,0.5521512806051485,0.9441563960899657,0.5839450838821747
0.7162734544533667,0.6884447345496991,0.5411777444483453,0.35975067602213984,0.8010199745006048,0.02060324090152014
0.730083381136367,0.7035479897268507,0.6019728129869277,0.1957330144089,0.8143816404589188,0.9311058926524448
0.7387243484063752,0.7091278275324421,0.6023440617048879,0.18700104439598242,0.8209094772630579,0.5844214818380585
0.7343064572431852,0.7458564496058673,0.6506101577704129,0.5834011205267751,0.9468763280916619,0.5839301791439334
0.7160833302373697,0.6899389418948012,0.5471438948344214,0.3448780102527196,0.8068338291541295,0.020599119398122343
0.7298932162447263,0.7065099609591576,0.5971276774650988,0.2039138184496616,0.8166085847852855,0.9310879538144426
0.7385342805105006,0.70726126626295,0.603561902696935,0.20907325611265115,0.8217254568635326,0.5844065328063901
0.7341164644408056,0.7506262844252611,0.6603953381625841,0.5679997642852155,0.9399745006373905,0.5839152633323353
0.7158933512021308,0.6905790917031586,0.5491766215609692,0.3452029916875994,0.796549086272762,0.020595003431402942
0.7297032944682784,0.7052300725659262,0.6036764003788051,0.21610685662779283,0.8144836379090066,0.9310699042428725
0.738344422250635,0.7031430239923157,0.5998114562046698,0.1831576147649263,0.810981725456827,0.584391672361576
0.7339265842786702,0.7538670472998905,0.6666969603377639,0.5598151481455111,0.9448873778154621,0.5839003918141643
0.7157035411272581,0.693525615235923,0.5503746528825593,0.3430605920817067,0.8094177645558602,0.020590887464683547
0.72951351036324,0.7050169336466594,0.6003844315556408,0.19696984196904133,0.8222354441138577,0.9310520761384382
0.7381546234397862,0.7056404736021522,0.6005825946613402,0.20977531766796287,0.8161495962600611,0.5843767897700481
0.7337368668191093,0.7481178748156332,0.657440288673158,0.5807533795547684,0.9409264768379444,0.5838854870759229
0.7155139372466102,0.6878781043484237,0.5426950412565714,0.3717917067549241,0.7952401189969578,0.020586772605299817
0.7293238470335743,0.7128212938242207,0.6080495345347185,0.20219003495893295,0.816761580960474,0.931034026566868
0.7379650530383222,0.7041491448214323,0.5992044613414169,0.21371051563919563,0.8153336166595864,0.5843618850318067
0.7335473183199142,0.7481797907687766,0.650667417678203,0.5579743411591094,0.939005524861841,0.5838706709245359
0.7153244679084758,0.6879511054563313,0.5465223802574035,0.3495917500143053,0.7917212069697825,0.020582664389930172
0.7291343545416114,0.7057280642040722,0.5993028899498215,0.19789773067735394,0.8244113897151237,0.9310161541690066
0.737775585890414,0.7013788931287024,0.5907074186042774,0.19366375945147385,0.8118487037822888,0.5843470135136357
0.7333579043632321,0.7499792868519444,0.6607783177468485,0.5757070341604171,0.9426604334890953,0.583855788333008
0.715135091185652,0.6883450933117934,0.5423050674199447,0.32045246278865314,0.7916702082447955,0.020578556174560527
0.7289450175557626,0.7057644127841299,0.6006571188629364,0.1991518715201941,0.8163195920101316,0.9309982596244314
0.7375862626717065,0.7045181910786746,0.5949386092779111,0.20920175561451715,0.812103697407565,0.5843321419954648
0.7331686812691864,0.7498871191538637,0.6554728674579882,0.5683800211547667,0.9410964725881286,0.5838408835947668
0.7149458937485496,0.6935180522996887,0.5475317549017424,0.34192133042888484,0.8013599660008595,0.02057445349586928
0.7287557806945753,0.708631319874692,0.6036108403297622,0.20231607248023153,0.8124946876328067,0.9309803207864291
0.7373971209289474,0.7092265032891263,0.6040849886655484,0.22305809992202286,0.8212154696132075,0.584317370137505
0.7329795207530525,0.7428040092072581,0.6493506611361313,0.581338099939495,0.9431024224393241,0.5838260452966662
0.7147568192770475,0.6910732571749827,0.5481045863835983,0.3382021513977478,0.7992350191244668,0.02057035081717803
0.7285666849465824,0.7032365862743828,0.5981787409522372,0.19276473945078076,0.8034849128771384,0.9309624926819948
0.7372080855686405,0.7096004663488851,0.6066239244068288,0.19889241053589513,0.8256693582659409,0.5843025318394044
0.7327905291972856,0.7449645773879506,0.6495828437541127,0.5677210839687461,0.9485252868678344,0.5838112069985655
0.7145678831027333,0.69123651289781,0.5520964341840631,0.3513945551393707,0.7993710157245459,0.02056625035315814
0.7283777346922378,0.7111380309525412,0.6029756028525394,0.21041475755626515,0.8111347216319018,0.9309446645775605
0.7370191628485778,0.7051452353734154,0.596980178421607,0.2057201974174856,0.8250573735656417,0.5842876271011629
0.7326016627973444,0.7502098223124785,0.6538254996895304,0.589401602519035,0.9351466213344111,0.5837964351406056
0.7143790529979825,0.6917188422850309,0.5478676450179651,0.35496808022339854,0.7996600084998136,0.020562147674466888
0.7281889002070332,0.7074267747752941,0.5970614534047555,0.21713572624872768,0.8240543986399871,0.9309268364731264
0.736830424733359,0.7075733133695656,0.6027866916376232,0.2184539580050444,0.8034849128771384,0.5842728552432032
0.7324129778733521,0.7497687225492682,0.6649571179288938,0.5860472334148581,0.9528941776454758,0.5837816079158619
0.7141903940438241,0.6929265877758849,0.5453575937682451,0.32763294824118705,0.8028219294517385,0.020558052747125393
0.7280001868100894,0.7072446564100855,0.6001848297587907,0.2157534829976615,0.8057798555034879,0.9309090083686921
0.7366418023872794,0.7055153543875704,0.6014312675041679,0.2126189052231593,0.8093157671057725,0.5842580169451025
0.7322244431363512,0.7504832680495195,0.6571289559081888,0.5749015297119162,0.9442753931151628,0.5837668028378316
0.7140018029867012,0.6913811384089206,0.5442090312885223,0.36356650764522414,0.8106247343815767,0.02055396114179093
0.7278116267290349,0.7061112887318437,0.5999758432688975,0.20486851097866654,0.8199915002124953,0.9308911138241169
0.7364533521304621,0.7107914768319015,0.6003836347420805,0.21134848354108415,0.8169145771355488,0.5842432229404291
0.7320360398129684,0.7501757086426554,0.6662469598795961,0.5625502100089279,0.946247343816367,0.5837520420532286
0.7138134293878271,0.6910685728031306,0.5480427005304166,0.3654730336290264,0.7921291967700199,0.02054987175112783
0.7276232668973011,0.7087173192205247,0.6019518523635503,0.2002880358426251,0.8187335316616782,0.9308733521598234
0.7362650551895316,0.7032346731912219,0.59513517875649,0.19793064974010033,0.8213174670632952,0.5842284843025396
0.7318478023210551,0.7462122830738018,0.6517171752764511,0.5750515913984278,0.9431024224393241,0.583737303415339
0.7136251615456262,0.6913954060758591,0.5422445095893633,0.3546471094342818,0.8033319167020636,0.020545776823786336
0.7274349730852658,0.7053536899208301,0.5972404708512983,0.21473096687496485,0.8115937101572399,0.9308556347889569
0.736076911564489,0.7061807676212213,0.6016244062576955,0.21331878276345173,0.8139736506586814,0.5842137235179364
0.7316596524382213,0.7508073479128388,0.6604717215958209,0.5687382393273044,0.9417764555885242,0.5837225094106656
0.7134370313748346,0.6891589582228765,0.5491544546503965,0.36935077215056844,0.7960900977474239,0.020541687433123235
0.7272469020506027,0.699210100478346,0.5905232661370128,0.22458790316966892,0.8109307267317263,0.9308379174180906
0.7358888837085855,0.7057159241716771,0.600556454749821,0.2083246154733811,0.8061708457288432,0.5841989627333335
0.7314716433556918,0.7490781710452968,0.6544847301084016,0.5709890057875209,0.940518487037707,0.5837077818461329
0.7132490451332432,0.6963147295710341,0.5537287620965705,0.3633859094578058,0.7994900127496294,0.020537606901145568
0.7270588826427176,0.7089746914831576,0.6063187669469516,0.2038236781934084,0.8181215469612653,0.9308201557537971
0.7357009872662994,0.7047106615480905,0.6004131832449409,0.2133526548509337,0.8227794305142879,0.5841842130220872
0.731283822006902,0.7475362260175806,0.6529955298316594,0.5602544528393127,0.9402804929876538,0.5836930321348867
0.7130612175266622,0.6905380766305307,0.5438418773069136,0.35338971242359474,0.790480237993961,0.020533518617818144
0.7268710772512952,0.7073953429977526,0.6035213980076208,0.21545204921562688,0.8157416064598237,0.9308023719427899
0.7355132347532138,0.7123582383028643,0.6056423829028246,0.209933241808544,0.8146876328090684,0.5841694300907705
0.7310961101694606,0.7479084547869972,0.6555405523431918,0.5653452727213308,0.9393965150870827,0.5836783267170675
0.7128735936111883,0.6876347136842195,0.5472303048382917,0.35552925295528004,0.7999320016998581,0.0205294369785048
0.7266833916965774,0.7025213077235744,0.5892251019113476,0.21419584348585974,0.8183255418613271,0.9307847653054914
0.7353256762316596,0.7078037057958446,0.6021397011603862,0.21078532534100325,0.8218274543136204,0.5841548132598057
0.7309085579056971,0.7502288816269603,0.6633196439288096,0.5775185753455598,0.9400764980874783,0.5836635991525349
0.7126860332122966,0.6857136921221274,0.5398917183492484,0.34522014613284213,0.7972800679982583,0.020525363090541204
0.7264958719733294,0.7034989647359414,0.5979544600687287,0.1920901567753488,0.8219804504886952,0.9307670922280521
0.7351382459948277,0.7055941126242427,0.5990862673299755,0.20489595014918227,0.8299192520186125,0.5841400303284892
0.7307212090201527,0.7500111656115327,0.6606709249858909,0.5643281967815006,0.9464003399914418,0.5836488715880022
0.7124986680564942,0.6900607534422356,0.5458130059185098,0.3564842631591969,0.8057118572035051,0.020521289202577616
0.7263084692707791,0.7052267648987788,0.596229912053474,0.20402567972801644,0.8034849128771384,0.9307493305637585
0.7349508845937005,0.7078349409012853,0.6067012374558858,0.21140896090243833,0.8163195920101316,0.5841252916905996
0.7305339039391465,0.7466103474055321,0.6586880544411355,0.5869734940392473,0.9341946451338572,0.5836341883168966
0.7123114239889539,0.6908838798213317,0.5498129103894174,0.35449553879193885,0.7843603909901731,0.020517216421949702
0.7261212095587601,0.7047467776974838,0.6035655768927962,0.19522957909225735,0.8177135571610279,0.9307316131928921
0.7347637641175382,0.7088344463961072,0.6008151756861018,0.20402262210698918,0.8126476838078815,0.5841106748596349
0.7303467803340893,0.7458424858867208,0.653077336023848,0.5702487835334162,0.9394645133870654,0.5836194496790073
0.7121243363661973,0.714770117669633,0.6124263428864933,0.35593337515258816,0.8226094347639901,0.020513139211979073
0.7259340750025682,0.7368156834486017,0.68023150267041,0.21477333676634025,0.8299192520186125,0.9307139511888097
0.7345767030903949,0.7401946710514294,0.6893784132670874,0.21445760761327004,0.8100637484061508,0.5840960137352429
0.7301597662403809,0.7689953334716713,0.7068968905988704,0.5656396382365754,0.9451763705907297,0.5836047996279721
0.7119373688930333,0.7176628245639449,0.6727635003789512,0.7374239352241796,0.9389545261367402,0.020509074182700912
0.7114931229678407,0.7065264814156129,0.6755693465292151,0.7298755425142944,0.9272588185294808,0.10569142164713581
0.7006014268435679,0.7217612387109767,0.6795220065961112,0.24446398851096918,0.8418189545261612,0.10435196626292255
0.7043086337874871,0.7013348743367189,0.6351378755277174,0.5688403718114821,0.9431024224393241,0.5806103757044854
0.7340216432577731,0.45534834580347683,0.4731426242709321,0.7372320992867525,0.9317127071822142,0.02088566465181595
0.7273758285092384,0.46094853738355807,0.48206868470915215,0.7533869804193525,0.9320186995324775,0.10619932330309147
0.715170713975652,0.6962423899965561,0.6511059528745868,0.7793329200118002,0.9304377390565151,0.10477988506277323
0.6844139587295772,0.7545677363566865,0.7443560478171358,0.7771176934323532,0.9354016149595736,0.10489394063772566
0.6844767459659331,0.7793349758195227,0.7734713275715154,0.7902423529990121,0.931100722481915,0.10489307691589592
0.6844306072705035,0.7828684761763397,0.7851868552145935,0.7970184382886902,0.9282617934551354,0.10489563486131477
0.684443827793344,0.7877975975179838,0.7856935843715112,0.6443859675526054,0.940178495537566,0.10490699612538285
0.6763325772397644,0.7865790708201574,0.7830299694417573,0.603779886706802,0.9394645133870654,0.02027668539506749
0.7018546840986541,0.7876921991513135,0.7808501531453529,0.5781827144582627,0.9407564810878739,0.02038330521093443
0.7313746006567396,0.7876481982386119,0.7826286410118966,0.5722716182443404,0.9486272843178085,0.020553630048422863
0.7285517119292821,0.7817323550886885,0.7788513020619718,0.5761652008021134,0.9371865703355979,0.020251216674447042
0.725728828520948,0.7873729109355374,0.7871455778817305,0.5473851244830983,0.9329706757330314,0.02002092628792561
0.7087315095943567,0.7837890088831068,0.7860962186902625,0.5701131760553966,0.9304377390565151,0.01982643163456837
0.7208009492671441,0.7852980202736038,0.7889571999121556,0.5697281937715306,0.9338376540586069,0.019566954094215893
0.7172481320476476,0.788206496694532,0.7935166113714944,0.584061487249899,0.9312367190819941,0.019330039625661783
0.7144253080883303,0.7873447868251433,0.7933337426594103,0.5713300695148156,0.928567785805285,0.019099743702461956
0.7130368994366889,0.7882463674931198,0.7953692471665641,0.5730435682802713,0.9221419464513474,0.018868384737010135
0.7087682240560529,0.784940613428864,0.7938081565997166,0.5641357254942496,0.9253718657033687,0.018605537574186017
0.7059447774464997,0.785523835603722,0.7986659747373801,0.548194679286726,0.9230429239269142,0.018356053738337874
0.6889474970053251,0.7827271583323765,0.7952965600628985,0.5764990771345262,0.9220569485762553,0.018213715702804282
0.7010171109576007,0.7865428652743545,0.800083019119497,0.5750020341121702,0.9165660858477622,0.017863763300786872
0.6974643563160172,0.7846277259960003,0.7989004149937824,0.5563528092806502,0.914832129196725,0.0176076686709342
0.6946415971248405,0.7844771288047425,0.8018623037996009,0.5384752962288772,0.9185380365489664,0.017358188157093103
0.6932532216394933,0.7878530232918053,0.8058243485595402,0.5586073878398097,0.9135231619208071,0.017120098805383413
0.68898468831072,0.7838725587673223,0.8028116628892539,0.5525895925648505,0.9182320441988168,0.016849454892042398
0.6861613011501841,0.7838095700572663,0.8054207846249688,0.5476771868552317,0.9073353166170364,0.016592219706440207
0.6691640979927334,0.7808667832944143,0.8086168480826694,0.5558035493579652,0.9143391415213955,0.016577092393727337
0.6812337660749037,0.7842954216630171,0.8091953568611423,0.5482299809113118,0.9035274118147072,0.016084404422667523
0.6776810927846069,0.7831498245559707,0.8103511791977476,0.5372728172685859,0.8966085847853265,0.01582056176506784
0.6748583689499514,0.7885765084329956,0.8152820828458567,0.5295399348536118,0.9056693582659818,0.015563336545486764
0.6734700497847261,0.7837230343329771,0.8133943429867148,0.558399549028695,0.9045473863153575,0.015319544415029453
0.6692016071939269,0.784177668712569,0.8130833864948157,0.5351674664992945,0.9007054823629232,0.015048904931031157
0.6663782951268877,0.7855458986375594,0.8202610166446827,0.5229763740799986,0.9019634509136267,0.014791671960100321
0.6493811195037176,0.7843325390521958,0.8199219503410737,0.5369601457365427,0.8916277093071585,0.014807691785370586
0.6614509164963898,0.7842312707996391,0.8220293672720427,0.5561049831399998,0.8865278368040208,0.014283854461656278
0.6578983505272138,0.7871237631425685,0.8249155366559249,0.5489024986998163,0.8932596685082217,0.014020006267378204
0.6550756955282635,0.7850002765924906,0.8226165745985488,0.5529628605863397,0.8939226519336216,0.013762785477139845
0.6536874661623431,0.785555303139827,0.8262813636330837,0.5389294919341745,0.8818529536761162,0.013518995561353893
0.6494190432835873,0.7861559039766706,0.8291369663634451,0.5291341051536522,0.8865278368040208,0.013248354970019915
0.6465958438567911,0.7845235970583432,0.828321228481109,0.5252707017125102,0.8810879728006284,0.01299112199908908
0.6295987095350437,0.7812692816880502,0.8308092566893714,0.5240886730746728,0.8866638334040999,0.013006479637623213
0.6416685716087462,0.7821418800401025,0.831264547104231,0.522884168936818,0.8787760305991696,0.012483305607980711
0.6381160578921281,0.788618506866127,0.8334564041388797,0.5252855927240057,0.8860178495536957,0.012219459628374
0.63529350927563,0.7853574867651298,0.8326532160701181,0.517760152026506,0.8793880152995825,0.011962229979450203
0.6339052673941263,0.7864203027970813,0.8353304210978167,0.5235390954770758,0.875886102847403,0.011718446707678326
0.6296369446400321,0.7854890067626238,0.8362110328841856,0.5288016980677066,0.8745601359964894,0.011447802794337311
0.6268138547245843,0.7851372140123938,0.8386263739887827,0.5205399266337734,0.8667573310666512,0.01119057093074216
0.6098167638944871,0.7826589488720123,0.8434612394691681,0.5223593302729856,0.8659583510411721,0.01120526527520448
0.6218867514369042,0.7826550154299992,0.8385193796346051,0.5037266642462488,0.8639694007649723,0.010802971330305014
0.6183342596225567,0.7852787464077393,0.8451140078628676,0.5206374528317284,0.8712282192943803,0.01064501100300997
0.6155117954862406,0.7846807738253321,0.8417607950641117,0.5036504222673914,0.8673183170419634,0.01049367032840488
0.61412365998719,0.7838174726998564,0.8439812931195103,0.49782017431854864,0.8647683807903377,0.010355595535236007
0.6098553747798436,0.7867867923170151,0.8468894855448501,0.5104497375350023,0.8633234169144544,0.01019089928500469
0.6070323652770142,0.7839488496630953,0.8492810771786088,0.4979525256287214,0.8536336591583904,0.010039547537042809
0.5900353680008967,0.7837082302875822,0.8495859469002556,0.49842796584375226,0.8571865703356707,0.010082338309692199
0.6021053965318481,0.7814635758442177,0.8503767179577031,0.49246016465805464,0.8472588185294398,0.00973596813859684
0.5985530517755961,0.7861486628675101,0.8542059161901758,0.5060738847515924,0.84339991500201,0.009573446695639375
0.5957305563503241,0.7840152533159899,0.8541295548906489,0.49877014143323883,0.8379090522736306,0.009417548227378905
0.59434250939902,0.783106431538853,0.8556498530299521,0.48706064418039197,0.841274968125731,0.009274952182632062
0.5900743953422669,0.7829176978393496,0.8567291591310606,0.48536076572678444,0.8398640033999527,0.009105695924074009
0.5872513586180448,0.7831692056975265,0.8604996366308828,0.5158698671725748,0.8294772630683838,0.00894979081179946
0.5702544489510064,0.7840607739676512,0.8633044203630662,0.49853379129878106,0.8337781555460424,0.00899026060886535
0.5823245932510974,0.7795605587189767,0.8648098225155341,0.49718466565728114,0.8347471313217056,0.008643688902676389
0.5787722703971143,0.7899411267430467,0.868006417182275,0.5022057956054997,0.8287292817678917,0.008479940531786426
0.5759499126432512,0.7818860096371474,0.8655146926444413,0.4924051274795671,0.8198895027624076,0.00832281181358642
0.574561875078635,0.7838542325033974,0.8648048202970724,0.4703226707469892,0.8253633659157913,0.008178986626235719
0.5702937829241503,0.7844706207461389,0.8695003540729589,0.48735767022302423,0.8214194645132693,0.008008499010402449
0.5674709120313994,0.7820232510048424,0.8677346594907998,0.48132550015830144,0.8109307267317263,0.00785136586285973
0.5504740358435449,0.7842917027723866,0.8714094750959684,0.4758136815992804,0.8199915002124953,0.007889943223249953
0.562544231144634,0.7779345453078703,0.8715786209078475,0.4739054084034624,0.8143306417339318,0.007543670497694358
0.5589919458373998,0.7841505994798059,0.8727199235306877,0.4920460754103855,0.8067998300041381,0.007379921019468717
0.5561696725637191,0.7768672594554493,0.8732631954428285,0.48694409719708687,0.8088057798554473,0.0072227911939330295
0.5547817601549294,0.787292990545543,0.8791025772182062,0.4840718791904548,0.8022099447513256,0.0070789671139180116
0.5505136867738192,0.7816714940131761,0.8746938077891799,0.48266656479891146,0.8118997025073895,0.006908482820091779
0.5476909191346242,0.78429468861246,0.880862428500923,0.48189286755096505,0.8007479813003329,0.0067513474578777015
0.5306940901930943,0.7791596694607097,0.8808923090094336,0.4862354835967171,0.8073098172544633,0.0067910997014235
0.5427643446303119,0.7810849462918887,0.8845948360195321,0.46698585318169483,0.7946111347215492,0.006447214391592157
0.5392121782211121,0.7777538036473663,0.8823920227984294,0.46256727312263357,0.7917212069697825,0.006289354831843909
0.5363899612675542,0.786071478007643,0.8876556625090852,0.45989876415326103,0.7828644283893027,0.00613952567044086
0.5350021208233642,0.7804416854884848,0.88521672686962,0.4711936956460707,0.7879813004674361,0.006005799384484009
0.5307341162779586,0.7801232554782388,0.8839395232673322,0.45778340662424455,0.7719167020824216,0.005839786512130184
0.527911414345573,0.7836683773682762,0.8896298123720976,0.4499798415413716,0.7769825754355679,0.005689950706713058
0.5109146714486732,0.7773440641445699,0.8874518553073338,0.467589435514316,0.7737016574585596,0.005741445137800561
0.5229849681259822,0.7784209332920775,0.8911818281178419,0.4556394980625207,0.7709307267317627,0.005398233088062142
0.5194329112281313,0.7800892490841069,0.8899550229732416,0.44333936372971317,0.7732426689332215,0.0052403724209782185
0.5166107505946949,0.7763345283726145,0.8926492266902264,0.4491864881582508,0.7783595410114685,0.005090543259575169
0.5152229852440007,0.7823193319127411,0.8971734234169428,0.45556929190698936,0.7617849553760152,0.004956814758946957
0.5109550714365696,0.7773555605228174,0.8955040104733174,0.4590399697382881,0.7555631109221395,0.0047908003363231816
0.5081324258243054,0.7809700540265412,0.8981016448135384,0.4401053934171486,0.7615299617509663,0.004640963866504648
0.49113576709469964,0.7756983120062704,0.8987688212343021,0.4318440984955829,0.7658988525286077,0.004726581400212996
0.5032061360494975,0.7780492230218353,0.9021772797732373,0.4190477956597429,0.7606289842753995,0.004731243837090057
0.4996541041828122,0.7805957691397087,0.9021049910763521,0.4391613827070566,0.7593710157245823,0.004774314322731998
0.49683207496299353,0.7795985164344035,0.9040189815155633,0.44670481174644294,0.7530811729706102,0.004825414985251997
0.49544433777236074,0.7761397157172727,0.9056191159468643,0.4500283663841649,0.7376795580109956,0.004892112692279959
0.49117654599186,0.7780154311790861,0.9060894572845293,0.43882270154160086,0.7486612834678681,0.004927142149154185
0.48835394105524,0.775231001215827,0.9075508133540817,0.4317213965608593,0.7399065023373623,0.004978236499860814
0.4713573549160124,0.7749946371094008,0.9110681254788351,0.43873653222174647,0.7390905227368876,0.005082652385525545
0.48342780146742426,0.7752082051314326,0.9102865841784609,0.4194631556070594,0.7274968125796022,0.005087987196626987
0.47987584156533813,0.7813813847854248,0.9137926745122404,0.4056772557112689,0.7428814279642211,0.005131052920725508
0.47705380295883293,0.7732086398840508,0.9117314285003477,0.4256987964528578,0.7123841903952552,0.005182152032975554
0.47566622440321016,0.7803258456211976,0.9142333124110749,0.419680802631079,0.7293157671057315,0.005248847968266431
0.47139843356137856,0.7758899421494381,0.9134511070994007,0.4099915192711332,0.7263918402038598,0.0052838752104692995
0.46857593813610565,0.780967300617132,0.9153392674990328,0.4409537045600289,0.7087122821930052,0.005334968786040953
0.45157950280964965,0.776839332017156,0.9191221398764593,0.42479937935852474,0.7197960050998518,0.005438703992463709
0.4636499268330123,0.7722985307986185,0.9164417697282294,0.4197676867194853,0.7264258393539649,0.0054447157178658155
0.4600980889578574,0.773019781029574,0.9171615579776817,0.41849194398263556,0.6957246068848235,0.0054855044276073
0.45727607506962764,0.7753083648685127,0.9201340488305942,0.4271365533947793,0.6945006374839977,0.005525560081129186
0.45588863856586803,0.7770442643460408,0.9209937885284256,0.4094940800684528,0.6992265193370031,0.005581253529112029
0.45162088839967973,0.7738346293011606,0.9204717428441824,0.4318076452994417,0.6947046323841732,0.005600412651032681
0.44879841331222936,0.7671106783689189,0.9220535505635972,0.4116257978554323,0.6903527411814139,0.00563360060867248
0.4318021043931579,0.7669065863662823,0.9225139759991787,0.4000582218694795,0.6738631534211663,0.005714314306325714
0.4438725005693489,0.7758432414651728,0.9273030689672679,0.4190282586526606,0.6751551211219748,0.00570866578702637
0.4403207637575237,0.7729202649466416,0.9246696886853847,0.41031737431202053,0.6816319592010132,0.005735888527362588
0.43749888253446967,0.8199037994510989,0.9237946103265178,0.40784792838432105,0.7082022949425664,0.005771141666044004
0.4361115367686845,0.8311603450114962,0.8959623110727382,0.39998277407790206,0.7263918402038598,0.005822043672543165
0.43184377784158823,0.817709868530422,0.8547475944751957,0.3900427260843704,0.7416914577135003,0.005839039060546757
0.42902138973743753,0.8056870884658645,0.8146601698620586,0.4033577523419889,0.7325116872077615,0.005871129648528519
0.41202519690039496,0.777126544801243,0.7569078534254372,0.6449187877985991,0.8983255418614817,0.005950475786618001
0.6216576474387523,0.8014873166698664,0.7769991753422325,0.6056588146826327,0.936472588185211,0.09815470676777648
0.7335329576274949,0.7962667272750483,0.7699748432678792,0.6050666289374764,0.9340926476837694,0.02100554591977639
0.7307111161414164,0.7988436681721142,0.7767998391499025,0.587692908586622,0.940518487037707,0.02068575180498063
0.7293238745678563,0.7774949652836196,0.7601858558775867,0.7558486433117102,0.9297407564810101,0.020468690757818
0.7232698844888605,0.7977169158281672,0.7782767773513004,0.5910080448391786,0.9349766255843406,0.10609801316180605
0.7335078451109123,0.7982199136652388,0.7770984007641972,0.6174919271855748,0.9369825754355361,0.020999801062272956
0.7165117279931454,0.797828822253441,0.7738929526134533,0.5796506505168155,0.9356566085848499,0.02071035458909998
0.7285821864343602,0.7788296179172431,0.7630143669468985,0.7602035692602984,0.924606884827881,0.020461528510645255
0.7232441540153842,0.7944902239483755,0.7716376603659223,0.5970238149365741,0.9340416489587824,0.10609838965593694
0.7334827598157228,0.7942092152751001,0.7719673419764881,0.5776752684958575,0.9299447513811856,0.02099405620476953
0.7320956358886397,0.8034022592761201,0.7770574976681028,0.5812079723537056,0.9414874628133703,0.020697874915995958
0.7278279411039046,0.7798085443586236,0.761743781323903,0.7540996840842129,0.9319677008073768,0.020454360726794116
0.72321919481469,0.801762586093659,0.7757789881769246,0.5995234399809046,0.9378325541861159,0.10609881044349502
0.7192835374989222,0.7927424168691167,0.771728032303884,0.6028592648120992,0.936506587335316,0.02097211434828718
0.7313541126479453,0.7988648730004213,0.7760297852450224,0.5987774995783859,0.9330726731831192,0.02069070934681619
0.7278025094399649,0.7715862202086019,0.7593297682419066,0.7521183853680207,0.926034849128655,0.020453803736947506
0.7231942762896386,0.7947034701433335,0.7745660608684992,0.5869449827159037,0.9366765830852728,0.10609923123105312
0.7348677144794435,0.7959875065299606,0.7762142254505173,0.5854524268516785,0.940127496812579,0.020996005115564837
0.7305999987311078,0.7982284420826946,0.777200503568463,0.5825302941745134,0.9403654908626322,0.02068354709964344
0.7277777170094093,0.7796743961066934,0.7619100054860612,0.7464092509793421,0.9278368040797886,0.020453251176443615
0.7089953008427061,0.8001918733014013,0.7748657955694244,0.6006901805136067,0.9339566510836903,0.10566940781383431
0.7341262369206261,0.79649819245824,0.7711848931940036,0.6119404786812934,0.938342541436441,0.02098368379146293
0.7305747244506198,0.7972754048414736,0.7771222830372957,0.5861413048981461,0.9416064598384537,0.02068298457311844
0.7277530425382195,0.7764481333296669,0.7601834654369057,0.7498395443874646,0.9232979175519631,0.020452696401268358
0.7245794615529699,0.7996360064278165,0.7774279495725029,0.5975749809087305,0.9341946451338572,0.1061332485831166
0.7333722794485715,0.801639719668594,0.7802849688603046,0.593170656511341,0.9381385465362655,0.02097133589130474
0.730550146975196,0.8006686601112398,0.776881246935311,0.5987037989988238,0.9364215894602239,0.02068243533462158
0.7135543684039392,0.7751917919506687,0.7616278228171723,0.7409058110961226,0.9337866553335061,0.020475208535625476
0.72383818768526,0.7973717205329499,0.774793484738829,0.5960437878333449,0.9388015299616654,0.10611711470227138
0.7333473202478773,0.8011298919458447,0.7801660887038531,0.5880590289225935,0.9359116022098988,0.020965593248472667
0.7305257040422855,0.7996099026762746,0.7764983780195969,0.5868190643226971,0.9447343816403873,0.02068188609612472
0.7291388338686406,0.7826589488720123,0.7643889146058005,0.7301993326682545,0.9282107947300346,0.02046482615629776
0.7230843181351738,0.7991109455569072,0.7767775505039247,0.5999194217585953,0.9397705057373287,0.10610062647400884
0.7333228106694887,0.7956356422626031,0.7708980845797231,0.6016372488447257,0.9359966000849909,0.020959859464326026
0.7163272038746036,0.8016724387544305,0.7755115686926108,0.5880578376416739,0.9300467488312734,0.020703693964989892
0.7283977036172411,0.774829235872748,0.7573304302169054,0.7481436765796197,0.935860603484798,0.020457662801789348
0.723059454052907,0.8010193801045573,0.7777594904147092,0.6016889901460023,0.9367275818103735,0.10610102511485334
0.7332985711147963,0.8002653035120739,0.775044281806927,0.5883178545570684,0.940127496812579,0.020954124572843708
0.7319118364223329,0.7993363317842603,0.7747364904355589,0.5812540352159319,0.939005524861841,0.020694012529147085
0.7105527421375788,0.777218086724458,0.7601188350036833,0.7358755479941868,0.931100722481915,0.02044494505151431
0.7208119050953044,0.8011915933476055,0.774941514991361,0.5878497605743755,0.937594560135949,0.1060497554729087
0.7288511297223059,0.7990451855581602,0.7729598396669459,0.582726736398163,0.937594560135949,0.020909412572790994
0.7260177081933823,0.7988145785804988,0.7762842786426918,0.6060461795283378,0.9258818529535802,0.020640561435914525
0.7231842625719631,0.7752389932548264,0.7602568386855816,0.7382309089191481,0.9295367615808345,0.02041027104939309
0.7185638264156657,0.8017618530431021,0.7762854517293223,0.5890816641733818,0.9348066298342701,0.10599855227110482
0.7287911738236339,0.8038660478480335,0.7798321795546759,0.5887062915556014,0.9300467488312734,0.020904396342164448
0.7259577282022138,0.7963726620201751,0.775831356534803,0.5761184231713352,0.9353166170844815,0.02064000666073927
0.7231243213790997,0.7810021294582302,0.7616655386590256,0.7538660738958702,0.9289247768805353,0.020409714059546478
0.7185038126324237,0.8014240240120185,0.7795509043678972,0.5887114537729197,0.9268508287292434,0.10599812041018995
0.728731193832465,0.7825961031962114,0.717854914150643,0.5904958734624584,0.917365065873355,0.020899380111537896
0.7258978505259321,0.7694895168227771,0.6948713360797135,0.5802789320738371,0.9234509137271516,0.020639451885564014
0.7230644624761928,0.7207166595465406,0.6013811346510003,0.7450289534871117,0.9198470038248843,0.02040916260637826
0.7184439615517562,0.7440812335874898,0.6435198672402367,0.591546305268039,0.9354016149595736,0.10599766640256149
0.7286714037652628,0.699771188102239,0.5863948644126551,0.238774510257465,0.8096897577560185,0.02089436388091135
0.7293885028464202,0.7058984716396507,0.5960460030570194,0.22176814123286537,0.8018699532511846,0.5827058866703517
0.7249734433338029,0.6836004325212838,0.5333557887199265,0.3607747011006681,0.8002889927751085,0.582214827590076
0.7187711946014343,0.7445370122411219,0.6522634795068627,0.5865654406149043,0.9428984275392622,0.9310063431748893
0.7284905160492587,0.7033878092405064,0.5897677098121878,0.2021578703741025,0.818223544411353,0.020890435053921724
0.7292077215128696,0.706418097208869,0.5957495662788854,0.2172899177090939,0.8054398640032332,0.5826917349203722
0.724792702675896,0.6877063202081406,0.5419173290880287,0.35407596965203925,0.7766765830853046,0.5822006979868101
0.7185903923042831,0.7451574769601316,0.642825267152773,0.576796579689526,0.937594560135949,0.9309892902054304
0.7283097869682655,0.7018434326304547,0.5956934794577258,0.2154210362023521,0.7930301742455867,0.020886506226932104
0.7290270903663103,0.7002052434283895,0.5884873632230789,0.21342921450470298,0.8065278368040936,0.5826776274638198
0.7246120715293372,0.688328894682412,0.537908715002233,0.3755131492198085,0.7943561410963866,0.5821865683835441
0.7184097696057425,0.7430263023188464,0.6474978704050915,0.5659741102094482,0.9409774755630451,0.9309723479695394
0.728129221528516,0.7002917791526787,0.5882895985241596,0.22252885351878793,0.7961410964725246,0.020882586258627916
0.7288465656022041,0.7025890880811736,0.5893327602768255,0.22286650224077964,0.7899702507436359,0.5826634757138403
0.7244316312454142,0.6879746524705646,0.5370833843699796,0.36593505207902965,0.7979090522736669,0.5821724609269917
0.7182293168062364,0.7433870347100154,0.6355205895074616,0.5897363524574559,0.9408244793879703,0.9309552950000805
0.7279488657247755,0.699415998288452,0.5850304761266467,0.23216329824706583,0.8129196770080398,0.020878662968316686
0.7286661878961938,0.7010943443576151,0.5875452639903085,0.23691003649012599,0.8049298767530217,0.5826493904040015
0.7242513067306295,0.6895871491445711,0.540743180039537,0.3680376231928417,0.7896982575434777,0.5821583977638665
0.7180489819660965,0.748577819341943,0.6562752587131895,0.5886346558629665,0.9407224819378825,0.9309384634977573
0.727768538081095,0.7045644447808928,0.5911848869965648,0.23654010405521153,0.7949001274968168,0.0208747374633341
0.728485963506071,0.7016348708073485,0.5842626577264775,0.22361156903729063,0.8003399915000955,0.5826352608007356
0.7240710573093416,0.6881944067241261,0.53872693186009,0.3823368063275441,0.7989800254993042,0.5821442238671735
0.7178687463119493,0.742319212479138,0.6430495480362817,0.5943137302631061,0.9406714832128955,0.9309215212618663
0.7275883615630758,0.7030748324112333,0.5892022820563296,0.21465488373356334,0.8089587760305221,0.020870819709701265
0.7283058142094441,0.7012539884655031,0.5897784003941217,0.23239496267657334,0.7951721206968614,0.5826211533441832
0.7238909956217929,0.6869124979720425,0.5392314255122967,0.39166354319427765,0.7996260093497085,0.5821301607040481
0.7176886320589535,0.7466163190856793,0.6435255334699986,0.6050654376565567,0.9349766255843406,0.9309046343927593
0.7274083311644848,0.7019901678968268,0.5880760082225847,0.2365109573820443,0.7875223119422117,0.020866901956068436
0.7281258370020787,0.7030057647453387,0.5895010871414343,0.23309781841916477,0.8117977050573018,0.5826070458876309
0.7237111122812978,0.6863684493037789,0.5371234906525136,0.372103067877956,0.7906162345940402,0.582116097540923
0.7175086582933732,0.7407707772721001,0.6388194419144384,0.5891333657652946,0.9479813004675179,0.9308876367900843
0.7272284884996325,0.7019845180437534,0.5889943579845167,0.21693392326093952,0.7936591585209953,0.020862991953785354
0.7279459849505394,0.705544551254877,0.5878753440076543,0.2253519113328024,0.8063748406289051,0.5825930270179327
0.7235312571008627,0.6800409356886163,0.5366835123382374,0.3706203599359996,0.7837314067148782,0.5821020011577274
0.7173288885317901,0.745469828014539,0.63699909920227,0.5912487630036751,0.9412324691882077,0.9308708052877614
0.727048705283798,0.70202075934812,0.5899185067784707,0.21967454443531453,0.8033999150020463,0.020861056331018205
0.7277663049882617,0.7071874248287943,0.590215607567905,0.21710487207290874,0.8034339141520377,0.582578997074878
0.7233515896541678,0.684511274657273,0.5312733164801362,0.386888889268334,0.7934041648958328,0.5820879379946021
0.7171492176433096,0.7410749217361254,0.6361087264497878,0.6029381276089796,0.9304887377815021,0.9308539737854382
0.7268690722549556,0.7035651538374534,0.5830303412880853,0.231667288581489,0.7925201869952616,0.02086016271112513
0.727586750181811,0.7018610079645407,0.5810355849410559,0.20918166267633898,0.8043518912027139,0.5825649671318232
0.7231720942967339,0.685712422693114,0.5379452577574558,0.38052733002932904,0.7899702507436359,0.5820739523449745
0.7169696759782207,0.7449949542878612,0.6505853680152043,0.5999174362903958,0.939107522311815,0.9308370315495473
0.726689617573165,0.7018078349802357,0.585775585340348,0.22367915437479868,0.8050488737781052,0.0208592613398823
0.7274073393045595,0.7097335597231844,0.5978622510328363,0.20029915446454183,0.7953251168720499,0.5825508596752708
0.7229927084506484,0.6837874676890088,0.5321416551243057,0.39969051315894877,0.7920781980450329,0.5820598448884221
0.7167902450760368,0.7393606561896697,0.6400636441551046,0.6071643952182462,0.9455163620908706,0.9308202000472241
0.7265102817894102,0.6993508819438528,0.5829082960111025,0.22143954624586293,0.7996260093497085,0.02085836329064651
0.7272279847474312,0.7069980474751433,0.5908305262993405,0.19902678702363108,0.7954781130471247,0.5825368408055728
0.7228134102136416,0.6848738307351936,0.5403487130597786,0.3617615582145035,0.7986400339990496,0.5820458924588648
0.7166109693670788,0.7454567225009225,0.6430992824826691,0.5925730305833183,0.9371355716106109,0.930803423911685
0.7263310836770649,0.7052015193527671,0.5956529747684116,0.2318846973493247,0.8031279218018881,0.020857460812068
0.7270488523418939,0.70481062461307,0.5935862174627269,0.21126672196063234,0.8105397365064846,0.5825228219358746
0.7226343435149136,0.692909441544564,0.5445409705375086,0.37671396038681215,0.7919762005949451,0.5820317960756693
0.7164319086132531,0.7403703886337257,0.6351204562979413,0.5908531386102605,0.9456353591159541,0.930786537042578
0.7261519763026927,0.7039301414977095,0.5889299710221041,0.2134457733094861,0.7989800254993042,0.02085656608483925
0.7268698294477054,0.7045494261841154,0.5868498892229947,0.23034222681456606,0.8029239269018262,0.5825087919928199
0.7224553425229945,0.6922592614590731,0.5402430467282016,0.35539749728556713,0.7895452613684029,0.5820178768661822
0.7162528825901688,0.7446473274103087,0.6447256896277493,0.5970088842157144,0.9396685082872409,0.9307695948066871
0.7259730619811839,0.6987562170285928,0.5869198096129092,0.23429394388121794,0.8109307267317263,0.020855670250274815
0.7266909066781784,0.7047553061149396,0.6002130502390506,0.2179606882855829,0.7976540586485044,0.5824948063431922
0.7222764917180671,0.6873689202798222,0.5443885887975892,0.364807703235404,0.7858903527410348,0.5820038358497708
0.7160740618226398,0.7440688611244302,0.6438521827622932,0.5940395371047673,0.9394645133870654,0.9307528186711478
0.7257943028528997,0.7016651404315679,0.5895439601377195,0.22153901820265332,0.7949001274968168,0.020854775523046064
0.7265121685134943,0.7005859112188524,0.5835038034788613,0.2403886164848581,0.8021079473012378,0.5824808317669213
0.7220977723267574,0.6864285594494526,0.5333709503112818,0.3630836417791272,0.7831194220143516,0.5819898169800727
0.7158953189646127,0.7448894486454996,0.6408180052595892,0.5977301651031968,0.9375265618358526,0.9307360425356087
0.7256156522972943,0.702874048075744,0.5388820803137604,0.22002648852834206,0.8164555886102107,0.02085387525913892
0.7263335617624285,0.6922751382613808,0.48712110242520384,0.22644423651739043,0.8097577560561149,0.5824669014840775
0.721919184349066,0.6221773575415472,0.4261572864815223,0.37915219475441697,0.8183595410114322,0.5819758756238722
0.7157167682207799,0.6538839396454088,0.465371058146717,0.6133920147725189,0.944836379090475,0.9307192774734264
0.725346602626896,0.405800668391922,0.36016572748170567,0.3834323082612512,0.8331491712707475,0.020853024825337328
0.7360765579992785,0.42682754420661384,0.3986731659797617,0.3592832173892706,0.8118487037822888,0.926227746785086
0.7350388222062763,0.4590567305680545,0.4789661583099442,0.743831398487955,0.922787930301638,0.9265331499653955
0.7344087965367136,0.4669590155724612,0.486765037432309,0.8040502915918162,0.9289247768805353,0.10449652893583558
0.6774787007944991,0.4380755631374836,0.4011541888688067,0.8009136092210225,0.9153931151720371,0.10473766235332725
0.6773695348764153,0.4163967997658815,0.36772199236856234,0.7922220236312809,0.9194560135996426,0.10473690936506543
0.677598631365218,0.3882421765894476,0.3323747385842845,0.8171126471663777,0.9156481087971997,0.10473645535743696
0.6775842709856885,0.35929488617852484,0.30075389961663085,0.8080653053846651,0.9163110922225997,0.1047375959131865
0.6777090156752728,0.32676283372171305,0.2660443833121211,0.4322033491115844,0.8107777305566515,0.10473839319487548
0.6754833433303582,0.32515193903136275,0.25797941051467205,0.3889802226321377,0.7865703357415441,0.9165704508600843
0.7199534490788251,0.32387034137878373,0.25386750283101217,0.38368354940720484,0.8044878878026793,0.9301451682172144
0.7342827464718589,0.32466087025115997,0.25856516675514984,0.3623591841425262,0.7942201444963075,0.9268676096339259
0.7322879378160172,0.3252949536191761,0.2594976280852344,0.3762677065543125,0.7873693157670232,0.9271198828483498
0.7307720316723878,0.3243552301852054,0.2582495967127368,0.35463420389098577,0.7955291117721117,0.927398643532219
0.7292561130131756,0.3244313199390574,0.26157442590578994,0.3800242520969621,0.7855503612408938,0.9276775813897968
0.7133141912440397,0.32214158288643774,0.25536777881624223,0.3815158549364517,0.7784615384614426,0.9320482796088285
0.7266969610912839,0.3222937623941417,0.2568115894938715,0.37718745484300786,0.7836294092646767,0.9282613687598447
0.7247022181422511,0.3211163902273419,0.25583242736369316,0.3667214166140882,0.7969910752229907,0.9284892584426137
0.7231862525496036,0.3172645671359704,0.25252685958910004,0.39859477296905776,0.7951721206968614,0.9287286644164461
0.7226091452665901,0.3221147264171289,0.2573192460532385,0.37056949224073077,0.7768295792604931,0.9290239908420752
0.7201486230195306,0.31805402861521853,0.25256274275976465,0.38955136241438026,0.7770505737356643,0.9292071995301905
0.7186323883418568,0.31845451380171497,0.25362713184701335,0.3991351379942094,0.7779515512111175,0.9294466608708066
0.7026903892889975,0.31594140909266616,0.250279610731786,0.3887839392459438,0.7764725881852428,0.9337777275458816
0.716073139424199,0.31961995154786127,0.2542155266470612,0.3999437794824654,0.7832724181895401,0.9299516613072829
0.7140784152485402,0.3172104304583722,0.2521622122501497,0.38308898110020917,0.7870803229918693,0.9301645465915995
0.7125624715581629,0.3156118975035123,0.2523651163965328,0.3796066287158981,0.7671058223544378,0.9304040632989997
0.7119853054519107,0.3146043963938347,0.2502943871965872,0.38109596812164037,0.7786145346366311,0.9306993897246288
0.709524789462642,0.3157174013579458,0.2525392611068174,0.3827253227448051,0.7780025499362182,0.9308825430459603
0.7080084609180983,0.3150104223697851,0.25222342634523265,0.3852833205541981,0.7502932426689313,0.9311220597533604
0.6920664890866313,0.3126098534367323,0.24805162484229176,0.3812937207543017,0.7666468338290997,0.9354528495945155
0.7054493152539973,0.3140378752561788,0.24893659254279007,0.3907122259612119,0.7696897577559412,0.9316271155566207
0.7034544784380947,0.3140638788837421,0.2514759266908505,0.39025437699442755,0.7758266043348385,0.9318400562077211
0.7019386098412137,0.3118911535065438,0.24784740152679213,0.39497192885495624,0.7713047173820087,0.9320794621815535
0.7013614177651277,0.3125674393102974,0.25040599753598686,0.39910225864082727,0.7528771780704346,0.9323747221670418
0.698900824492136,0.31242847348586533,0.24977406572835376,0.3796722285852068,0.7602209944751621,0.9325579419285139
0.6973845710410878,0.31047442763859495,0.24584316309839532,0.3790209950157999,0.7558011049723063,0.9327973921957734
0.6814425666691064,0.31015003202715763,0.2486991243948588,0.4078803312253352,0.7510412239693096,0.9371280270099334
0.6948253408968039,0.31094951180442043,0.24787589867842713,0.4096844864687763,0.7478623034422753,0.9333026251727423
0.6928305384987534,0.30862993423034646,0.24614158305694597,0.40434969225441475,0.7534211644708648,0.9335154550902749
0.6913146204653211,0.30706145456039513,0.24601809908881267,0.41460626358829633,0.7406034849128673,0.933754916430891
0.6907374872124734,0.3065676144915013,0.24379565326693337,0.394454198167278,0.7528771780704346,0.9340500767561686
0.688276932112009,0.30916832017245355,0.2471357872564456,0.4137657751901216,0.7352316192094577,0.9342334515446358
0.6867606129541524,0.30658850196255516,0.24331148057388458,0.4257405707037736,0.7444113897153102,0.9344728575184678
0.6708185826123363,0.3067747842337203,0.24549777762057923,0.4133209111853615,0.7412664683382673,0.9388030383249993
0.6842013609075988,0.30676838988734945,0.24628300861041158,0.39056875602912244,0.744241393965126,0.9349779133217281
0.6822065710251315,0.30250499770626693,0.24259458852038668,0.42106129867012965,0.7408414789629205,0.9351907986060447
0.6806906429792319,0.3039338725462518,0.24268852066560312,0.4149964875082086,0.7319507012324493,0.9354302599466608
0.6801134690507409,0.3038761120958026,0.2444998815182503,0.39532963080576233,0.7244028899277737,0.9357255863722901
0.6776529202080677,0.30087385535496475,0.24047874196596125,0.42520151608763346,0.7136081597959674,0.9359087396936215
0.6761365447300896,0.30286775814437944,0.2427803423615703,0.43656026052837205,0.7327496812579284,0.9361481456674536
0.6601945334745376,0.30050619286474334,0.2402932526226122,0.41685321794956964,0.7176030599234764,0.9404780496400654
0.6735773615192406,0.30211772673942083,0.24067663282702764,0.42219051385386264,0.7268338291542022,0.9366533675710658
0.6715825309611292,0.2959062561001875,0.23745497173370295,0.41984789963474145,0.7208499787504934,0.9368662528553824
0.6700665778840649,0.3009983277865245,0.24188191736538728,0.40403527351035584,0.72693582660429,0.9371056034624305
0.6694893726666171,0.29787266411205104,0.23850616580973055,0.42030292923668244,0.7253038674033405,0.937400874521276
0.6670288113083611,0.2939922800479122,0.2369407193287536,0.4202885544469186,0.7217679558010559,0.9375841385761752
0.665512535955044,0.29603349937345635,0.24149194131538954,0.41856068089169907,0.6947046323841732,0.9378235445500074
0.6495704755758296,0.29582760853627005,0.23620245385818672,0.4215886390238932,0.7063663408414413,0.9421532270554833
0.6629532401039508,0.2902519276637153,0.2348660315147731,0.4140581552371667,0.7146621334467227,0.9383286667934083
0.6609584314481092,0.2926405611033577,0.23797925070928577,0.4242266114923585,0.701351466213282,0.9385415410043682
0.6594424376954016,0.293312157886646,0.2391465405210461,0.42493903719167125,0.7036124096897538,0.9387809469782004
0.6588653232159278,0.2928820460149065,0.23932569740996193,0.4286483683005389,0.7116022099446582,0.9390763398439703
0.6564047487163109,0.28668251140546214,0.23270506428581134,0.4151880454800876,0.7073523161921003,0.939259537458729
0.6548884013983924,0.28990259510267163,0.2358507359259374,0.4341090809081072,0.6838249043772748,0.939498943432561
0.6389463219329148,0.29108550877409667,0.234671834769907,0.4213487944654042,0.6996175095621311,0.9438281830037654
0.652329080516135,0.2906076538559586,0.23624783681718664,0.419289347720883,0.7044623884403336,0.9400039992358213
0.6503342937625622,0.28586555463016367,0.23262432493844504,0.4221109759977941,0.694772630684156,0.940216829153354
0.648818331298811,0.286528626214267,0.23281878507446022,0.4349401978963805,0.6868508287292343,0.940456345860754
0.6482410735159165,0.2885012152011514,0.2348021779747717,0.4199576166074408,0.689740756481001,0.9407516722863833
0.6457805021451946,0.28843940473577123,0.23668820911150107,0.4200533558840165,0.6886527836804817,0.9409348809744986
0.6442642236629812,0.2895102085156946,0.23621828610095527,0.4527529449754888,0.6802719932001082,0.9411742315815469
0.6283221479521783,0.28678971915545853,0.23264727980909405,0.41697016202651516,0.6872078198044846,0.9455032939790425
0.6417049434563671,0.2833304946993472,0.23186732770909857,0.43250720516482244,0.6870548236292962,0.9416792873848072
0.639710097253777,0.28204847330778765,0.22961532895761688,0.4339618782958028,0.6830429239269051,0.9418921173023399
0.6381941504345043,0.2787105240206543,0.2295372279484835,0.43731843141499915,0.6742881427963994,0.9421317447433079
0.6376168676204439,0.275941439845031,0.22625013075489184,0.4301002220666763,0.6875648108796213,0.942427071168937
0.6351563494409489,0.27988981463439966,0.22920978626937066,0.44607251954365856,0.6787080322991415,0.9426101137567006
0.6336400240253006,0.33657057637333715,0.274413844135388,0.4511940347640393,0.6656353591159814,0.9428496304641006
0.6176979135837559,0.36928230309752486,0.31175662994256254,0.4209048437760159,0.6783510412238911,0.9471782610006815
0.6310806781118781,0.3945931460345058,0.3463914770696756,0.44934540503293174,0.703884402889912,0.9433546419739338
0.6290858100070178,0.4238613105535072,0.3946059794571725,0.42327890781141564,0.6989715257118405,0.9435675161848935
0.6275698882189107,0.4640614097549147,0.47477719875500535,0.628113586411964,0.8934126646832965,0.9438070328922936
0.6353800263695755,0.4566476332175459,0.4723998833642017,0.7264988567475561,0.9317467063323193,0.10225332153708416
0.7394912213339433,0.4631045284680899,0.4808052261407791,0.7272197008320345,0.93106672333181,0.1045838977209205
0.7395683173230516,0.46796002292696076,0.4862323122329872,0.8393977407833872,0.9214279643008467,0.10458509364345396
0.6643762111628533,0.46331446699590056,0.48542267218775825,0.812971476724138,0.9272078198044937,0.10632947400214034
0.6792780689277249,0.464797803737621,0.4816223805805556,0.7908700786249379,0.925728856778619,0.10473295617669087
0.6788432804025599,0.46018710346658176,0.4774453068278909,0.7983278148568378,0.9216319592010223,0.10470840654468411
0.6787120986359305,0.45649150954025963,0.46987057578677477,0.7919864676841029,0.9222269443262121,0.10470954710043363
0.679792629586458,0.4514261927689104,0.464273159729202,0.8081716073520617,0.9274628134295426,0.10476070600881035
0.6789637625975837,0.4441732189168953,0.4531265016338883,0.7596235742898865,0.922787930301638,0.10471027794198186
0.7385971149931816,0.44897488958560083,0.4586228529581946,0.764827248184359,0.9259668508286722,0.10459157155717701
0.7255757153859563,0.45091380830885275,0.46213594197107855,0.7383757686789771,0.924606884827881,0.10625910835640875
0.7405520177137519,0.44964041009494293,0.4608314452909801,0.7289089371760933,0.9229919252018135,0.10461756072556666
0.7401506908503528,0.4483463434311823,0.4554290272185757,0.7377111530539064,0.925728856778619,0.10459383052196247
0.7402281685647321,0.4482588601049535,0.4570134799163363,0.7656982333740765,0.9325966850827854,0.1045950928846367
0.7412442949527347,0.4528020929058264,0.46128158961826293,0.7511790603628794,0.919167020824375,0.10464736466537096
0.7403772510563313,0.4504980792466271,0.4618701028336593,0.7422774916563679,0.931100722481915,0.1045975622432012
0.7404544064944578,0.44996096773973226,0.4593778692204954,0.7739453123433344,0.9149851253717998,0.10459876923909148
0.7261056914878354,0.45285495479062665,0.463266430063209,0.7261388119442749,0.9257968550787155,0.10626823280240495
0.741081978484043,0.45092520635104993,0.4622322545968063,0.7292085443273846,0.9298767530810892,0.10462616472379364
0.7406805974907491,0.44933701656075636,0.45927207008665827,0.7461159973262892,0.9300467488312734,0.10460247881361663
0.7407580836531462,0.4521173879270292,0.46138685754305986,0.745826516062815,0.9234509137271516,0.1046037079562205
0.7417741943966707,0.44690990404582764,0.4577076815970197,0.7346274826840369,0.9324266893327149,0.10465599634698997
0.7409071442424766,0.44496576457226733,0.45642797688550096,0.739360282940337,0.9255248618783298,0.10460618838814179
0.7409841901692542,0.4482172907745874,0.4585899976790591,0.7690303255250561,0.9268508287292434,0.10460741753074564
0.7266355080160372,0.44874619569110025,0.46431603272548705,0.7447478111900749,0.9265448363789801,0.10627732402833079
0.7416117183542998,0.44953821211972866,0.46193659249852265,0.7439471115746166,0.9348576285591434,0.1046348130154478
0.741210353005485,0.44646402157471493,0.4572803681916099,0.7514586937040844,0.9300467488312734,0.1046111049585572
0.741287755626368,0.44629373035446857,0.4581480538913342,0.7460610792758935,0.9249298767530263,0.10461233410116107
0.7423038788854748,0.45509247361259364,0.4658029974975184,0.7551928034560806,0.9252868678282766,0.10466462249193051
0.7414367858654107,0.4526747459327226,0.46446063225296774,0.7379961074498858,0.9291287717807108,0.10461482560643916
0.741513828663293,0.44941054331955116,0.46369214984149826,0.7387584478197318,0.9203059923501087,0.1046160326023294
0.7415913095065672,0.44897254739967485,0.46197023573773444,0.7355650207677988,0.928975775605636,0.10461727281829007
0.7424809484101025,0.4504645091069731,0.46218871758922103,0.7425512877210665,0.9278028049297973,0.10468253918321917
0.7426875503293235,0.44914156025126684,0.4613855405873144,0.7470897106406442,0.9218869528260711,0.10466914042150145
0.7427534182763487,0.4486249205221222,0.45804975808518966,0.761830064809256,0.9269018274542304,0.10467040278417568
0.7428078407230432,0.45176368924535093,0.46270731926818687,0.7572550695654452,0.9164130896726874,0.10467327078358467
0.7427782103940155,0.45125109380976713,0.4611984686836998,0.7253852473438704,0.9225329366765891,0.1046849642483565
0.7429598675054616,0.4480993232727568,0.46162709683148406,0.7454906939715666,0.9307267318315553,0.1046740237718465
0.7430286015209133,0.45020416173183586,0.461070633228179,0.7499224972488359,0.9251678708030795,0.10467544116151581
0.7430801234813291,0.4490989360432699,0.4612262996106635,0.745186202568505,0.9335826604334443,0.10467814306057295
0.7430943026977999,0.4527482762673738,0.46350270741754185,0.7336945905958618,0.9323246918826271,0.10468543486602015
0.7432328198474192,0.4470672059677896,0.45645106234503907,0.7338442948980972,0.9198470038248843,0.10467890712219155
0.7432999478007281,0.4503823466550313,0.4621476816908666,0.7626981115060385,0.9291967700806936,0.10468018609490097
0.7433539509754032,0.448833260642133,0.4623172037758161,0.7235124346100943,0.9222949426263085,0.10468303748427478
0.7425082689883524,0.45184681360265777,0.46472355859414993,0.7255631055851737,0.9325966850827854,0.10463425934760823
0.7425644420521706,0.45564652573906783,0.4677559078524073,0.755326663722085,0.9260858478537557,0.10463438115453294
0.7426418446730532,0.45167609149171817,0.4608174678531102,0.7545225093919596,0.9258308542285931,0.10463562137049359
0.742719222262771,0.4549367718863597,0.46675839909000344,0.7351178933292914,0.9305907352315899,0.10463686158645423
0.742796577950219,0.44853507713068563,0.4616917493984168,0.746376133369776,0.9232469188270898,0.1046380907290581
0.7428739242509801,0.4521827188230112,0.46317711168984366,0.7219236629569252,0.9309477263068402,0.10463933094501873
0.7429512580361584,0.45356203390276584,0.46606196190460925,0.7319615548233236,0.9341266468337608,0.1046405490142658
0.7430286387547715,0.4525368466074545,0.4673283332692193,0.7496851146709145,0.9294857628559612,0.10464177815686966
0.7431059537665758,0.454269874672313,0.4683931174431917,0.7554226412548446,0.9296387590309223,0.10464303498286551
0.7431833563874592,0.45186237572960436,0.4638351645953424,0.7376684257782549,0.9255758606034306,0.10464425858879096
0.7432606651414719,0.4517260712362797,0.46139821213629384,0.7457432058171678,0.9229069273267214,0.1046454877313948
0.7433379864110679,0.4475740478504652,0.4596255011680622,0.7438119806089645,0.9278028049297973,0.10464670580064188
0.7434153577429945,0.453280059748269,0.46214584459293606,0.7518118687873956,0.924606884827881,0.1046479570899593
0.7434926664970072,0.44716800935901735,0.4579646761039199,0.7361238109378412,0.9260858478537557,0.10464918069588477
0.7435700403320507,0.45426102442778343,0.4624955793447687,0.7337538766762961,0.9265958351040808,0.10465042644852382
0.7436473428282717,0.45339611416693865,0.4650998183840559,0.7294122136552801,0.9335316617083436,0.1046516445177709
0.743724657840076,0.4500395114250221,0.4618375220125279,0.734880272495186,0.9283467913302275,0.10465288473373154
0.7438019916252547,0.44919421473639737,0.46050268222937984,0.7476066471410432,0.9297917552059971,0.10465411387633537
0.743879287863686,0.45366945978000117,0.46371471515885115,0.7228093803206825,0.9257968550787155,0.10465535409229604
0.743956618519968,0.45068915513205654,0.46201100603156875,0.7369988464826855,0.927105822354406,0.1046565721615431
0.7440339116295029,0.4524417896174224,0.4641503397723689,0.7303746098008985,0.9294347641308605,0.10465781237750377
0.7441112172546198,0.4527492417485952,0.465334249786974,0.7366376501078487,0.9323756906077278,0.10465903044675082
0.7441885479109032,0.4537970213044874,0.46333727121545976,0.7362545738734545,0.932222694432653,0.10466028173606824
0.7442658253759595,0.4484902180124539,0.4602462189315199,0.7397009892833561,0.9260858478537557,0.1046614998053153
0.7443431529033466,0.4513962449717649,0.4617850208523895,0.7173466822449148,0.9247258818528508,0.10466275109463276
0.7444204366261946,0.4502918685490881,0.46198725656073036,0.7261338879831405,0.9308967275818532,0.10466396916387984
0.7444976796733989,0.4515305183786681,0.4631626008295625,0.7289380441398967,0.9341946451338572,0.10466519830648369
0.7445749759118292,0.449608763766019,0.4614988651825541,0.7363223974671462,0.9275478113046347,0.10466644959580113
0.7446522846658423,0.4487196628367934,0.4609335591621009,0.736778380093823,0.9269528261792175,0.10466765659169139
0.7447295151974642,0.45560975878381405,0.4677875723379443,0.7354558200168313,0.9319167020823897,0.10466889680765204
0.7448068239514769,0.45178521590073195,0.46436802481029527,0.7658812141233342,0.9288227794304476,0.10467013702361268
0.7448840826431593,0.45223675001284624,0.46626842515156164,0.7356648898182292,0.9305907352315899,0.10467135509285976
0.7449613538504245,0.45475070219985614,0.4660450738838733,0.7370161200560204,0.9221929451763344,0.10467260638217721
0.7450385781242548,0.45086861842390624,0.46187196206529996,0.735949407411205,0.9253718657033687,0.10467383552478104
0.7451158712337893,0.45248632690858026,0.4618022984264215,0.7501144523143553,0.9282107947300346,0.1046750646673849
0.7451931393121596,0.45369759461796433,0.4638913665117941,0.7461764746876434,0.9314577135571653,0.10467630488334555
0.7452703604570936,0.4548926636979669,0.46688848775720304,0.7574002470001859,0.9235869103272307,0.10467753402594941
0.745347541865053,0.4545810456941165,0.466828328333402,0.7306978440237626,0.9272078198044937,0.10467876316855328
0.7454248318456926,0.44896689754660135,0.46073382456299083,0.7416430948572919,0.92239694007651,0.10467998123780034
0.7455020592484183,0.4550468617765949,0.46691382200167797,0.7417615875994328,0.9263918402039053,0.10468122145376098
0.7455793335845793,0.45139442843672606,0.4646198621627635,0.7344878248508904,0.9230769230767919,0.10468243952300804
0.7456565234405574,0.45395825666846257,0.4639433453163763,0.7513128015007917,0.9223459413514092,0.1046836797389687
0.7457337664877621,0.45562915422879524,0.46450232109576733,0.7437718741513366,0.93106672333181,0.10468493102828613
0.7458109688593222,0.45317231919567263,0.4695692474587291,0.7433550449575521,0.9288227794304476,0.10468614909753321
0.7458881993909428,0.45183934721454555,0.4610269634183337,0.7394736134651594,0.9275988100297354,0.10468737824013705
0.7459654549537302,0.4525897049163985,0.4644281842340964,0.7375222953187781,0.926816829579252,0.10468860738274091
0.746042641680813,0.451005457507759,0.46205071390732266,0.7467175544813469,0.9267488312791556,0.10468983652534476
0.7461198941147038,0.45081064485241706,0.461917601775336,0.7406166077981964,0.9250658733531054,0.10469106566794863
0.746197065197308,0.45112565991982434,0.4613420035797291,0.7378020477880753,0.9279558011048721,0.10469229481055249
0.7462742791457821,0.45655448931067466,0.46778321199707285,0.7502389411704582,0.9271568210795067,0.10469352395315633
0.7463514377128035,0.4569049947526096,0.46758164030003213,0.7303636897258017,0.9284657883551972,0.10469476416911698
0.7464286432132599,0.45270629571352444,0.46023975588819765,0.7519300438546246,0.9306927326815639,0.10469598223836406
0.746505861229299,0.4530546645812749,0.46354361051363613,0.7366866514630102,0.9268508287292434,0.1046972224543247
0.746583016667425,0.4544200248815239,0.46400323913565733,0.7270911616208044,0.9275988100297354,0.10469845159692856
0.7466602252967762,0.45124192888987646,0.46529257201102947,0.7565366080428062,0.93106672333181,0.1046996918128892
0.7467374339261292,0.4573271156581065,0.46952584325340385,0.7471169512643403,0.9257968550787155,0.10470092095549305
0.7468145862353586,0.452360260092059,0.4631375344029788,0.7632765975206188,0.9288567785804389,0.10470213902474013
0.7468917854780228,0.4501720863001469,0.4636186659242725,0.7476661714776613,0.9277518062048102,0.10470336816734398
0.746968923081444,0.4517270295657885,0.4635479597876527,0.7078685335732942,0.935860603484798,0.10470460838330463
0.7470460472306124,0.4570660155652022,0.4679135574153085,0.7553884117830867,0.925728856778619,0.1047058375259085
0.7471232777622343,0.45153030382728554,0.4631224945470285,0.7348059365658,0.9309987250318272,0.10470707774186913
0.7472004206847775,0.4511731919906968,0.45940214990037387,0.7497726341091446,0.931151721206902,0.10470828473775938
0.7472775604784254,0.45310698829969065,0.4631761909275073,0.7337681720473319,0.9295367615808345,0.10470953602707683
0.7473547284321334,0.45557746880074257,0.46647107033353774,0.7526086768851834,0.9295367615808345,0.10471075409632391
0.747431874483572,0.455145011882392,0.4668850570321519,0.745213403482837,0.9232979175519631,0.10471199431228456
0.7475090580817589,0.45620643333035704,0.47243219858081303,0.7385536269202804,0.9243178920527271,0.10471322345488841
0.7475862103909892,0.4537206124054539,0.46664363580361323,0.7593732861686686,0.9256778580535183,0.10471445259749226
0.7476633091961027,0.45644515750199116,0.47152889974168627,0.7343900206873875,0.9274118147045556,0.10471567066673934
0.7477404740209153,0.4361840692094129,0.39366560665378275,0.7249071466014525,0.9105822354440534,0.10471688873598639
0.747817570010024,0.40778753756124236,0.35386172150595807,0.729402524570467,0.9207649808754468,0.10471812895194706
0.7478947254481492,0.38756567820103244,0.32374063284792187,0.7314701911533337,0.925320866978268,0.10471936916790771
0.7479718621129012,0.3582794967296827,0.2942301003670787,0.7478970814292529,0.9235529111771257,0.10472059831051155
0.7480489800042784,0.3285794063070025,0.26556970907938504,0.36916854587922643,0.820348491287632,0.10472182745311541
0.7472777228681102,0.32838715754068193,0.2653301291541819,0.3744206651977644,0.7998300042497704,0.9273664865040965
0.7457614130969406,0.3265288082253565,0.26194171114029907,0.35954434616685726,0.8011559711006839,0.9276451364543978
0.7442452128371184,0.32772919996757416,0.26337866213852273,0.3731693437197676,0.7938121546960701,0.9279239082116238
0.7427289875461311,0.3266372943440072,0.2644765603347006,0.3599919501177322,0.7873183170420361,0.9282027907024176
0.7412127434817708,0.32698385740428804,0.26377945692463517,0.38875820757807955,0.7925201869952616,0.9284816621198547
0.7396965056752007,0.32491897914020607,0.2595686049171276,0.3800308041420202,0.7913812154695279,0.9287602899234425
0.7381802397085702,0.3245841395250526,0.2605208553333188,0.36549090284282126,0.7831704207393386,0.9290392720744475
0.7366640050308972,0.3249814278959493,0.262522190704311,0.3549698274354143,0.7966510837228498,0.9293178777313216
0.7351477797399095,0.3278587890026254,0.26600401363843795,0.3642920771440168,0.7895452613684029,0.9295632079510372
0.7336314887421138,0.32391893726692794,0.26161743413904315,0.38046212725366035,0.7725796855078215,0.9298027800252213
0.7321152571933349,0.3224186616935564,0.26066676694712876,0.3725559134648775,0.795784105397388,0.9300420752654855
0.7305990256445569,0.3242955518241892,0.26157020434328015,0.37985266793516925,0.7903612409689913,0.9302814812393178
0.7290827502912394,0.32037999982049203,0.25669707853177537,0.36735065119584553,0.795886102847362,0.9305209979467178
0.7275665650501169,0.3208218344221876,0.25668837113025833,0.3796694489297274,0.7731406714831337,0.9307603374804093
0.7260502803101128,0.3207186763295365,0.2571482686768561,0.3671772801126729,0.7783595410114685,0.9309997656009552
0.7245340174723776,0.31900632744209806,0.256650376403659,0.3824501765617305,0.7733446663833092,0.9312391051346466
0.7230178453726173,0.31816358212699736,0.2564382358600896,0.39173243894079723,0.7646408839777905,0.9314784446683381
0.7215015700192993,0.3187699579718873,0.25669259202875677,0.370231724390647,0.7753506162346184,0.931718027815879
0.7199853322127296,0.31939892786528634,0.25626092713595944,0.382988159025043,0.7552571185719898,0.9319573230561432
0.7184690349571423,0.31982967910014576,0.2586485446620862,0.3995565734742166,0.7686697832554046,0.9321967290299754
0.7169527627327201,0.31540408839817335,0.25083212236116925,0.3826150498410097,0.7598810029747938,0.9324361350038075
0.7154365405706291,0.31571398999096345,0.25136959413460225,0.3950907789813731,0.7709307267317627,0.9326754856108559
0.7139202714751032,0.3176835949257025,0.2557962785885085,0.385075164068172,0.7609689757755405,0.9329149469514719
0.7124040148951596,0.3143840110016228,0.24999596723803655,0.40318779626411927,0.7670548236294508,0.9331543529253041
0.7108877426707374,0.3140419249135242,0.25229044500576514,0.39110733413289456,0.764419889502733,0.9333937588991362
0.7093715142508548,0.3146887991197958,0.25274321881779693,0.3905261478815629,0.7606799830003865,0.9336330984328277
0.7078552169952679,0.3140849800122144,0.25419679267491063,0.3933389209703049,0.7545431364216029,0.9338725265533736
0.7063389385130545,0.3145549476639449,0.2548891484041794,0.385530630473117,0.7607819804504743,0.934111976820633
0.7048227007064849,0.31478577634470173,0.2533661798327639,0.39579879694128306,0.7537271568210144,0.9343512720608972
0.7033063909353148,0.31285474882129943,0.25430840412099576,0.38243202938238796,0.7620909477261648,0.9345906226679455
0.7017901249686842,0.3113990184059698,0.25262791546888247,0.39340662543590454,0.7600509987249779,0.9348300840085616
0.7002739340955495,0.30942877428690363,0.25081892956331914,0.39894731270254513,0.7407054823629551,0.9350694899823938
0.6987575773909449,0.31100428784513856,0.25318649505486435,0.40709472116819256,0.7419804504887679,0.9353088959562259
0.6972413583577493,0.3122434701197329,0.2544851860628278,0.39884462428727163,0.7454823629408338,0.9355483019300583
0.6957250736177443,0.3081893788912693,0.24824898892105995,0.3976156194718361,0.7408414789629205,0.9357877521973176
0.6942088139089053,0.3086286558616922,0.25001127048513594,0.401833349567845,0.7346876328091412,0.9360271138777226
0.692692526040005,0.30986719841558097,0.2521978331363507,0.39874400075892535,0.7477093072673142,0.9362664091179869
0.69117628510454,0.30831598298021096,0.25083555197953494,0.3716576876514639,0.7338206544835657,0.9365058593852463
0.6896600285245964,0.30491238758535616,0.24641124247271254,0.4038376400057866,0.7140671483211918,0.936745287505792
0.6737174387362366,0.3072404900010295,0.24790650517262586,0.4166353723787304,0.7280407989800324,0.9410667535805286
0.6871000724765195,0.30674963398428107,0.24920361362032373,0.40838249584233055,0.7271398215044655,0.9372502768689116
0.6851049728333809,0.305361042239124,0.24717773949039432,0.41326507981959404,0.7326816829579457,0.9374630514196602
0.6835886943511675,0.30401848839325296,0.24717457215649222,0.4160105058270116,0.7248618784529981,0.9377025127602765
0.6830109140426974,0.3035792116016229,0.24803552920837413,0.3969732013812346,0.7267318317042282,0.9379979499194735
0.6805502644495838,0.3007888134267972,0.24336108553806846,0.40265362589974973,0.7290607734806827,0.938180992507237
0.6790336136287869,0.30312245745437144,0.24587166025003032,0.41500296013453863,0.7082022949425664,0.9384202877475012
0.6630910100732859,0.30301418356279664,0.24630701925902798,0.41300057574606863,0.7228219294516975,0.9427415545018156
0.6764736763540844,0.3029555708069803,0.2454392029704147,0.4057585010699887,0.7208499787504934,0.9389254542843294
0.6744785329064058,0.2998439742296613,0.24408114492546845,0.4216765555557631,0.7144241393964421,0.9391381734682942
0.6729622969771736,0.3003073354867379,0.24346952965025148,0.4107975002320019,0.7094602634933835,0.9393775794421262
0.6723844813121822,0.29889529853197866,0.2436252037795346,0.4151641404429667,0.7144921376964248,0.9396729612345396
0.6699239108801294,0.294113981637763,0.2392491811744651,0.39938832489899845,0.7119932001698999,0.9398561145558709
0.6684072006103148,0.29679525332957823,0.2423362759510556,0.42788567054641713,0.6945516362089847,0.9400954651629192
0.6524645385444656,0.2929581361263442,0.23804363103158535,0.43332648876262736,0.7117722056948423,0.9444163443497459
0.66584727898009,0.2922910150636883,0.23778980164521635,0.4127805858695739,0.7147301317467054,0.9406004102326115
0.6638521136301425,0.2964429367163891,0.24150064871690657,0.4246953805342395,0.7120441988950006,0.940813306590285
0.6623358069878691,0.2907472594010963,0.23776077771128318,0.42698327524978485,0.6978325541861068,0.9410527568575443
0.6617579925744357,0.2889914311396086,0.23611564544753627,0.426140443999135,0.7292137696556438,0.9413480832831735
0.6592974052463458,0.29022166161535234,0.23710826708677035,0.43543430151248597,0.6942966425839359,0.941531125870937
0.657780745038862,0.29021015272160755,0.23822674542785055,0.4230096783235755,0.6752231194220712,0.9417705318447692
0.6418380247755531,0.2901498344610929,0.23779323237026756,0.431308022081742,0.6891457713556974,0.9460911341976761
0.6552207702174102,0.2888499076839039,0.2361961236171245,0.413848966307677,0.6942966425839359,0.9422754769144615
0.6532256236408376,0.2862694504684712,0.23557553644255588,0.42822304130286115,0.6799830004249543,0.9424883511254212
0.6517093076118763,0.2872017146660424,0.23556762142785712,0.42277753738170043,0.6909137271568397,0.9427277128058262
0.6511314763024068,0.2915646424184747,0.23717977003695043,0.42880045516461385,0.6787590310241285,0.9430230392314555
0.6486708495502316,0.28313803138164406,0.23309187521527797,0.4385654245723214,0.6849128771780215,0.9432061925527869
0.6471541956005393,0.28445607595033123,0.23604968256497116,0.4425997371160686,0.6808839779005211,0.9434455985266191
0.6312114575025252,0.28784816102109867,0.23718821404731838,0.4470881262370212,0.6829069273267123,0.9477659240456061
0.6445941926190262,0.28153630339911256,0.2313369774568606,0.44419819785405057,0.6676583085421726,0.9439504993028843
0.6425990272690796,0.2798748943736725,0.23234200061381202,0.44224278964317865,0.6748831279217029,0.9441633181470601
0.6410828207514663,0.28102669022774596,0.23346127134171052,0.4242031035488776,0.6662813429663856,0.9444028237811034
0.6405048405065634,0.28012724970981034,0.22902060280982134,0.4258219748999492,0.6672333191669395,0.9446982166468734
0.6380443094985955,0.2850978331061294,0.2351905736778749,0.4314076528759885,0.6657883552910562,0.9448813699682048
0.636527652420007,0.27790827349107894,0.23238052433608053,0.45553109149883286,0.6472928176794994,0.9451205544749013
0.6205848320320371,0.2787062615998546,0.23029818489855033,0.4301368738096376,0.6760730981725374,0.9494405477931847
0.633967633794017,0.278231389661105,0.22983591351155425,0.45064596612227414,0.6472928176794994,0.9456256102781615
0.6319724621862788,0.27484932145800967,0.225862793043127,0.452715459335884,0.6599575010624221,0.945838440195694
0.6304561743173784,0.27682873139093056,0.22873695931607188,0.4405242080791323,0.6522736931575537,0.9460778461695263
0.6298782084653953,0.27252143269975476,0.22941216363345565,0.43699063061527643,0.6459838504036952,0.9463731725951555
0.6274176912245681,0.27190375983061027,0.22605593401002574,0.45221853635493536,0.6683722906926732,0.9465563259164869
0.6259009809547535,0.27471547179008693,0.22844645437222,0.45517251594201924,0.6420739481511646,0.9467955104231833
0.6099582037455433,0.2714161024173898,0.2255387798756944,0.44876906332400646,0.6534636634083881,0.9511153376411147
0.6233409748443459,0.27083679401733485,0.22439866361971061,0.45570215943889414,0.6395240118996526,0.9473007876935793
0.6213458313966682,0.2712441001498677,0.22603086758344196,0.447193435470318,0.6485337866552072,0.9475135068775441
0.6198294997232288,0.26860694898314985,0.22503534421482588,0.45205473522848405,0.6518487037823206,0.9477528021178083
0.6192515038338473,0.26992754850121736,0.2280548957619567,0.4447277619321972,0.6400339991499777,0.9480482392770055
0.6167909853414626,0.2715414254557849,0.22583060177529174,0.4541811319606892,0.6274543136421471,0.948231337231553
0.6152743376495611,0.26819196906283493,0.22562611506864302,0.4753086579080783,0.6317892052697971,0.9484707985721691
0.5993314628188062,0.26896288793884743,0.22525566316424311,0.4798750759292678,0.6254143646408465,0.9527901274890449
0.612714322152466,0.2704064700973123,0.22916545687496714,0.4512134129336658,0.6340161495961638,0.9489757436418614
0.610719147415832,0.2678886738646987,0.22583482488716122,0.4534211344433188,0.642175945601366,0.949188462825826
0.609202770060516,0.2656665008303675,0.22403032327124545,0.4700802053704771,0.6260093497662638,0.9494279795332261
0.6086247341212703,0.26138541763624523,0.21972738617662158,0.472514707057867,0.6101487462813111,0.9497234166924234
0.6061642681943318,0.2662151176551508,0.22398019041807787,0.4511514663258438,0.6047768805779015,0.9499063485466189
0.6046476111157437,0.262989918695396,0.22205009770483608,0.47269804519140046,0.6069188270292898,0.9501457545204511
0.5887047353463206,0.2615557160082043,0.2200297636425216,0.4474342727629066,0.6046748831279274,0.9544648066034072
0.602087570587484,0.2601762882889738,0.21822499863545675,0.4564085890242444,0.6276243093922176,0.9506506995901436
0.6000923927219537,0.2601530559501017,0.22004664944988653,0.4563785290357054,0.6169995750105954,0.950863529507676
0.5985760516618268,0.2606260094419057,0.22033398705983628,0.4573786887864768,0.5932341691457168,0.951103001921649
0.5979980470115378,0.2566995868348268,0.2155724704810456,0.4569559428974581,0.6064088397789646,0.9513983726407054
0.5955375560534346,0.25902726372359147,0.21947434917707084,0.44447370142140086,0.617203569910771,0.9515813044949011
0.5940208082368721,0.2543844862329351,0.21599147267834753,0.47218361038093315,0.5871653208669159,0.9518207658355172
0.5780779543697188,0.2578782391582091,0.21627353361183144,0.4771732110941451,0.593081172970642,0.9561396518181214
0.5914607770952984,0.255133025611821,0.21789993190342777,0.467508706377328,0.6046748831279274,0.9523257662719935
0.5894655804563955,0.2553655581881408,0.21513711147204795,0.4587592642442553,0.5967870803229971,0.9525385408227421
0.5879492143651035,0.25470930808645237,0.21653712396431388,0.4595837497687425,0.5939991500212045,0.9527780021633583
0.587371164032938,0.2556978410659857,0.21947118405653973,0.45745346151886657,0.5849213769655535,0.9530733285889874
0.5849107563034588,0.2515103255177152,0.21317852160717116,0.47067695769249207,0.605694857628464,0.953256371176751
0.5833939834557316,0.2494194454139982,0.21303788622715283,0.47387745301121464,0.5575180620484161,0.953495732857156
0.5674511033058534,0.24917113973520572,0.21167929918653744,0.4795547801993385,0.5821334466637609,0.9578142755656996
0.5808339710875319,0.24883587459314355,0.2156508370946991,0.48227518930744373,0.5782915427114403,0.9540007665137027
0.5788387431596718,0.2509736431135854,0.21500571248921588,0.4760167552867163,0.5578240543985657,0.9542135521378081
0.5773224114862314,0.24753402865383778,0.21350780923769863,0.46698668707833857,0.5693157671057634,0.9544529581116403
0.5767443129690726,0.24455756089978417,0.20879642772544654,0.4890147419822526,0.5637399065022919,0.9547483952708374
0.5742838407843438,0.2467204837819001,0.2130421071256513,0.4782865822416469,0.564249893752617,0.954931437858601
0.5727671399012162,0.24489645017228298,0.20988746469285913,0.48504261430251083,0.5473353166170227,0.955176159043693
0.5568241899769655,0.24087859291768032,0.20748586198206398,0.48049569357903965,0.5773055673607814,0.959506948884848
0.5702070993729556,0.24390898458587776,0.21000277025514455,0.4928192961459641,0.5539141521461488,0.9557063513668701
0.5682118651873043,0.24228530084520017,0.21000382381974092,0.48000008100710256,0.5612069698256619,0.955931694177577
0.5666955178693862,0.24255044523166527,0.21158457576118822,0.47192526125882583,0.5253378665532864,0.9561838345117193
0.5661174099655404,0.24133427859904671,0.20989669887667436,0.4869902394780412,0.5495622609433894,0.9565185820875264
0.5636569315230195,0.2466942673908825,0.21441362246628226,0.47488797690598683,0.5190650233743099,0.9567625281376433
0.5621402713155357,0.24020720979181043,0.20807399449764818,0.49864386565575614,0.5230089247768319,0.9571938907514559
0.5461973145077148,0.23875915244909152,0.20710168939083023,0.49945719284896306,0.5344156396089375,0.9617052759685236
0.5595801275337182,0.23671495157450145,0.20376604411770757,0.4908174676885899,0.5296557586059407,0.9580856835406593
0.5575849058636493,0.23642976987683573,0.20689746607533066,0.4819438543743262,0.5284317892052286,0.9584918542677715
0.5560685585457317,0.23490306514899217,0.20430034745055292,0.4733959372634937,0.5279218019549035,0.9589247782248919
0.5554904112178001,0.23628419676378565,0.20600352979553718,0.4795019667452345,0.5163280917976181,0.9594136004870958
0.5530300316483818,0.23394351984916753,0.20335891665582484,0.47794079310003745,0.5167360815978554,0.9597900503245796
0.5515132681873416,0.23283456454240178,0.20504045887253447,0.49508312698693246,0.5329366765829491,0.9602227306678507
0.5355703192017596,0.23583426463532758,0.2086848162793614,0.48787825998490963,0.5211389715257155,0.9647337393907873
0.5489531682100641,0.2302590110776097,0.2021135236215601,0.4948972871634676,0.5107012324691595,0.9611146895574058
0.5469579809578478,0.23142295232786286,0.20314466676969167,0.4910326130226781,0.5285167870803207,0.9615208602845181
0.545441555417538,0.23137073588513835,0.20222117534692485,0.4892445400716525,0.49261368465784017,0.9619128571149371
0.5448634456363544,0.23192745202461235,0.20155388825761086,0.5008391184251173,0.5063493412664002,0.9623471541682995
0.5424030253912933,0.2257468882272045,0.19917524041746476,0.47114076306387465,0.49920951976196193,0.9626689459166604
0.5408862869614177,0.22531336391572582,0.1981192964472695,0.5026934265952749,0.510157246068843,0.9630473778850099
0.5249433032450939,0.22903282847128315,0.2025190640964353,0.49892111643512216,0.4750361240968459,0.9675035181250449
0.5383261963708268,0.22669449553051926,0.20066179571586104,0.5118676000855658,0.5024394390139832,0.963829943082822
0.5363308845885624,0.22608342994999275,0.20028791529978093,0.500445479499902,0.4914067148321237,0.9641816771879472
0.5348145529151234,0.22881372144772555,0.202452574431572,0.5156987595231493,0.47539311517209626,0.9645599430559447
0.5342363849364808,0.224460173524152,0.20053672918746218,0.4963943301858236,0.48537186570331414,0.9649942401093072
0.5317759071197381,0.22334652848174968,0.19657469106763586,0.49602265053889383,0.4759881002973998,0.9653160872244522
0.5302592187521933,0.2235383499332334,0.1984929134722005,0.504339697407499,0.4548746281342346,0.9656942977256658
0.514316208440257,0.22162416362060322,0.19869634440088185,0.49670406322493177,0.47554611134717106,0.9701502164985648
0.5276990937437502,0.21803812320605992,0.19384775602029164,0.5245231332260678,0.45847853803650196,0.9664770733172569
0.5257038407847254,0.22070170352724977,0.1982390862992025,0.5039064285370234,0.4732681682958173,0.966828652395387
0.5241874590489557,0.2174198093646601,0.19567890662305676,0.5157858421583754,0.4738291542711295,0.9672068075298166
0.5236092941992077,0.21320543913500895,0.1914952303846967,0.5284705616814089,0.44535486612824116,0.9676412153167471
0.5211488508003184,0.21517163270276565,0.19436675831940864,0.5140328325757517,0.4419889502761407,0.9679630070651081
0.5196321123704433,0.21338340950682183,0.1939691306458612,0.5160320005057386,0.46211644708876065,0.9683412729331057
0.5036891145740894,0.21405202313192884,0.19532982702904034,0.5210813241023888,0.46328941776448573,0.972796748771733
0.517071974846417,0.21316536987639234,0.19168863695611552,0.5092560343441526,0.461759456013624,0.9691239377911287
0.515076706242914,0.21393181178022258,0.1949469736069231,0.5109243835627537,0.4621674458138614,0.9694756276028268
0.5135603683116825,0.21160434944284046,0.1895746352464192,0.49701498754495943,0.4339481512962493,0.9698540042043924
0.5129821158528576,0.21296757853268955,0.19537890631761154,0.5119793422358287,0.4451508712281793,0.970288079790619
0.5105217256451939,0.21209691114308007,0.19330474528592922,0.516364288463592,0.4311602209944567,0.9706100930061157
0.5090049684419444,0.21108557313951143,0.19404855082411104,0.538792415209687,0.42335741606450483,0.9709882481405455
0.49306194467575626,0.21055656452316368,0.19319524539577881,0.5134067747431132,0.40401189970248197,0.9754435689521779
0.5064448090156493,0.2068021441836068,0.18837093105495412,0.5206392794624719,0.41961750956227206,0.9717709129985685
0.5044495873455799,0.2027808791378782,0.18857462758815557,0.516774764159138,0.42811729706750157,0.9721227135438344
0.5029331336452096,0.20531870731790786,0.18923901516145852,0.5391540086781639,0.4053208669782862,0.972500868678264
0.5023549794337079,0.20601673236170404,0.18987569132983179,0.5311537631154568,0.4305482362940438,0.9729350992914859
0.49989450349430387,0.2055169277643757,0.1925926042332845,0.517692129885994,0.4164215894602421,0.9732570682135555
0.4983777775800111,0.20739061929148056,0.1935168858294986,0.522560736167134,0.40411389715256973,0.9736352233479854
0.4824347275310994,0.20218323911011382,0.1882978455445085,0.5282130464559454,0.42087547811308923,0.9780902562523409
0.4958175486922318,0.19963560593190233,0.18849468062760755,0.523159632794804,0.39694007649802643,0.9744179435727924
0.4938223770844936,0.20388535389660534,0.18915352370655353,0.5300051300527338,0.3936251593710267,0.9747695780177065
0.4923059046107494,0.19869971849785856,0.18600494812367446,0.5250196194040126,0.3909392265193219,0.9751478438857039
0.4917277478961313,0.1997362054993167,0.1875983649739882,0.5210663139628011,0.3777305567360827,0.9755821409390665
0.48926724629978224,0.19636735187345733,0.18466799899796266,0.5261729381716864,0.4093837654058916,0.9759040434209953
0.4877505710735992,0.19505506264560665,0.18291099189698157,0.5401830371365546,0.36277093072669686,0.976282309288993
0.47180753698205535,0.19696371174463925,0.18364899176302835,0.5288781783027481,0.363280917977022,0.980736788525509
0.4851903647138691,0.1961702006080458,0.18522605180164634,0.5160716304509989,0.3770505737355734,0.9770648634134481
0.48319510236815644,0.19236611877514476,0.18392445685092995,0.538613643653012,0.3968720781980437,0.9774165532251463
0.48167871750349045,0.1939190398940059,0.18460915874327802,0.5200331557305558,0.38487037824052095,0.9777949298267117
0.4811005151069949,0.1911329024593274,0.18180675881166236,0.52472457882958,0.38929026774326303,0.9782291161465063
0.47864002477467116,0.19052610287545696,0.18184554813845094,0.5470046293573632,0.36028899277516757,0.9785509078948673
0.47712327695810863,0.18875769886347488,0.18224687214156965,0.5611507726032552,0.3508202294942748,0.9789290630292969
0.46118026101415976,0.18707475245508468,0.1805695508233585,0.5393117342719251,0.32390990225246696,0.9833834315322453
0.4745630424383176,0.19022280767732075,0.18122390739928596,0.5310775608459635,0.3700127496812229,0.979711838620888
0.47256776757702257,0.18939839041407308,0.18106084614428777,0.5411876046267288,0.34670633234168236,0.9800636391661539
0.47105137645456496,0.18799850343258973,0.18137984381303263,0.5479227892714988,0.3420994475137604,0.9804417943005835
0.47047321160481825,0.18558918795484225,0.18170095967782524,0.5329839279923103,0.3541011474711695,0.9808759806203782
0.4680126574430221,0.1818134519354305,0.17782255820800524,0.5403885330951939,0.33557161070973507,0.9811978831023072
0.4664959540567786,0.18516483392703875,0.17955476448692265,0.5413326232240137,0.3097322566935645,0.9815761489703047
0.4505528811669284,0.18333419213483956,0.1787982940398744,0.5396312755239383,0.33550361240963866,0.9860345038816978
0.4639357602126304,0.18216705049313028,0.17678508481881144,0.5365819140445549,0.2998725031874301,0.9823562669562657
0.46194050537626774,0.18270181266238636,0.17938220344358913,0.5362865557952106,0.3217339566510873,0.9826912802926356
0.4604240285220693,0.17745330298098766,0.17548164391668036,0.545370191935608,0.3201529961751248,0.9829933171724806
0.45984583864115747,0.17987432760043698,0.1768890468547179,0.5384446405998784,0.29851253718663884,0.983350986596846
0.4573853733399984,0.18060965776587146,0.1795207272676727,0.5119780318268172,0.28282192945175666,0.9835967043840493
0.4558685482397129,0.17427776372664883,0.17447002712751764,0.5487021649584956,0.3074373140671014,0.9838986305303266
0.4399255551367016,0.1765154917362138,0.17570618376459612,0.5621845264759604,0.30060348491281275,0.9882785639289221
0.45330837942673075,0.17720413730873685,0.17500934153230874,0.5415800125616603,0.32741181470464653,0.984528638091622
0.45131305262576715,0.1737672923497521,0.17413361244236766,0.534133990592137,0.32278793030161523,0.9848039217414586
0.4497966568099665,0.17124416809113888,0.17043252633679085,0.5505809340968701,0.28161495962592653,0.9851058921811627
0.44921843595298716,0.1688137657883446,0.1686488724623314,0.5724619849353001,0.2868168295792657,0.9854637830726639
0.44675797941273565,0.2907500301534089,0.2727560470734432,0.5642467528759607,0.154798130046629,0.9857094344197265
0.4452411974912107,0.34266034560151254,0.3172849069301841,0.5679021586685324,0.2611474713131656,0.9860113605660037
0.42929812022090674,0.38966039519864043,0.36362908204820216,0.5366661773149377,0.34764130896724055,0.9903910946441771
0.44268098456079974,0.43186910120027555,0.4218675388646921,0.5304273597200204,0.3491372715681109,0.9866413238338719
0.4406856643305175,0.4790428533846321,0.48663046447546177,0.44729699749159924,0.7969910752229907,0.9869167182172764
0.4568026165229777,0.4605676550417126,0.47269908685608664,0.7710827437121515,0.9206969825754641,0.10117703555037769
0.7237404869795503,0.46293135689553305,0.4799511305389996,0.7742289960396662,0.9342966425838313,0.10483683533675191
0.7221160769921591,0.46606937826477923,0.4807583912104027,0.7173775761300978,0.9312367190819941,0.10478776929280878
0.7531304986733249,0.4670517375282801,0.484415145708205,0.740237780465749,0.9319167020823897,0.10475556797125911
0.738780572471192,0.4737394650354373,0.4935451682841465,0.7918010249542777,0.9319677008073768,0.1064466135069592
0.7232225909180419,0.47546555593892714,0.49399530154457433,0.7887804924731496,0.9277518062048102,0.10481513709411898
0.6925594882124688,0.4734000447482667,0.49211429033327475,0.7858588363083523,0.9259668508286722,0.1048548184681813
0.6925910121491521,0.4678301120648357,0.4870736034835272,0.7807011855667423,0.929366765830764,0.10485521710902579
0.6934585206865598,0.4664507969850811,0.4814305587827734,0.7898531218131997,0.9209689757755086,0.10490728403265942
0.6924971258801431,0.4604475599053385,0.47489382127303625,0.79631121451606,0.929281767955672,0.1048567563056198
0.6924652033221528,0.4613430544657636,0.4765530748437681,0.7757338220973637,0.9196770080747001,0.10485763110080634
0.7072157098331795,0.45926858217902605,0.4693076358599214,0.7156755533708348,0.9257968550787155,0.10641854254749278
0.7541091152343551,0.4567309757020917,0.4706502578555082,0.7376265323992475,0.9231959201018753,0.10478794646651743
0.7537068403155698,0.45825777697805736,0.4695853386659048,0.7236654744989046,0.9333786655332688,0.10476424948298363
0.7537835358060332,0.4586347151503206,0.47022347565913847,0.7236290213027636,0.9327156821079825,0.1047654564788739
0.7547983455547418,0.460147241607635,0.471274273541757,0.7335488969393891,0.9323246918826271,0.10481776701635694
0.7539309318228717,0.46000433250758466,0.46997505575149545,0.7379433337051453,0.9259328516786809,0.10476791476408161
0.75400720491242,0.4564596397203122,0.4687809775105127,0.7503975403702272,0.9222269443262121,0.10476909961325832
0.739657227709289,0.4597126588426691,0.47509118756517543,0.7114419792385944,0.9288567785804389,0.10646107531092891
0.7546331248450966,0.4589893793132203,0.4718289000471315,0.7291724485155193,0.928975775605636,0.1047964840246037
0.754230848987643,0.4610487149999201,0.4711106832910896,0.7264710601927644,0.9289247768805353,0.10477275382099949
0.7543075372816461,0.4568379653248492,0.47284632029505824,0.7414221519560613,0.9305907352315899,0.10477399403696015
0.7553223545397043,0.4570750803611143,0.4686356033031817,0.7364631274531206,0.9333276668082817,0.10482629350108641
0.754454889493946,0.45564151954014204,0.47092282121402773,0.7361877430138621,0.9328176795579566,0.10477644124881108
0.754531146939017,0.4550454779201776,0.4680903393571405,0.7519355237468548,0.9250148746281184,0.10477764824470136
0.7401810789979111,0.45930364345078867,0.47118469841735555,0.7165689346418416,0.9361665958350613,0.10647010009671398
0.7551570042937796,0.45936673943653583,0.47272969777702734,0.7151401123068175,0.9253718657033687,0.10480501050933315
0.7547547365714546,0.46165786213350113,0.47136662423339337,0.7412000177739113,0.9274118147045556,0.10478130245244255
0.7548313225505701,0.4583907809559473,0.47178667999529167,0.737061587277787,0.9280577985550735,0.1047825205216896
0.7558461160290206,0.4577886603801443,0.46987624201653677,0.7239465373772134,0.9323246918826271,0.10483484213252944
0.7549786904073481,0.45886415282294735,0.47068218573219434,0.7378829754718834,0.9321716957075523,0.10478497880689733
0.7550549206310264,0.46018816728385353,0.473715455752788,0.7519101891726305,0.9273608159795685,0.104786191339466
0.7407048192107362,0.45884465546605946,0.47389263388802916,0.7269458253486076,0.9324776880577019,0.10647909166242868
0.7556807404390411,0.45501084575118,0.4692704335201403,0.758060772560766,0.9279558011048721,0.10481354253074099
0.755278420777048,0.456493217011679,0.47241227824180604,0.7332185150310069,0.937645558860936,0.10478983447385039
0.7553549848538945,0.4585157839551968,0.4747068888117947,0.7446088284161163,0.918181045473716,0.10479104700641904
0.7563697188833274,0.4571253747810369,0.4717659739095794,0.7495873502167754,0.9300467488312734,0.10484336861725889
0.7555023370661931,0.4592846735327162,0.4743303634173686,0.721240145674596,0.9302167445813438,0.10479349421826999
0.7555784568398547,0.46194069449352804,0.4752265573355829,0.7383434849660548,0.9234509137271516,0.10479471228751705
0.7412284139299135,0.4567351236954874,0.4706250608400353,0.7391712663677532,0.925728856778619,0.10648812752157054
0.7562042078121651,0.46280113493390335,0.4762415982096838,0.7260555414079917,0.9314067148321783,0.10482207455214884
0.7558019225680246,0.4563943177639712,0.46895762665008467,0.7206591976794483,0.9313047173820905,0.10479836649525824
0.7558784553559135,0.4592641123585566,0.470301840059421,0.7406777999281025,0.9268508287292434,0.10479958456450532
0.7568933060931551,0.45827386833174755,0.4692014294658201,0.7267924280755211,0.9346026349340946,0.10485188402863155
0.7560257891077282,0.45534887860607687,0.46872108369123167,0.7351730893452351,0.9327156821079825,0.10480203177635622
0.7561019057524945,0.457132097391023,0.4687245144162829,0.7513508033621283,0.9244368890776968,0.10480326091896008
0.7417518102771061,0.45391019715877473,0.46865393001506817,0.7080881263561492,0.926034849128655,0.10649710801392845
0.7567276254358482,0.4528473882785359,0.4713270403064155,0.7233415652168527,0.9359116022098988,0.10483060103687829
0.7563252838715857,0.4532269868879426,0.46910394154009094,0.7198923304421079,0.928975775605636,0.10480689297998769
0.7564018135305788,0.454918123795361,0.46741461932431355,0.7431932690086642,0.9279558011048721,0.10480809997587798
0.7574165575724785,0.4586862897268257,0.4732936868417351,0.7351246439211696,0.9273268168294635,0.1048604215867178
0.7565490499737391,0.457645751280094,0.4726043656441084,0.7244857111214453,0.9367785805353606,0.10481055826108568
0.7566251853918788,0.4559115682136263,0.46832293144875703,0.7625201341366434,0.925320866978268,0.10481175418361915
0.7422750417314976,0.45700517236897165,0.4734296984897328,0.7392363500153301,0.9344666383339018,0.10650613833639191
0.7572508331106325,0.45978758197337855,0.47513169225448965,0.7324574453608088,0.9327156821079825,0.10483910537489416
0.756848466515204,0.46265661669848407,0.4734603094106735,0.73956581860834,0.9300807479812647,0.10481541946471713
0.7569249617563454,0.4565097374681342,0.46989523273972345,0.7317342584238553,0.9295367615808345,0.10481662646060742
0.7579396776381842,0.4573352149727972,0.4709629186430778,0.7384607467179121,0.9312367190819941,0.10486894807144727
0.7570721637816531,0.4544209832110325,0.47039788929399967,0.7348930589103901,0.9253718657033687,0.10481908474581515
0.7571481990751319,0.456460712477225,0.47358326216976665,0.7561726717218542,0.9283127921801224,0.10482028066834861
0.7427980422733889,0.461114778946459,0.4750092707044367,0.7214288048629041,0.9327666808329695,0.1065151243654282
0.7577738374071985,0.45927455385917326,0.4718581829454717,0.7104244267863962,0.9288227794304476,0.1048476429329804
0.7573714739406663,0.455590259638998,0.4704817893351551,0.7312693808996451,0.9297917552059971,0.10482394594944662
0.7574479585435614,0.45970200100274167,0.4722675547655493,0.75959871622803,0.9305907352315899,0.10482514187198008
0.7584626005834632,0.4591444284456657,0.47505307331654206,0.7344374336679893,0.926034849128655,0.10487745240946313
0.7575951167643304,0.457787705626492,0.4708308689291715,0.7423259370804334,0.9334466638333652,0.10482760015718778
0.7576711583156,0.4586061547854488,0.4707718958722268,0.7464515017426256,0.929366765830764,0.10482880715307806
0.7433209943173966,0.4608347178751232,0.4739861620930379,0.7292295108715703,0.9297407564810101,0.10652412700449969
0.7582967371986493,0.46330061770415787,0.4769160012867653,0.7383896272470092,0.9288227794304476,0.10485615834435308
0.7578943893765953,0.46039192851977534,0.4758080851521008,0.7271575556773928,0.9331746706332069,0.10483246689749766
0.7579708001375534,0.4574283570917403,0.47215818325091696,0.740405830494147,0.9291967700806936,0.10483366835670953
0.7589853983729151,0.46025764617323117,0.47320278369473323,0.7505692039507481,0.9198130046748929,0.10488598996754937
0.7581178832648261,0.4606159362544957,0.4765511049435774,0.7385493780183336,0.9304887377815021,0.10483611556856046
0.758193934202783,0.46270149369599767,0.47322310244052035,0.739735536430026,0.9284147896302102,0.10483731149109395
0.7438436944853049,0.46088342103895863,0.47538129410224716,0.7435052257721557,0.9323756906077278,0.1065331185702144
0.7588194505079189,0.4577900549641308,0.47054669422638185,0.7454064307011836,0.9277518062048102,0.10486466268236894
0.7584170275923685,0.45981858464815484,0.47381914997080343,0.7332743463967744,0.9301827454312388,0.10484094355212155
0.7584934289666396,0.46070428136211095,0.4734012124049528,0.7273647591386834,0.9287717807054605,0.104842194841439
0.7595080660003082,0.4577657570200587,0.47221214523591587,0.743015053383085,0.9234509137271516,0.10489448323220844
0.7586404463871039,0.4622487831271358,0.4744782608676405,0.7199501075667107,0.9295877603059353,0.10484461990657633
0.7587165035828525,0.4576295526507126,0.4682284758412989,0.7514545639302297,0.9318147046324157,0.10484583797582339
0.7443662823258586,0.4595710281112731,0.4738202035353998,0.7403802576637386,0.9264768380788837,0.10654212120928588
0.7593419332175779,0.4593273048924259,0.4725244164701894,0.7609201247334658,0.9242668933276263,0.1048731891670984
0.7589394946575498,0.4640358423818293,0.4756809070677672,0.7473731560807924,0.9349086272842442,0.1048494811102078
0.7590158991607163,0.4591971902064875,0.4712415599183655,0.7231844352635513,0.9234169145771602,0.10485069917945486
0.7600305455810719,0.4584579176593989,0.4721932873149892,0.7260280228187481,0.9235869103272307,0.10490299864358112
0.7591629134522844,0.46076865392858424,0.4728948683745893,0.7376866920856895,0.9237569060773012,0.104853135317949
0.7592388799100589,0.46295565483960516,0.47356703816033097,0.7660195615474692,0.9214279643008467,0.10485434785051767
0.7448886552112803,0.4651409607947041,0.4739909208406896,0.7313851336956707,0.9328686782829436,0.1065511017016438
0.7598643599200043,0.4589486681883843,0.47456533488281105,0.743733395777632,0.9331066723331105,0.10488170457847104
0.7594619025866027,0.4578206356878548,0.47021819676930166,0.7329226405599305,0.9359116022098988,0.10485799098490206
0.7595382632852306,0.4625398292292574,0.4728402556585161,0.7438011399525959,0.9299957501061726,0.10485920351747074
0.7605528458761137,0.4629859173121117,0.474836185092176,0.7387735373780471,0.9339566510836903,0.10491179642555196
0.7596851930966153,0.45761996935562604,0.473048035861214,0.704300250125313,0.9263408414789183,0.10486164519264325
0.7597611680024081,0.46150653189168633,0.47579964335510383,0.7362638261552636,0.932222694432653,0.10486284665185513
0.7454108463078626,0.4619877956737073,0.4761542696568482,0.7193437455786105,0.9340416489587824,0.10656009326735849
0.7603865873117774,0.4601460794543129,0.47473089503366905,0.7345525908235551,0.9304377390565151,0.10489019784313014
0.7599840486270883,0.4579121776110698,0.468527944937704,0.7321269840336986,0.9256268593284176,0.10486650085959633
0.7600604249701943,0.45887513070202035,0.4695415360537994,0.7265355084905174,0.9324266893327149,0.1048677078554866
0.7610749293386858,0.46183423052165773,0.47226307490264374,0.753685594836544,0.932528686782689,0.10492078245458826
0.7602072765591887,0.45986707326060783,0.4757417194360135,0.7279156471452919,0.9280067998299728,0.10487015506733752
0.7602832555325447,0.46280614113282914,0.47446440516517563,0.7397943459980925,0.918181045473716,0.1048713620632278
0.7459329698203003,0.4592297948649201,0.4746753615552596,0.7410001605449585,0.9263068423289269,0.1065690737597164
0.7609086372951661,0.46142159636312524,0.47574884649063603,0.7323999064923896,0.937594560135949,0.10489894579499542
0.7605060807757726,0.4587459707697342,0.47083073612691145,0.727689383189287,0.9339906502336817,0.1048749941242554
0.7605823601231125,0.4602652180491065,0.4751608423505699,0.7231132760832844,0.926442838929006,0.10487622326685926
0.7615968801360826,0.4618878343966559,0.47655453566862854,0.732072343948851,0.9215469613259302,0.10492978509365976
0.7607292367432712,0.46079454312874346,0.47348762240882314,0.7421716264919753,0.9308967275818532,0.1048786704787102
0.7608051750409848,0.45856576548768657,0.47184855478161836,0.7471693676248046,0.9197110072248051,0.10487987747460045
0.7464548564753364,0.4635115145614772,0.4749171723370944,0.7354425173798951,0.9241648958775386,0.1065780653254311
0.7614304817101103,0.4597126588426691,0.47595214461705737,0.7321794003941631,0.9260858478537557,0.10490792075067494
0.7610279617987952,0.460013075476423,0.4728815438811646,0.724207149933068,0.9326306842327767,0.10488350953562806
0.7611041995318244,0.4646086409353525,0.476741211378834,0.7375123679777813,0.9295367615808345,0.10488481619172949
0.7621187039003163,0.4410749467671201,0.3960966272785492,0.725568903152316,0.9188950276242167,0.10493875451266085
0.7612509979295914,0.41614892140192594,0.36222669682222336,0.7394144465128172,0.9226349341265632,0.1048873852105051
0.7613269205828264,0.3964018320685589,0.3371774172235766,0.7510330093221307,0.9171270718230744,0.10488864757317932
0.7469766004527298,0.36193374302873393,0.30246182853572623,0.7342830039514392,0.9249468763281357,0.10658705689114578
0.762424740559223,0.3326567300531312,0.27332913884772875,0.3594531337577762,0.8118997025073895,0.10494225369340698
0.7616313080008297,0.3322662626282709,0.27235921001601726,0.3518440254303532,0.7881342966425109,0.9287686392344633
0.7596569476168069,0.3325156321243351,0.2715700215188355,0.3464458153617025,0.8034849128771384,0.9290177897622719
0.757655389933023,0.3298490677509998,0.27055972323477795,0.35670453100123956,0.7979090522736669,0.9292701515635502
0.7561387109521647,0.3312336107327756,0.27081038484457065,0.37958875950210347,0.7901402464937064,0.9295488679539923
0.7401949268643309,0.33016770873677187,0.2704578754108514,0.35381527767745635,0.8071398215042791,0.9338980395674211
0.7540468120381569,0.3297900285743107,0.2718317650345549,0.36548593917232264,0.8067318317041554,0.930156241574006
0.7525166534618979,0.329474798955521,0.27137529710632285,0.3763538361648029,0.7940501487463507,0.9304351794315837
0.7509784689553771,0.33071760393020944,0.2750022394002437,0.3545651890163741,0.7931491712706702,0.9307171624622794
0.7492994462844353,0.3286759580049997,0.2703861068561513,0.3546867790889059,0.796549086272762,0.9310115476525813
0.7479427183271485,0.3272813972615877,0.268175798718166,0.35887552134920364,0.7934041648958328,0.931204556261457
0.7464147093022095,0.3281173252065084,0.27021433775696185,0.36576863013455485,0.7827624309392149,0.9314441837024251
0.7448743783732645,0.3254667431232438,0.26629319764247655,0.36597940743860446,0.7890012749680864,0.931686579482591
0.7432883192600008,0.32572719777407233,0.2670145755349817,0.361779586265754,0.786859328516698,0.9319427615919623
0.7418394506445947,0.3268414811068377,0.2692124825979238,0.37397385543416894,0.78393540161494,0.9321598547518596
0.7403144610039698,0.32562020278753023,0.26818529739981584,0.38205995264181825,0.7787165320867189,0.9323995929263956
0.7387718647545651,0.32461078144297895,0.2640111209497911,0.3639802792179814,0.7722226944325712,0.9326419887065616
0.7368115412222607,0.323559586944248,0.2626527988496845,0.38539418909845335,0.7719167020824216,0.9328529361534397
0.7347946863675858,0.32393620150150926,0.26563963079732217,0.3749974040003292,0.776319592010168,0.9330650352294239
0.7332780355467889,0.32173768633295896,0.261889204225396,0.36498460845197145,0.7662388440288623,0.933304286176261
0.731761331534766,0.32333238239392786,0.2644554518581404,0.37464899404069674,0.7707097322567051,0.9335436257099525
0.7302446056204728,0.32085444444440475,0.2607936807549649,0.3828583491141655,0.7703527411814548,0.9337829873903575
0.7287279516707801,0.3202947442527853,0.26123985872141436,0.39101099921585925,0.7657458563535329,0.9340222272638379
0.7272112570454432,0.3197593437931662,0.26083009292129866,0.38214143625672214,0.7606289842753995,0.934261577870886
0.7256945874512728,0.32111958704294163,0.2602820666882485,0.3801163381120509,0.7634169145770784,0.9345008177443663
0.7241778458925019,0.32075618706291636,0.26312008485002,0.37474461418918015,0.756515087122807,0.9347399911777059
0.7226611387515827,0.31668419313071555,0.2580651631473551,0.38007504037350315,0.7576370590734314,0.9349794192982518
0.721144494188577,0.31832577939633755,0.2577590915652548,0.3908662982934863,0.7713557161071094,0.9352186480983752
0.7196277119541623,0.31723174435029894,0.25667359466545714,0.3906557195362568,0.7515002124946477,0.9354580540722076
0.7181110986801134,0.3178413170107886,0.26101373542788464,0.38142309386217543,0.7431874203143707,0.9356972385789039
0.7165943383479676,0.3175380218126524,0.26053985291795556,0.38247503462358745,0.7541861453463525,0.9359364230856003
0.7150776312070488,0.317536104259671,0.2596329854607643,0.3919505227678206,0.7440033999149591,0.9361757847660053
0.7135609397106082,0.3136665905128454,0.2533899259835457,0.3873779895045768,0.7458733531660755,0.9364151242996968
0.7120442325696899,0.31581054168896067,0.257905267012888,0.387175511457601,0.7523671908202232,0.9366544195399611
0.7105275160420836,0.3108768314508297,0.25161840802228347,0.3848850753427604,0.7569910752230271,0.9368936040466573
0.7090108558345993,0.3135623659210303,0.2549954809604277,0.4011788201212272,0.7537611559711195,0.9371328992869216
0.7074941111469326,0.3120524990068953,0.25711898024508834,0.39042592144685684,0.7451763705906842,0.9373721502337587
0.7059774196504924,0.3118459682702106,0.2561485244097415,0.3849193048145183,0.743901402464985,0.937611600501018
0.7044607093806778,0.31266910591325425,0.25663348838292305,0.3825576301006828,0.7422864428388039,0.9378507850077145
0.7029440178842368,0.31145699197745896,0.25792452776733676,0.4229210470231537,0.7408074798129292,0.9380900802479789
0.701427320130005,0.3124231454598657,0.2565501106973238,0.41053017679363335,0.7318997025073486,0.9383293754882431
0.6999105566689647,0.30850588830905584,0.25181814704813554,0.39045419451401653,0.7291627709306567,0.9385685599949394
0.6983938307546715,0.30783216013657483,0.24965665082350458,0.3929697033039423,0.7455673608159259,0.9388078552352037
0.6968771799338747,0.3113180265106125,0.2568234642292907,0.3970073514342647,0.7325626859327485,0.939047150475468
0.6953604102150424,0.30928916909935156,0.2540002209829607,0.3956207004437957,0.7281427964300065,0.9392865564493001
0.6938437343630803,0.3071096234912881,0.25072446952911903,0.3836369306138827,0.7298767530811574,0.9395257852494237
0.6923269677731434,0.3073683726374183,0.25201155140618337,0.40993088307232317,0.7163620909476549,0.9397650361962608
0.6908102668900162,0.3068945675554184,0.2501276318253887,0.3953391610531194,0.7313217169570407,0.9400043314365253
0.6892935566202021,0.30733384434704847,0.25232421883386597,0.3945325447424266,0.7209009774754804,0.9402435159432215
0.6877768526081782,0.304946489633646,0.24887485055872344,0.39996927289414574,0.717858053548639,0.9404829772838377
0.6862601298227808,0.30410502215082114,0.24890915116912246,0.413261585395563,0.7201869953250934,0.9407221507171772
0.6847434101662793,0.3053633867493567,0.25115824597785114,0.4230034836627934,0.6975945601359399,0.9409615123975823
0.6832266717364042,0.3023937399413395,0.24684528231259373,0.4119527647585115,0.7245558861027348,0.9412007522710626
0.6817100021422329,0.2998949141274183,0.24521228817541513,0.4246653205457005,0.7054823629408702,0.9414399921445429
0.6801932730990443,0.2987827618620185,0.24748697619302576,0.40745738678949683,0.7044623884403336,0.9416792873848072
0.6786765659581255,0.29921010286523003,0.24451254642711676,0.4172071872201608,0.7139821504460997,0.9419185161849307
0.6771597899815021,0.2997207806673757,0.2466246999720274,0.4035328706371768,0.7152231194219212,0.9421578778653359
0.6756430890983744,0.2968655886365578,0.24398325416621713,0.412962097372364,0.6956226094347358,0.9423970623720321
0.6741263444107077,0.3007267903767555,0.2500503209897026,0.4159863625337068,0.689740756481001,0.9426364683458643
0.672609637269789,0.2986972936738917,0.24462257309956534,0.41250293799656834,0.7091542711432339,0.9428757082193447
0.6710928738087478,0.294107161228105,0.2427428744172692,0.41768330249437935,0.699566510837144,0.943114948092825
0.6695761604100374,0.2940579265132193,0.24332731281665312,0.42450020901023744,0.6921716957075432,0.9433542433330893
0.6680594407535363,0.29236454790143895,0.2393407372659122,0.42975987310793307,0.7041903952400617,0.9435935385733536
0.6665427085814524,0.2950997433286052,0.24504315785713282,0.4126897705541328,0.7058223544411248,0.9438328338136178
0.6650259983116378,0.2923353479946544,0.24145420997993933,0.4156844919486684,0.6869528261793221,0.9440720736870981
0.6635092285928055,0.29606355176440086,0.2460597879316123,0.4171399989762927,0.6794050148746464,0.9443113135605785
0.6619924839051388,0.2893893595887966,0.2399090800313785,0.4243548727380404,0.6983085422864406,0.9445506641676268
0.6604757173152018,0.290202692591244,0.24145368209095563,0.42328184630435084,0.6815809604759124,0.944789904041107
0.6589590965318033,0.2880623646516013,0.23728716058453708,0.4236410572109883,0.671058223544378,0.9450291992813714
0.6574423581019282,0.295748534372687,0.2441120148108163,0.4379196311857809,0.6909137271568397,0.9452684945216356
0.6559255789964089,0.28923760560800127,0.2416982750801384,0.4464739415042154,0.6834679133021382,0.9455077897618999
0.6544088436954283,0.2880796288861826,0.2397114547748322,0.4209544010622732,0.6762430939224942,0.9457470850021641
0.6528921177811364,0.2816232628623822,0.23598925975002097,0.43380268345557393,0.6793030174245587,0.9459863802424284
0.6513753856090516,0.28497293380671473,0.23892543139818156,0.4395821431278757,0.6725031874202614,0.9462255647491248
0.6498586315346984,0.28389935981085723,0.23642673031495337,0.42799653909067237,0.6498257543561294,0.9464648599893891
0.6483419337804661,0.28459802493294467,0.23674546680592012,0.4385468405899746,0.6561835954100843,0.9467041552296533
0.6468251734483212,0.27964342740255266,0.2357515259975696,0.425573235443927,0.677127071823179,0.9469433951031336
0.6453083505382629,0.281626459677982,0.23667580980715472,0.4305419887410453,0.6549936251592499,0.947182745710182
0.6437916590418222,0.2801532533373736,0.23553147265267244,0.43414446195142053,0.6696812579684774,0.9474220409504462
0.6422749143541546,0.2784999436266243,0.2332314548173289,0.42555191151546534,0.6679133021674488,0.9476613361907106
0.6407582009554456,0.27944733995441284,0.23690087643736862,0.4401221904781154,0.6585635359116395,0.9479005871375477
0.63924142623038,0.2749744335208787,0.23218922932059644,0.4463262226701792,0.6500297492561913,0.9481398159376712
0.6377247003160869,0.2773204402494246,0.23595363997050547,0.43302684190197205,0.6453718657032823,0.9483791111779354
0.6362079681440025,0.27843536366048116,0.23559057629850616,0.4456862665601451,0.6566935826604094,0.9486183510514158
0.6346911640073181,0.27647470909425026,0.23303488312537898,0.4519723780075724,0.6424139396514192,0.948857701658464
0.6331744537375039,0.2746084768035449,0.23039000659451753,0.45642220933609257,0.6404589885252108,0.9490969968987284
0.6316577027920456,0.2769404161131092,0.23587395640110653,0.4250659086096136,0.6380620484487736,0.9493361260386407
0.6301409455887961,0.2728144964788364,0.2297773366480187,0.43382956669499406,0.6337441563960056,0.9495753659121211
0.6286241696121722,0.27199732747646205,0.22955912925453617,0.4593616155865925,0.6229154271143216,0.9498147718859533
0.6271074656001496,0.27201309879100655,0.22997337934429946,0.4609158003837275,0.6414619634508654,0.9500539563926496
0.6255906896235262,0.2692386883773118,0.22736491497977174,0.45146397902043134,0.6271143221418924,0.9502933180730547
0.6240739011313199,0.2718338500505394,0.23104014227194652,0.4655253824835721,0.623374415639546,0.9505326576067461
0.6225571846037137,0.27151840766829527,0.2297448819890343,0.4446560468208347,0.6348831279217393,0.9507718421134425
0.6210404086270902,0.2687776710940894,0.22879896469128763,0.44730787785733206,0.6322481937951352,0.9510112480872747
0.6195236701972147,0.26928280729327375,0.22839262740285213,0.4513747520795497,0.6208924776880167,0.951250432593971
0.618006916122861,0.26738204653340575,0.22775990431508625,0.4337367659113536,0.6127836804079152,0.9514896835408082
0.6164901714351942,0.27277314885156545,0.23439927362475843,0.44955840606136444,0.6101147471312061,0.9517290230744995
0.6149733923296745,0.26807453078774796,0.22848286653855376,0.44361713073081077,0.6119337016573354,0.951968096847628
0.6134566651638242,0.26320902571895366,0.2229973341716992,0.4487134702144231,0.5988100297491883,0.9522075028214604
0.6119399267339483,0.26493075050180886,0.22592875592569214,0.43237429792355364,0.6022949426263722,0.9524467980617246
0.6104231476284294,0.2643791496248802,0.22381554438944312,0.4564228049765522,0.6196345091371995,0.9526860379352048
0.6089063810384925,0.26302743121670413,0.22279522241213434,0.45550321552531314,0.6142626434337899,0.9529252778086851
0.6073896175774518,0.2638742261891502,0.22602479852015783,0.46882836767074854,0.58594135146609,0.9531646394890902
0.6058728854053679,0.26051880169190933,0.22377227298637797,0.45095808172322127,0.6000169995750184,0.9534038129224297
0.6043560374641439,0.2640131929075464,0.22713509845539015,0.4643995823051421,0.6112197195069484,0.95364305279591
0.6028393021631637,0.2619368057497196,0.22723457177490705,0.4573321494118825,0.5904462388439242,0.9538823480361744
0.6013225167998537,0.2592184486726403,0.22220365917149892,0.4685118840397622,0.5887292817678826,0.9541215768362978
0.5998057783699786,0.2625425433042465,0.2279063453672396,0.46653475480678885,0.580059498512469,0.954360827783135
0.598289014908937,0.25735498588269784,0.2222564303628994,0.4633401761833005,0.5906502337440998,0.9546002337569672
0.5967722139011484,0.2562355872873872,0.2204144630160535,0.4601719248681362,0.5869953251168454,0.9548394182636636
0.5952554473112119,0.2554137285493763,0.22336039784369854,0.4316189066924059,0.5813854653633825,0.9550787688707119
0.5937386901079624,0.2578763207112636,0.22283084219164984,0.4720751243985175,0.5778835529110893,0.9553180087441921
0.5922219078735482,0.2537367609728461,0.2192991497955044,0.4860483333642407,0.5833064173395996,0.9555573039844566
0.5907051381547159,0.25311610315759203,0.22016907764005245,0.4662916540804529,0.561767955800974,0.9557965438579368
0.5891883371469273,0.2539000238473862,0.22099969380225573,0.47307369577472924,0.5667658308542514,0.956035894464985
0.5876715987170513,0.25146769773386185,0.2155653478531651,0.46019320908723405,0.5738206544835975,0.9562751343384654
0.5861547914514711,0.25028137341062573,0.21491494657121604,0.4727700382683113,0.5658818529535665,0.9565213504267244
0.5846379841858913,0.24880816528208913,0.21644319071241194,0.4737805224537195,0.5768635784105527,0.956773269293731
0.5831212363693292,0.25251420249695616,0.2178286901310258,0.4706118343355514,0.5469273268167854,0.9570250774271696
0.5816044322326439,0.24917199257695127,0.21788330727384092,0.4878981146669039,0.5629919252017999,0.9572769962941762
0.5800876406115427,0.24914790739633352,0.21725849920077384,0.4684937368604196,0.5428304292391886,0.9575289151611829
0.578570924083937,0.24434804611095406,0.21284263370431938,0.48950197587838806,0.5329366765829491,0.957801829112666
0.5770541011738781,0.24438214905320801,0.21240252480115404,0.4780416151752036,0.5584360390989787,0.9581019060083589
0.5755373158105677,0.24710242457723278,0.21566904207118048,0.49765649232018916,0.5671908202294844,0.9585269568088005
0.5740205586073186,0.241000293613567,0.2087618615105274,0.4681132020253205,0.5601359966000246,0.9589595928586444
0.572503738826156,0.24151246352224215,0.21132230457782225,0.48766919018351174,0.5478963025923349,0.9593923396420561
0.5709869409472628,0.24145534279249856,0.211090639888655,0.47008834579009484,0.5163280917976181,0.9598249756919
0.5694701493261607,0.24189589902553982,0.21536613782298228,0.48981980962774974,0.5218019549511155,0.9602577224753117
0.5535265329471342,0.2408721992864808,0.21298907254310173,0.4847320076573949,0.5190650233743099,0.9647607030145746
0.5669092076759501,0.2404567938392572,0.21482444404436532,0.4854524943575973,0.5475563110921939,0.9611489062298916
0.5649135792494446,0.23699415980409172,0.20944155011755877,0.477736766387866,0.5200679982999645,0.9615555752580592
0.5633967813705518,0.2377853251789028,0.20875737722087984,0.4849250745851059,0.5242668933276491,0.9619881559411193
0.5628179832323226,0.23781005043781178,0.21065765582674117,0.4892769826220309,0.5225159371016161,0.9624760480413527
0.5603574034135832,0.2361271165449189,0.20998799379034339,0.4839504876647427,0.5092392690181669,0.9628489986980904
0.5588402144227316,0.23461831434201974,0.20929432110532914,0.5049549542931324,0.5137951551211017,0.9632270430989519
0.5428965094959577,0.23441839357584532,0.20977084217482822,0.503330761887286,0.5124181895452011,0.9676756091629416
0.5562792696436256,0.2367128167882452,0.21049723290997593,0.4963535486690078,0.5268678283042618,0.9640092207292764
0.554283616185955,0.23131745026135758,0.20670749244233402,0.48437295558821347,0.5025074373140797,0.9643613424018892
0.5527667682447315,0.23221582696202148,0.20792359593814547,0.48075154101121576,0.5144071398215146,0.9647394421695349
0.5521879525846867,0.2303649386710237,0.20668691030539782,0.4927252643720399,0.5155971100722354,0.9651726318872182
0.5497273934166578,0.230154571040448,0.20785631388646386,0.49135600608299823,0.4845558861028394,0.9654953537975498
0.5482101574923721,0.2297120981483894,0.20679245268819882,0.5069572195535104,0.46449638759031586,0.9658734646385524
0.5322665223399716,0.23178465020025335,0.20802940171209555,0.5006695197315236,0.4794390140245923,0.970321964262401
0.5456492377444309,0.22855838384737046,0.20887426313005983,0.48991900361899243,0.489179770505757,0.9666555758287358
0.5436535310955346,0.23001581708550614,0.20678084355729975,0.48736243534670254,0.4873438164045183,0.9670077085747055
0.5421367269588502,0.22452517901720379,0.20129610136389248,0.5025812476420084,0.4914067148321237,0.9673857529755674
0.5415578443404381,0.22692852102687583,0.20705921037458336,0.49704822428261775,0.47741606459828745,0.9678189426932507
0.5390973458729849,0.2265465748677586,0.20623598465815168,0.5029300944046451,0.4966765830853319,0.9681417310437228
0.537580113077595,0.22424874028837638,0.20450087664985228,0.5125166099305893,0.4577645558860013,0.9685198861781525
0.521636381868098,0.2198325290576771,0.1991280115070502,0.4997702217652822,0.46867828304289105,0.9729683858020013
0.5350191776851752,0.22277595947467668,0.20245468598750674,0.506715905748554,0.4387590310242331,0.9693018201946274
0.5330234428762175,0.22316067334662862,0.2061510221989159,0.5127981493212659,0.4641393965150655,0.9696539086471698
0.5315067044463424,0.2181954179763092,0.19964463664571236,0.49886870007465767,0.46289842753924404,0.9700320637815995
0.5309277605015752,0.21954372501750294,0.1998615270834494,0.5127083267399246,0.4653123671906769,0.970465408526278
0.52846724200919,0.218406853000013,0.2011470241868772,0.4898260837072599,0.44232894177639537,0.9707880418497552
0.5269500342449653,0.216046564301103,0.19564381362583944,0.5306859470983116,0.4481087972800424,0.9711663077177528
0.5110062895812164,0.21599413330699596,0.19638049432276977,0.49419069874066124,0.4421589460263249,0.9756145858744656
0.524389042532424,0.21691147813780415,0.19937022954914912,0.5156582559718814,0.433591160220999,0.9719483081743684
0.5223933984614404,0.21616187136579013,0.19873143739809912,0.5144438244930296,0.44681682957923385,0.9723003301867701
0.5208765599069038,0.21372528283146608,0.19648366618522894,0.5039073418523949,0.4396770080746819,0.9726784410277726
0.5202975552615614,0.21495935198902902,0.19792272475531955,0.5035286733574034,0.4272673183169218,0.9731116750388832
0.5178370849541696,0.20940540874738145,0.19361450877085884,0.5031375758314833,0.4240203994899048,0.9734344633893554
0.5163198709321533,0.2102592374293183,0.19623220510583075,0.5396288929620991,0.4143476413089502,0.973812618523785
0.5003760931021102,0.21242876670608812,0.20052828517709423,0.5226050121079808,0.4471738206543705,0.9782611181476338
0.513758832286177,0.20699439473785558,0.19444354015942555,0.5152212147118271,0.40101997450062754,0.9745946189804008
0.5117631944729846,0.20717876052879625,0.19465567848962395,0.5225847603323468,0.40928176795580384,0.9749467517263704
0.5102463415255283,0.20722010815606712,0.19341978524369458,0.5228209913387127,0.4175775605609715,0.9753247961272322
0.5096673712980375,0.20592551047763466,0.19588180634269792,0.5037336530943104,0.37599660008493174,0.9757579858449156
0.5072068916039583,0.20639931502325615,0.19386042314252908,0.5265640754069705,0.41266468338289997,0.9760807741953877
0.5056896369062986,0.20256049374566631,0.19423773649703138,0.5014795113381552,0.36028899277516757,0.9764588850363902
0.4897458528184644,0.20390304723395175,0.19211317922103238,0.5229131567725294,0.40132596685077715,0.9809068309923993
0.5031286577093401,0.20466181535,0.19372163371392542,0.5168883329401446,0.3793285167870408,0.977240929786433
0.501132976091609,0.20263296026304572,0.19174615582831267,0.5379497825058572,0.38249043773896574,0.9775929517988347
0.4996161344081762,0.19963880274750212,0.19033664797445343,0.5219702182152652,0.3670718232043555,0.9779712176668323
0.49903715166510354,0.1984652674745933,0.18985326545485193,0.5171266685428018,0.3797365065872782,0.9784043630910886
0.4965766469398587,0.20086881867186332,0.19212135541350922,0.5133611089745267,0.37290267743298955,0.97872708500142
0.4950594110155735,0.19640316049920245,0.18947041203273468,0.5284889074075714,0.3682107947300892,0.9791053508694176
0.4791155386928816,0.19502565122691745,0.18701208062318964,0.5395016244505169,0.3936251593710267,0.9835499748183892
0.4924984474630931,0.1967663459278452,0.1884258138022894,0.5290532965979358,0.379124521886979,0.9798873513260332
0.49050270326744805,0.19658113087101534,0.1906123742401331,0.5377033461929464,0.35716107097312033,0.9802393733384349
0.48898585219732915,0.19686801288838762,0.19157913706596513,0.5264434780685383,0.36732681682951807,0.9806174731060806
0.48840684223286335,0.18920656717466117,0.18364160574399874,0.5362976744171271,0.33465363365917256,0.981050718190548
0.4859464054046554,0.19174354430087343,0.18596431505884223,0.5221475999442005,0.36787080322983456,0.9813733958074524
0.48442914132030834,0.192372937933253,0.18588568726741067,0.5460392947188095,0.34407139821507826,0.981751550941882
0.46848526336560425,0.18819032667200164,0.18476799909977773,0.5306890444287029,0.3208669783255118,0.98619318508452
0.4818681108094611,0.1935407232291099,0.18860840362962739,0.5278486733319894,0.34254143646398916,0.9825345480006088
0.47987241792770563,0.19012582866448668,0.18692553339031728,0.5346357581154921,0.33744156396085145,0.982891165456079
0.4783555903243033,0.1863560589614376,0.18295664046050156,0.5295720994384423,0.3625159371015343,0.9832736945664414
0.4777765465677648,0.18771119231245234,0.18460493784477955,0.5444480610850735,0.3252188695281575,0.9837069950176928
0.47531611818757424,0.18427476751659172,0.18242787498190013,0.5229356719819107,0.32710582235438324,0.9840054219832236
0.47379878276440657,0.18358377618228633,0.182764026275901,0.5515131511258577,0.2971015724606332,0.9843071709557919
0.4578549132577212,0.18266792069565857,0.18160121854041728,0.5539182281745323,0.29898852528685893,0.988671845268729
0.47123776289180475,0.18111287015432576,0.18077720265053832,0.5377764908414124,0.31891202719930334,0.9849364698222528
0.4692420321504116,0.18152060717755192,0.18215505044560248,0.5187550701412309,0.28453888652779824,0.9852124178734969
0.46772519516032274,0.17792368900791405,0.1781558099859951,0.5382785760396798,0.3079983000424136,0.9855141114792813
0.4662083550413385,0.18081128242760888,0.1808241681698038,0.5328814381238565,0.29589460263480305,0.9858159711854176
0.464691489578299,0.17616424251615279,0.1767969595542306,0.5294385965567139,0.2690352741180959,0.9861178862583379
0.46317467136158363,0.18049498005190645,0.18190042867241518,0.5377158943519662,0.3208669783255118,0.9864196352309061
0.46165779056695566,0.17635564022865602,0.17857586574789341,0.5414353116392872,0.26514237144067465,0.9867215392304696
0.46014098455293384,0.29787074587965695,0.27922628429413626,0.524903826898623,0.17531661708449064,0.9870233546431787
0.45862408811382727,0.357964696213658,0.32999424479272377,0.5421813314605339,0.30830429239267687,0.987325214349315
0.4571072824126947,0.3984245098636244,0.37534580048487876,0.5470099504121377,0.32562685932839486,0.9876268525883153
0.45559040756296865,0.4396192156366192,0.4282206219156398,0.5456352916495935,0.34539736506587815,0.9879287122944516
0.45407357683067096,0.48396995436742407,0.49476418236282393,0.45478717627387755,0.7935401614959119,0.9882305720005877
0.4701893287787553,0.47394961811463043,0.49230610106420203,0.7483262999446016,0.9283127921801224,0.10136450748085776
0.735906977486418,0.4745081418495023,0.49379569974772436,0.7766289902897501,0.935758606034824,0.1049535485173343
0.7357881877110581,0.47321737927703267,0.49748689429829873,0.7174104554834801,0.9349766255843406,0.10495496590700361
0.766521021924019,0.47845342709896244,0.5009266277694748,0.7358386182856778,0.9323756906077278,0.10493820084482128
0.766596900772714,0.4767971333360677,0.501191931271112,0.7622169531425933,0.9361665958350613,0.1049394742808523
0.7361394056233221,0.47983508436464306,0.5044678221673267,0.795518695029583,0.9259328516786809,0.10495770102613111
0.7059545827797251,0.4851537237412798,0.5083939660496334,0.7786217650121352,0.9299447513811856,0.10499796375142499
0.7057292581746424,0.47253352535205295,0.4931129743956799,0.7838563725011543,0.9309987250318272,0.104999026793677
0.7059269170842826,0.47363982379753156,0.49694414031497236,0.8029626124028149,0.9271568210795067,0.10499932577431036
0.7061660238489771,0.4707754555649962,0.4856683231682794,0.795572540927151,0.9304887377815021,0.10499918182067207
0.7061705360294108,0.4712884836792015,0.4860841602450502,0.7597116099498482,0.929366765830764,0.10500002339578823
0.7347112224500267,0.4667846746948695,0.48189810020612234,0.7276100438800384,0.9286187845303857,0.10496406820628622
0.7670345944775017,0.46901802943208715,0.4884713804710823,0.73672119860968,0.9256778580535183,0.10494625117520871
0.7671103991713699,0.46409348518660376,0.4820992956300929,0.7384084494855396,0.9371865703355979,0.10494755783131009
0.76718627489117,0.46629540814628,0.4825841345478129,0.7282770817763129,0.9337356566085191,0.10494882019398433
0.7672621318375961,0.4680792705853738,0.48508019729280816,0.7333914096018117,0.9268508287292434,0.10495011577672894
0.7673379512372742,0.46563191693543104,0.4796752670443179,0.7264911531309424,0.9279558011048721,0.10495142243283034
0.7674138363437617,0.46400056655868416,0.47988251603797555,0.7284831336660478,0.9317127071822142,0.10495268479550456
0.7674896369700654,0.4667198801773439,0.4814924335691001,0.7224816986490519,0.9335826604334443,0.10495396376821399
0.7675654814009087,0.4650884135852648,0.48185734319251405,0.7428969577345841,0.9215469613259302,0.10495526488763698
0.7676413383473348,0.46227158636324284,0.47935323263055996,0.7151373326513384,0.9362175945600484,0.10495654939702481
0.767717126770946,0.4654599093041244,0.48168610353166796,0.7203091596358921,0.9261368465787427,0.104957839443091
0.7677929586862065,0.4660625662583837,0.4800046941172184,0.7359709298864865,0.9275478113046347,0.10495911841580043
0.767868778085885,0.4613647956725272,0.47445319222768567,0.725697442363546,0.9393115172119906,0.10496040292518824
0.7679445755832925,0.4686235230774507,0.484500767751999,0.7190583940889912,0.9347556311091694,0.10496170958128961
0.7680204074985539,0.46536591791929216,0.48238650265115357,0.7117332871328119,0.9267488312791556,0.10496298301732065
0.7680962112537535,0.4659254142870981,0.482997857855278,0.716264681494964,0.929366765830764,0.10496426752670847
0.7681720588134926,0.46690978318188214,0.48275827372466995,0.7068912861255443,0.9323756906077278,0.10496555203609628
0.7682478093774665,0.4644631750979937,0.4833957444932325,0.7339544089644365,0.9353506162344729,0.1049668365454841
0.7683236994901854,0.4635641618948949,0.4774792068181388,0.7253086876901012,0.9288227794304476,0.10496810998151514
0.7683994782142207,0.4687120791605921,0.48185339011190664,0.7162431193103183,0.9215809604759215,0.10496940556425974
0.7684752954236722,0.46433380061432494,0.48011550874974324,0.7297910409877277,0.9299447513811856,0.10497069007364752
0.7685510334720624,0.4654150501858927,0.483445613955251,0.7229061917500859,0.9379345516362037,0.10497197458303535
0.7686268716451146,0.46703478796905984,0.4830752948531111,0.7168606396296993,0.9330726731831192,0.10497327016577995
0.7687026409824624,0.46944654218085546,0.48718469257405617,0.7332837178066756,0.9231959201018753,0.10497454360181098
0.7687784416087662,0.46579741650813405,0.4821616905586048,0.7310312835531716,0.9239609009774767,0.1049758391845556
0.768854214075009,0.46726231971023835,0.4836035246959304,0.7188213291859815,0.9318657033574027,0.10497711262058661
0.768930015952872,0.4678362982963655,0.48382648862369354,0.7348577969951686,0.9315087122821524,0.10497838605661765
0.7690057915480106,0.4633409015141571,0.47823844619230904,0.7248250276367247,0.9248788780280393,0.10497968163936225
0.769081535854192,0.46278472175313945,0.4788007221078622,0.7295483373550316,0.9326306842327767,0.10498096614875004
0.7691573239649139,0.46736567983877464,0.4816991624205726,0.7243970798210237,0.9251678708030795,0.10498223958478108
0.7692330901733664,0.47017494412456223,0.48598191357166937,0.727136827389391,0.9355546111346484,0.10498354624088246
0.7693088282217571,0.46638024533879074,0.48479971891958984,0.7211631095084587,0.9278368040797886,0.10498481967691349
0.7693846435538703,0.4706761361541643,0.48590921540114884,0.7357030902263859,0.9303357416064273,0.1049861041863013
0.7694603753444698,0.46805837685657126,0.48291051823558734,0.7160120108119068,0.9295367615808345,0.10498738869568912
0.7695362216526505,0.4685824901255408,0.48100839146494034,0.740475877812222,0.9280067998299728,0.10498866213172016
0.7696119503143541,0.4634121951506453,0.4770430487822098,0.7220741614464408,0.9248788780280393,0.10498993556775117
0.7696876695893717,0.46881640477034975,0.48429642048772337,0.7345733985302849,0.9278368040797886,0.10499123115049577
0.7697634264111368,0.4652278076184979,0.4790602265774772,0.7352997622163577,0.9319677008073768,0.10499251565988359
0.7698391582017359,0.4714449273956334,0.48130073350672287,0.7166026081825037,0.9344666383339018,0.1049938001692714
0.769914896250127,0.46653881668976616,0.4814400563577377,0.7169639633947964,0.9273608159795685,0.1049950846786592
0.7699906186540395,0.4676381779738762,0.4846807170277331,0.7332555241582439,0.9275988100297354,0.10499636918804701
0.7700663191556827,0.4711817086078265,0.4896331235751147,0.7277057434472503,0.9314577135571653,0.10499765369743483
0.770142108517962,0.4698459653380084,0.48483770921944713,0.7367200470381243,0.9334806629833565,0.10499893820682264
0.7702178121485006,0.46406205340906237,0.47995956348251256,0.7275459529665615,0.9314577135571653,0.10500021164285368
0.7702935658413703,0.46622837871851963,0.4824529923160169,0.7329108468788261,0.9302167445813438,0.10500150722559828
0.7703692726008042,0.46950782520742024,0.4875996111018617,0.7225893904441878,0.9325966850827854,0.1050027917349861
0.7704449981336126,0.4667367224608729,0.4821901987770948,0.7308550931051558,0.9291287717807108,0.1050040873177307
0.7705207142797335,0.4684518283335769,0.4841804487007667,0.7329292720237166,0.9300467488312734,0.10500534968040492
0.7705963741057325,0.4661981180339413,0.48473889548448845,0.7025977905630458,0.9324776880577019,0.10500662865311435
0.7706721215408106,0.46895909931901747,0.4829099870265472,0.7195202934109022,0.9355546111346484,0.10500790762582375
0.7707478645954349,0.4672113744844554,0.47805110647080334,0.7318910309928808,0.9297917552059971,0.10500916998849799
0.7708235431948078,0.47193855648900107,0.4873236125915489,0.7307865547429124,0.9252188695281802,0.1050104766445994
0.7708992217941812,0.46457998044650217,0.4801008650872021,0.741996944999791,0.9335826604334443,0.10501176115398721
0.7709748910068677,0.46540609266567184,0.4811725129246479,0.7145459808028258,0.924606884827881,0.10501302351666143
0.7710506540864235,0.46303462047594723,0.48033661123249477,0.7275345960884607,0.9257968550787155,0.10501433017276283
0.7711263264280057,0.46721840819394617,0.4837209440275215,0.7153118950154307,0.9326646833828818,0.10501561468215065
0.7712019737384219,0.4684484312700201,0.48380973340521766,0.7325833637540153,0.9297917552059971,0.10501689919153848
0.7712776898845433,0.4689966100523974,0.48660804302722394,0.7273876714417047,0.936846578835457,0.1050181615542127
0.7713533603487881,0.4696360268101977,0.486323204313134,0.6968436257556048,0.9262388440288305,0.1050194460636005
0.7714290827527002,0.4640778229356787,0.4772673296657185,0.7171353093004058,0.9294857628559612,0.1050207527197019
0.771504689387474,0.46847485684863566,0.48409918699784416,0.7182776682836187,0.9333786655332688,0.10502201508237613
0.7715803554712646,0.4735893040986573,0.48683799014049456,0.7079637169187742,0.9300467488312734,0.10502329959176394
0.7716560309417417,0.46488848745530587,0.48056695675254557,0.7293309285871961,0.921036974075605,0.10502458410115176
0.771731718927803,0.47125533549059984,0.48834737636076386,0.7484544817715555,0.9319677008073768,0.10502587968389639
0.7718073787538016,0.4708284318772005,0.4831875658837545,0.7385117335412728,0.9243688907777141,0.1050271531199274
0.771883029193114,0.4741795903777853,0.4888766597681794,0.7274497371776181,0.936931576710549,0.105028448702672
0.7719586577301567,0.46721477869972494,0.4859772986931328,0.7169077349353892,0.9274118147045556,0.10502972213870303
0.772034385140302,0.4719651966189992,0.4880126703980265,0.7300633678059589,0.9370845728856239,0.10503099557473404
0.77210998864618,0.4663539270358665,0.4819590564434837,0.7103357954859746,0.9337356566085191,0.10503229115747864
0.772185648472179,0.4696814223068858,0.4863255836869599,0.7184671613685707,0.9301827454312388,0.10503356459350965
0.7722612832670128,0.47438953069352413,0.4907054354238607,0.7277924686982005,0.929281767955672,0.10503484910289747
0.7723368783248716,0.47006230464873133,0.48865541120294187,0.7441433552514465,0.938291542711454,0.10503612253892851
0.7724125381508711,0.4668582050295207,0.48339442753748707,0.7267552998201923,0.9324266893327149,0.10503740704831632
0.7724881666879138,0.4674562741600501,0.48237541366243974,0.7510038229395992,0.9334806629833565,0.10503870263106094
0.7725637701937922,0.4653890465583294,0.48106828528422135,0.7426892777609257,0.9265958351040808,0.10503996499373518
0.7726394143753126,0.4715878364956837,0.48822732311768174,0.7199161560605007,0.9283127921801224,0.10504124950312296
0.7727150416607964,0.4695469343486,0.4840941626456724,0.7210397325145474,0.9376965575859231,0.10504253401251078
0.7727906451666744,0.4739064575281771,0.48921293722432735,0.7215200569813491,0.9234169145771602,0.10504380744854179
0.7728663206371515,0.4678490819829082,0.484249972897272,0.7361222622726458,0.9299957501061726,0.10504510303128642
0.7729419116274467,0.4708797990540358,0.4834053837239409,0.7286950625416528,0.9265958351040808,0.10504637646731743
0.7730175088755327,0.46878038695700663,0.48727057136888624,0.7267771796797495,0.9314067148321783,0.10504765544002684
0.773093096736932,0.4696290002524197,0.48606397430152315,0.7260302068337672,0.9280067998299728,0.10504893441273626
0.773168668953852,0.46682111267133675,0.4811916364500946,0.7263683320681267,0.9245218869527889,0.1050502078487673
0.773244321583392,0.46796886423184936,0.48488454414982357,0.7394440696983524,0.9239269018273717,0.10505149235815511
0.7733199157025825,0.47104753174904546,0.48386038640057044,0.7357544344340226,0.9268508287292434,0.10505277686754293
0.7743331491136565,0.4667613332923779,0.48078253908802115,0.7295687876774857,0.9334806629833565,0.10510679270197185
0.7734653104777558,0.47082937947914005,0.48647558605305347,0.7186927105560239,0.9272588185294808,0.10505533481296175
0.773540494711614,0.4708538919745947,0.486357245959126,0.7336194604791959,0.9296387590309223,0.1050565861022792
0.759188885476505,0.47328622523983177,0.48905647402828245,0.714416845951136,0.9337356566085191,0.10671798826184847
0.7741642494484919,0.47232455230546366,0.4898839206432126,0.7341037161730322,0.9226349341265632,0.10508481762541912
0.7737609754733228,0.47273110929608586,0.4872028997639085,0.7373124710394647,0.9328686782829436,0.10506040641037226
0.7738365257879738,0.4710901595328988,0.48702796377349117,0.7353656003418501,0.9258308542285931,0.10506169091976007
0.7748497735919675,0.47404307312100635,0.48581027771741414,0.7196166283279377,0.9250658733531054,0.10511566246076186
0.7739818639301355,0.46886809377425887,0.4867561950151609,0.7134377718726423,0.9318147046324157,0.10506422671846533
0.774056994972768,0.4691362204249412,0.48156472226598546,0.7347670213890916,0.9314577135571653,0.10506551122785314
0.7597054157750565,0.4669279056219936,0.4809996840634233,0.7170683990220856,0.9355546111346484,0.10672510843026539
0.7746807872563934,0.47201656379583445,0.4874171496500417,0.7344781754754413,0.9271568210795067,0.10509371506760108
0.7742774663477889,0.46855477723863004,0.48591910916952236,0.7310360089674863,0.9326306842327767,0.10506930938923263
0.7743530291780227,0.470229618968545,0.4862276973544506,0.7232431257035259,0.9338886527835939,0.10507058282526364
0.7753661737284601,0.47029142764599696,0.4836421922873139,0.7238434518682999,0.9273608159795685,0.10512460973304935
0.7744983213254186,0.468922554066859,0.4820648644308049,0.7299535317051675,0.9334466638333652,0.10507315184403927
0.774573404495948,0.46935031588578846,0.4843060486515767,0.7527388441803367,0.920662983425359,0.10507439205999992
0.7602218096537579,0.44865869448558965,0.41008130729836506,0.7353916496846262,0.9135571610709121,0.10673222859868235
0.7751971717484079,0.42425721149213014,0.36778610708634185,0.712528824530952,0.9215809604759215,0.10510261804646145
0.7747938445820126,0.3975329523210687,0.3403254638107865,0.7170024814778653,0.9280067998299728,0.1050782012947362
0.774869360478811,0.36812155866287144,0.3129977998649578,0.6881903597021117,0.9252868678282766,0.10507946365741043
0.7758824875074324,0.33721958000208047,0.28061257521421995,0.35407358709019987,0.8180705482362782,0.10513347949183936
0.7741676868532661,0.33814566422587056,0.2805584850750401,0.34638664840936007,0.8054398640032332,0.9300382660307493
0.7726501974884314,0.33740032166258443,0.2836782992297867,0.4100622019390321,0.7866043348916492,0.9303169713478346
0.7567059184093043,0.3375149904369085,0.2816270950607873,0.3535262729263502,0.8033999150020463,0.9345909659420061
0.7700886801214195,0.33592562061401104,0.27789329201176255,0.3625084119323938,0.7950701232468873,0.9308999835829069
0.7680926981297045,0.3331043199956632,0.2767423590780991,0.36070505087623284,0.8033999150020463,0.931152511484537
0.7665756342946799,0.3347687112853205,0.2810909431204821,0.3585063433922051,0.7778495537611434,0.9314311171414112
0.765996135596712,0.3350734976155654,0.28094397639271607,0.3696255609493668,0.795835104122375,0.9317649788486748
0.7635356618475351,0.3347806474939022,0.278773246205607,0.3431864707655492,0.8053548661282548,0.9319880405478829
0.7620182037716576,0.3338085259072046,0.27746215390126333,0.3762381627875053,0.7861623459413067,0.9322493274747349
0.7460738546052665,0.3316543442059988,0.2748813940802153,0.3705200143732015,0.8009519762006221,0.9364808557456111
0.7594566050533578,0.3306091160236306,0.2751209738947498,0.36755213650872176,0.7842753931151947,0.9327535417028792
0.7574606543505991,0.32961546778155193,0.2731964200317689,0.3686932645016514,0.7828644283893027,0.9329667702612561
0.7559436011538203,0.32676603053731285,0.27099772146735696,0.3675719911907158,0.7776965575860686,0.9332059547679525
0.755364135622147,0.3291307944204769,0.2706349214078438,0.35944118123921576,0.7818954526136395,0.9335003953250385
0.7529036161910923,0.32735684961904077,0.2726600040363033,0.37279468587053866,0.7818444538886524,0.9336840358740686
0.7513861299551539,0.3266858902321514,0.27331515454840877,0.3658250968501462,0.7639099022524078,0.9339232868209058
0.735441801439475,0.32960332059744407,0.2734038095744851,0.36681088181115373,0.7891202719930561,0.9381516481117395
0.7488245781702885,0.3262709120997647,0.2726972074827699,0.3580475811100492,0.7809944751380726,0.9344275674891906
0.7468286305964265,0.32895026552342727,0.27299905683834913,0.3808397633051883,0.771661708457259,0.934640618873859
0.7453114791523232,0.3264128610823781,0.2721093399076944,0.37498485584130914,0.7790055248617591,0.9348799141141234
0.7447320198784411,0.325270017384741,0.2698512740849625,0.38291954124407135,0.7734806629833884,0.9351744100379933
0.7422714597717435,0.32634828111623504,0.2717721339424117,0.37456969444081234,0.7673608159794867,0.9353580616603803
0.7407539829224916,0.3258883294382126,0.2703676369391611,0.38218130445816634,0.7569230769230444,0.9355973569006445
0.7248096831926527,0.32221831182461685,0.26806155004053345,0.3684275691472061,0.7549001274967395,0.9398225069180087
0.7381924624265839,0.32580669800094253,0.2709855840048,0.3761380951902551,0.7628049298766655,0.9361014161017935
0.7361964554037037,0.3240408525141972,0.2706655287873909,0.3668341912078148,0.7710667233318418,0.93631457822003
0.7346794197287396,0.3216428403184529,0.26802830410141626,0.3740374698352782,0.7719167020824216,0.9365538734602942
0.7340998938093803,0.32147019976056784,0.2671092994030051,0.3950041331491507,0.7463833404164006,0.9368483140173801
0.7316393189968728,0.32088982575531294,0.2680974340965464,0.3564297024930769,0.7666808329790911,0.9370321317401191
0.7301217858274991,0.319524465455064,0.2637087441479024,0.4064829587065899,0.7379515512112675,0.9372712055132476
0.7141775380373288,0.3200630645182111,0.2631578161854702,0.39426994671837257,0.7506502337440679,0.941493310357494
0.7275603028783393,0.31900440899515253,0.26580110949205477,0.37980934501905783,0.7423374415639046,0.9377753754479643
0.7255643021132507,0.3186601916966541,0.26606944929603066,0.3811637122966043,0.7558011049723063,0.9379886482997687
0.7240471663136256,0.3219612685407706,0.2691380757049907,0.3627026304316603,0.7496302592434176,0.9382277220728972
0.7234676935854916,0.3205402786428867,0.2677945289629998,0.39390176149547385,0.756515087122807,0.9385222733635509
0.7210071500619417,0.31629436399621835,0.264840679120656,0.3783275901018375,0.7428474288142297,0.9387059803527219
0.7194896137636722,0.31502470255222104,0.25900949788483624,0.40112330643037164,0.7470973225669013,0.9389451648594184
0.7035453240462992,0.3165639835669375,0.26313143058976995,0.3910382398395551,0.7496302592434176,0.9431641137969793
0.7169280776232849,0.3162655908678922,0.26229501251816234,0.39690780005874626,0.7471313217168927,0.9394494455277033
0.7149320799870926,0.31173492362632316,0.2583021045129882,0.4033725242253925,0.7365575860602576,0.9396624969123716
0.7134149473163633,0.3134604853030694,0.2607126780164495,0.40180066876128273,0.7403314917125954,0.9399017367858519
0.7128355090060818,0.31504303239200226,0.2628079450899839,0.39894151513540277,0.746740331491651,0.9401962327097217
0.7103749341935752,0.31346027253961506,0.26036491759154956,0.38281419230141056,0.7274968125796022,0.9403799396988927
0.7088573947664099,0.31016580423566625,0.2571691130982559,0.41717383135441066,0.7158861028473211,0.9406191242055891
0.692913071569853,0.31297879492138286,0.2617029229379029,0.41013701438078587,0.7408074798129292,0.9448348618696806
0.7067727492583247,0.31002769107418693,0.2562395548255759,0.4000171623871156,0.7322056948576119,0.9411493165287661
0.7052286286109544,0.3119418802475022,0.2606657113904985,0.3977170371874621,0.742745431364142,0.9413917676757159
0.7032499569215989,0.30835115027611515,0.2570501156331412,0.3970256177416991,0.7160220994475139,0.941601220219427
0.7012523479041404,0.30890999708961053,0.2558986536374074,0.4108397112859212,0.7161410964725974,0.9418142716040955
0.6997352527801595,0.3076503534072494,0.2565482647459092,0.42396127352218915,0.7278878028048439,0.9420535225509327
0.6837904311505238,0.3083473139186026,0.25950343287202104,0.40564044513085173,0.7193370165745137,0.9462670898370928
0.6976424214552437,0.3082771915538702,0.2575564508100207,0.39172898422613045,0.7209519762005812,0.9425820427972341
0.6961118620674505,0.3049234707733995,0.25289651910668165,0.4088194973930208,0.704972375690545,0.9428212826707144
0.6945727060388269,0.30586553907518843,0.25309124263384597,0.4166989073611116,0.7117722056948423,0.943064010651584
0.6930223010045196,0.3044117271068043,0.25358913601372857,0.41057135540408907,0.7042413939650487,0.9433104592803357
0.6915366506561607,0.3025297217136262,0.25341868652632976,0.3998678154691562,0.7053463663407911,0.943537064453717
0.6900079435745994,0.3024325310100947,0.2533181574288455,0.4194761802784477,0.7083382915426455,0.9437763596939812
0.6884668351150829,0.3032047286123471,0.2521506020125651,0.39378930457665917,0.7158861028473211,0.9440190876748508
0.6867451718540605,0.3037923492693399,0.2547036568474594,0.4093545810727619,0.6924776880578065,0.9443104276920351
0.6854315838586018,0.3015237120936428,0.25167276177394954,0.4237976709425577,0.7130981725456422,0.9444920307434157
0.6839013592626446,0.2979259485200407,0.24793447332859167,0.4064893519141919,0.696982575435527,0.9447313259836801
0.6823625567992306,0.3005856932704064,0.2501318527238872,0.40844118628230497,0.6888227794304385,0.9449741646981175
0.6804075042045574,0.30044139906238904,0.25136537212941823,0.4056324238393261,0.6963875903101098,0.9451852228785635
0.6783850423688564,0.2951104002745686,0.24830993851830835,0.4238631913931383,0.702762430939174,0.945396945460417
0.6768679491222129,0.2988582126103362,0.25074162094100405,0.42136348693007974,0.69693157671054,0.9456361299671134
0.6753507789047362,0.29938849907683907,0.25094109436233597,0.40843749331145407,0.6846748831278546,0.9458755359409455
0.673833624331738,0.299097353047411,0.249757706703287,0.4222509912152166,0.6963365915851227,0.946114609714074
0.6723164885321125,0.2989206619382164,0.2517271155256156,0.40628933584778326,0.6776370590735041,0.9463537942207704
0.6707993871503408,0.2928579615494601,0.24580490498064692,0.41988391602787867,0.6765830854228625,0.9465930451676076
0.6692821950305938,0.2925331398747356,0.24662390979858012,0.42168433859110466,0.6781470463238293,0.946832273967731
0.6677650748754478,0.29325120044180425,0.24650834084514558,0.41302872968513626,0.6721631959200067,0.9470715692079953
0.666247904657971,0.2942175666876653,0.24700729000299554,0.411636439964981,0.6707012324691277,0.9473107537146916
0.6647307876317203,0.2874984020391822,0.2418246618843392,0.43280129271451906,0.6851338716531927,0.9475499825148153
0.6632136674765743,0.2921782656302738,0.24723209324206039,0.44006937702401117,0.6732341691457577,0.9477890673613005
0.6616965660948018,0.28996845433143303,0.24277348091146791,0.42122780003333204,0.6693752656183278,0.9480284179683487
0.660179367717264,0.2914987826533348,0.24579830913506462,0.4362552926129424,0.6730131746705865,0.9482676024750452
0.6586622256598482,0.2854009137528831,0.2428663583854025,0.4245946378778014,0.654738631534201,0.9485067869817414
0.6571450473072424,0.2854222276448098,0.24285052724931944,0.4181807814064238,0.6582915427113676,0.9487460822220056
0.655627889605348,0.2856990942248525,0.24343232620378497,0.42855477332961867,0.6494177645557784,0.9489852667287021
0.6541108351570113,0.2875301597560322,0.24441359988989805,0.4194091905813997,0.6511857203569207,0.9492244512353986
0.6525935804593512,0.28477642083166627,0.24124708493505767,0.4519468448865278,0.6595835104121761,0.9494636911088786
0.6510764759486829,0.2832573898916047,0.24197030833630329,0.4480348768932283,0.6514237144070876,0.9497028645422183
0.6495593245045805,0.28303721726284714,0.24193600772590426,0.44283013084592815,0.6535656608583622,0.9499420047554875
0.6480421636737903,0.2796858424229517,0.23836421347396677,0.4323617894738976,0.6610114747130638,0.9501812999957517
0.6465250184874791,0.28064069798713975,0.23925815196713124,0.43397061435588014,0.6276243093922176,0.9504205509425889
0.6450078607855847,0.2797949686198936,0.240991411810645,0.4426723258334391,0.6254483637908379,0.9506598904762804
0.6434907375015433,0.2834897097044701,0.2401457580058625,0.4542630920879611,0.6450658733531327,0.9508990749829767
0.6419735797996484,0.2789351700457377,0.23995393620808023,0.45168885314869645,0.6311942201443799,0.9511382594896731
0.640456348881596,0.2785155021777144,0.23959139931837908,0.42048638649830816,0.6343221419464271,0.9513775547299376
0.6389392694020937,0.27860416732447524,0.23885208028321586,0.4555683388822538,0.6224224394389921,0.9516166285030658
0.637422089797929,0.2772138707897912,0.23917978756684877,0.45227484423307085,0.6259583510412767,0.9518559237433303
0.6359049383538267,0.27519801572869035,0.23648240323573588,0.459471689943568,0.6498257543561294,0.9520951636168105
0.6343877681363499,0.27260540900484315,0.23554070683648767,0.4596767490992031,0.6205864853378671,0.952334292756723
0.6328705916610811,0.2733147310728939,0.23442038033062182,0.4627132447446547,0.6335061623459524,0.9525735879969872
0.6313534558614573,0.27486488179702806,0.23533490096072252,0.4429046256127702,0.6454738631533701,0.9528127725036837
0.6298362950306675,0.27135898168764616,0.2321061150261463,0.4354132158402084,0.6207394815128282,0.9530520234505206
0.6283191310709815,0.2692587239005842,0.22955015846187005,0.450672730233602,0.6037739056523606,0.9532911968838602
0.6268019733690875,0.26911954441873365,0.2338005877562425,0.45962862135004934,0.61613259668502,0.9535304367573406
0.6252848187960889,0.2700547917744862,0.23373515165597553,0.4526358023517234,0.6056438589034769,0.9537696212640369
0.6237676998925004,0.2689012920248498,0.23225651137227804,0.4356318555983272,0.6084827879302566,0.9540088057707333
0.6222505265461278,0.26813634125312813,0.2321586228263977,0.45803794364740913,0.6039269018274354,0.9542481010109976
0.6207333625864431,0.26833903509592183,0.23374913573395845,0.4497363040120317,0.6004249893752558,0.954487174784126
0.6192161798533831,0.2667688497424794,0.22936466690515,0.4509359238981159,0.6125796855078534,0.9547264700243903
0.6176990096359058,0.2699484368662353,0.23277577927591514,0.45635593440759625,0.5954611134720835,0.9549657652646545
0.6161818675784905,0.26087111651717027,0.2257891763236412,0.44464874029786094,0.6175435614109119,0.955204839037783
0.6146647161343872,0.26479924480774036,0.23165941027739867,0.4444451900980573,0.5886952826177776,0.9554440789112634
0.61314751775685,0.2640856594249258,0.22905543020251856,0.4471004361398576,0.5790395240118187,0.9556832080511757
0.6116303994790409,0.26264804537075176,0.2297564911199334,0.44452715022532874,0.5881852953675661,0.9559226140250081
0.6101132449060427,0.2621205296744408,0.22848102058713912,0.45078836390153554,0.6018529536761434,0.9561617985317044
0.6085960684307739,0.2610454645464747,0.2274833878759593,0.4564277686470508,0.5711007224819014,0.9564009830384008
0.6070789075999841,0.2619534299060097,0.22970767964925326,0.4598836348855817,0.5857373565660282,0.9566401675450971
0.6055617154802375,0.2596702992480439,0.22832112445267205,0.470859461929382,0.5759456013598765,0.9568793520517935
0.6040445702939268,0.26114585135043467,0.22853827606818722,0.4722223270108217,0.5819804504886861,0.9571186472920578
0.6025273531430146,0.2550955148784411,0.22664274514312252,0.457650975895344,0.5862473438163534,0.9573578317987542
0.6010101610232685,0.2588433252474877,0.2259411552300385,0.45287465417611283,0.5799575010623812,0.9575970163054505
0.5994930953109061,0.2536389309061946,0.22244983693431825,0.4558899053118304,0.5760135996599729,0.9578446165633084
0.5979758719022032,0.2571282068592864,0.23013987132434882,0.4582587674205476,0.5688057798554382,0.958096535430315
0.5964586954269353,0.2560725371763014,0.22701610099027544,0.45908349120121916,0.5667658308542514,0.9583482328301858
0.5949415158227711,0.2533578024417306,0.223792326127645,0.46959130368105395,0.5652358691031623,0.9586001074037651
0.5934243456052948,0.25321968856508004,0.22521133598321058,0.47029106209325455,0.557671058223491,0.9588519598306309
0.5919071910322953,0.25443393496282485,0.22371871162153018,0.4742951955203709,0.5430344241393641,0.9591193813971456
0.590389973881384,0.2507686052969375,0.22285274128433152,0.4652604416070427,0.5636379090522041,0.9594193586326274
0.5888727942772207,0.2509670367189315,0.22474299553293037,0.4575870438193228,0.5687037824053505,0.9598382637200498
0.5873556415815586,0.24880113157259837,0.2195115537302229,0.465836267094236,0.5568040798980292,0.9602708997698935
0.5858384557196037,0.24838082541421203,0.2207680291130885,0.47732668778595944,0.5357756056097287,0.9607035358197374
0.5843212792443357,0.2478311429842288,0.2198922955964054,0.4756224413023131,0.5389205269867716,0.9611361718695812
0.5828040965112757,0.24592760914774148,0.2192007322539549,0.4747873930870048,0.5420144496387138,0.9615687525526413
0.581286935680486,0.24574367245956594,0.21848753542334282,0.4850469823325496,0.525966850828695,0.9620013886024851
0.579769749818531,0.24534275995823257,0.218425264443607,0.4580594661226909,0.5093922651932417,0.9624340357256858
0.578252548312097,0.24209347760578825,0.2146830184908997,0.49404325787217296,0.5373565660858048,0.9628667160689568
0.5767353718368295,0.241834301323614,0.2185690649441564,0.48905127459712183,0.5341266468337835,0.9632993521188006
0.5752181997420154,0.24077074508939267,0.2133183623870002,0.46761012409295377,0.5286357841054041,0.9637319438752173
0.5737010326534344,0.24104441431745718,0.21627722551466075,0.47200976278539275,0.5117212069696961,0.9641432526398807
0.5721838342758963,0.24279661791212973,0.21822025095466008,0.48644371950147125,0.5165830854227806,0.9645213524075263
0.5706666202538795,0.24139268127330096,0.2160637680153459,0.4849863461337396,0.5126731831703637,0.964899452175172
0.5691494907120469,0.23976580071702358,0.21635216140326302,0.46926159683185986,0.5117722056947969,0.9652775630161746
0.5676322454010743,0.23836996518081371,0.21395530858663556,0.4932238551462762,0.5218019549511155,0.9656557070772475
0.5661150970858668,0.23586325052710805,0.21388828771273205,0.48769531894501594,0.5031534211644839,0.9660336961113254
0.5645979206105989,0.23618274435462572,0.21352153213790342,0.5042530515752766,0.4945856353590443,0.966411851245755
0.5630806815574174,0.23615588788531688,0.21041675695375872,0.49461046642738093,0.4993115172120497,0.9667900063801846
0.561563541377339,0.2344058155010442,0.21239513656875345,0.4909744785137993,0.48992775180613535,0.9671681615146144
0.5600463398709055,0.23397762279142148,0.2121642642664045,0.5000184052902086,0.4881597960051067,0.9675460951819082
0.5585291477511585,0.2345034328042413,0.21453420470503354,0.49006624594066084,0.49524861878444426,0.9679241395827699
0.5570119525025166,0.23051988767949058,0.21096953086760556,0.5013117789846688,0.485575860603376,0.9683024054507674
0.5554947009337527,0.23000132592754408,0.20901041200705955,0.4956911964776842,0.47309817254563313,0.9686803391180614
0.5539775588763365,0.23080378922057382,0.20992123852095995,0.4781010203837299,0.47554611134717106,0.9690584278123503
0.5524603604987988,0.23098197235584106,0.21165555414244114,0.48183270786452304,0.47105822354444626,0.9694364943599256
0.5509431120589303,0.22728211600871923,0.20982018264117752,0.5029085719293633,0.47711007224813784,0.9698146937877825
0.5494259793882015,0.2274585970363517,0.20942994098665968,0.49134548310154114,0.46085847853805717,0.9701927824820714
0.5479087434639158,0.2263021114466417,0.2069766228624314,0.49382644474479753,0.47229919252015407,0.9705708933230738
0.5463915544730646,0.22719835336104932,0.20837109307371138,0.494198878869643,0.47918402039942976,0.9709489377239356
0.5448743404510488,0.22545105047753955,0.20834708242509498,0.5085186314548911,0.48166595835107273,0.9713270485649382
0.5433571139134501,0.22683665727658703,0.21185924846227155,0.4881207650707857,0.4497067573310005,0.9717051926260111
0.5418399092781208,0.22134069118228505,0.2067333490423651,0.488608912282293,0.48419889502758906,0.9720832923936568
0.5403226902498717,0.2228560997798381,0.20466763423442172,0.5050393366916073,0.4396770080746819,0.9724614032346592
0.5388055043879167,0.22111199371192808,0.20287052527764857,0.49895411491659636,0.4418189545261839,0.9728394919289483
0.5372882747214223,0.21902516326555643,0.20315917762997276,0.505613414966785,0.45300467488311824,0.9732176470633779
0.5357710857305711,0.219603620611794,0.20387923591068727,0.5135201846866633,0.44018699532500705,0.9735957579043804
0.5342538310329115,0.21546555021755692,0.19919687611899736,0.4991243489600139,0.4413089672758588,0.9739737358651013
0.5327366451709565,0.21607917432332016,0.20371116358374336,0.5212365082968546,0.4380450488737324,0.9743517802659631
0.5312194530512104,0.2187122776206209,0.2048591948544259,0.4929614556690418,0.42696132596688585,0.9747300461339607
0.5297022828337332,0.215165666386403,0.2016586382535936,0.5142886800079276,0.4295792605183806,0.9751079798012546
0.5281850531672383,0.2147502609391794,0.20235046498719322,0.5154000259778659,0.41499362515935445,0.9754860242021163
0.5266677828251001,0.2160955857161559,0.20258951569539002,0.5033492664509047,0.43076923076921503,0.975864123969762
0.5251505519070481,0.21589310642474474,0.20527001421913796,0.5226266537113544,0.4164215894602421,0.9762423344709757
0.5236333754317792,0.2091466597800441,0.19863697736389901,0.5167124204576767,0.3978750531235846,0.9766203788718376
0.5221161989565117,0.2094066906918921,0.1982388251214244,0.5086350593101046,0.4295792605183806,0.9769985340062672
0.5205989599033298,0.20854049312275214,0.1973045169545768,0.5203969729234157,0.418495537611534,0.9773766227005561
0.5190817333657312,0.20985470258547648,0.20001060647383567,0.5322924688371831,0.41019974500636636,0.9777546892481315
0.5175645099570287,0.21104486201467543,0.20166998399334357,0.5046012232787251,0.3887802804929379,0.9781328333092043
0.5160472896772208,0.20671305172200907,0.19667442777830182,0.5032927203165856,0.3837484062898966,0.9785109773702773
0.5145300349795607,0.20404670190005633,0.19633484797262074,0.5126234678290815,0.38748831279212936,0.9788889774777118
0.5130128128224158,0.2066352589665582,0.19475489063136273,0.5155130785371405,0.38024649383760334,0.9792671326121414
0.5114955675114436,0.20646687904154465,0.19731295653820274,0.5215448912175873,0.36996175095623585,0.9796451770130032
0.509978403551758,0.20159327465805965,0.1936612108989752,0.5076709953711986,0.38364640883969514,0.980023221413865
0.5084611551118892,0.20322185910989998,0.1961717867176226,0.5164039581182163,0.3617509562259329,0.9804013765482947
0.5069439223164993,0.19971830118644412,0.19272954549710253,0.5164201595387234,0.3656608584785772,0.9807794209491564
0.5054266644899443,0.1989972583551583,0.19238178064546058,0.5429134530043849,0.3551721206969205,0.981157576083586
0.5039094754990927,0.19975496265393483,0.1934678065409274,0.5095972171995393,0.3834424139396333,0.9815356204844479
0.5023922958949298,0.19768369254658152,0.19159074398349318,0.5362793286909644,0.36571185720356425,0.9819137756188775
0.5008750086567546,0.1982005468271087,0.1939440664326484,0.5182174053528303,0.35597110072251326,0.9822919307533071
0.4993577570879908,0.19836040548637923,0.19263719259209514,0.5222101819018461,0.39467913302155466,0.982669908714028
0.49784051490591397,0.195692984695442,0.19139390890039415,0.541122640107244,0.3672248193794303,0.9830480195550306
0.49632330088389764,0.1932033233007915,0.19137122184763622,0.5212607310088877,0.33897152571182687,0.9834306040321771
0.4948061262859671,0.19494742936870152,0.19200816362052958,0.5119839485220514,0.3405864853378944,0.9838131331425393
0.4932888790976566,0.19130064588190615,0.18955141698462108,0.5290547261350396,0.3458393540161069,0.9841955515193336
0.49177165099561027,0.18927050706251303,0.1875213197428222,0.5197499882559558,0.34260943476408556,0.9845781359964798
0.4902543772116865,0.1936515533216148,0.1905957518239173,0.5181002627290652,0.3308967275818304,0.9849607204736263
0.48873710499221135,0.19271246549611487,0.19256279012590405,0.5237694892069353,0.31981300467487017,0.9853070950740642
0.4872198772030538,0.18804709932073393,0.1905957518239173,0.5428106057516553,0.32486187845302084,0.9856089547802005
0.4857026675614917,0.18851685420901004,0.18762316579605193,0.5191718596256512,0.3229409264768037,0.9859107037527689
0.4841854178700653,0.18582896700410717,0.18693714694795838,0.53308558396412,0.30871228219291424,0.9862126188256891
0.48266822356009165,0.185116023487512,0.18521840017809665,0.5301938686597696,0.29783255418612953,0.9865142016979055
0.48115098294246295,0.18072730344062823,0.18362946983080147,0.53112969924088,0.32554186145341646,0.9868160614040417
0.47963371416477285,0.18287893198038185,0.18505006003326163,0.5469881896806721,0.3106842328941184,0.9871178103766102
0.4781164657249044,0.18128956215748437,0.18408171464716405,0.5309585518820907,0.30623034424138496,0.9874196700827463
0.47659926265402275,0.18446552157494733,0.18724348413457878,0.5347893936447625,0.3125541861452348,0.9877214854954554
0.4750819751029587,0.18394503780019897,0.18637619241489264,0.5591255950398559,0.2849468763280356,0.988023168027883
0.473564749816918,0.3009314025234604,0.2819811879401205,0.5429825472977241,0.13157671058218057,0.9883249170004513
0.4720474841681237,0.35888225201999235,0.33418609943693167,0.5387741489022524,0.3177730556735696,0.9886267767065876
0.4705302560660769,0.40626967771414385,0.38252976087580787,0.5365939856912074,0.3408754781129346,0.9889285810459398
0.4690129869754971,0.4447209793240766,0.4378733431202696,0.5350202638869901,0.36732681682951807,0.9892301639181563
0.4674957870335117,0.5006739845613831,0.5115623402361145,0.42433227810993124,0.7883892902677871,0.9895321343578606
0.483610421965845,0.47902377619086833,0.4995293930578149,0.7483784383395182,0.9349086272842442,0.10155833551813614
0.749376283826761,0.4813251365646369,0.5020893004893277,0.740344836911061,0.937645558860936,0.10511848616674367
0.7491589419731817,0.481473166291017,0.5007921876148878,0.7264774534003664,0.9411304717381199,0.10511998106991054
0.7799399092396664,0.481615968115376,0.5089439666096163,0.7045308026926285,0.9300467488312734,0.10512649220370393
0.7800150966024213,0.4865461622139329,0.5110091612753744,0.7490344370326034,0.9348066298342701,0.10512777671309173
0.7495573261102106,0.48979831419111863,0.514470001452414,0.7862874591832412,0.9388865278366438,0.10512265528557567
0.7190542038398289,0.48842155584867253,0.5158846553938501,0.7974002438234369,0.9270548236293052,0.10515642348711134
0.719513125537234,0.48809779781242696,0.5114834335599368,0.7852615280552415,0.9280577985550735,0.10515643456046815
0.7194046507922014,0.4764394869089507,0.4955746081547582,0.7812262624867585,0.9324776880577019,0.10515736472243863
0.719252429079583,0.48118126913507797,0.4973209246738055,0.7695653694954336,0.9235869103272307,0.10515800697713253
0.7193174453412099,0.48028928964147,0.5008766277185673,0.7584378923905621,0.9271568210795067,0.10515885962560548
0.7486153019839463,0.48085655276932376,0.4959337054659241,0.7032206319372012,0.9334466638333652,0.10512841896778563
0.7804489411397655,0.4761127430326316,0.49671248005254715,0.7136603825671604,0.9335826604334443,0.10513448716730739
0.7805240480899012,0.470064110456201,0.48910264494735867,0.7063244349546125,0.9256268593284176,0.10513577167669519
0.780599157230264,0.47005579659012775,0.48572966674556595,0.726502549718407,0.9398215044623157,0.10513704511272623
0.780674252603486,0.47502489600605097,0.4938536148133307,0.7148269245530425,0.9308967275818532,0.10513830747540046
0.7807493460993697,0.4761574054787626,0.4964263265960828,0.7207108198526331,0.9336166595835493,0.10513959198478826
0.780824445853046,0.46852941726521435,0.4879843060486515,0.7240458504965479,0.9348066298342701,0.10514087649417607
0.780899533091139,0.4719874742042191,0.49109963679909896,0.7203427537578264,0.9295877603059353,0.10514212778349352
0.7809746453603981,0.47706483267191313,0.49201982365896163,0.7174438113492301,0.9300467488312734,0.10514341229288134
0.781049698180639,0.473151737281546,0.4916433071180196,0.7058264398208363,0.9280067998299728,0.10514468572891236
0.7811248345423936,0.47886617032111445,0.4964137856359924,0.7296250161368929,0.9272078198044937,0.10514594809158659
0.781199938676524,0.47253118316612686,0.49215861308756526,0.7384489133274434,0.9231959201018753,0.10514724367433119
0.7812749758522868,0.47177379890649596,0.4893364211924607,0.7006782796172193,0.9305907352315899,0.10514850603700543
0.7813500130280491,0.47401823879847793,0.4890680942260366,0.7111625444442093,0.9339906502336817,0.10514979054639324
0.7814250940083505,0.474778823449565,0.492634078379097,0.7233517705233978,0.9317127071822142,0.10515106398242426
0.7815001311841132,0.4747969423138201,0.4893625478237538,0.7102680910203747,0.9306417339565769,0.10515233741845528
0.7815752497111625,0.4769588979267865,0.49567948652625893,0.7197684372264646,0.9265958351040808,0.10515362192784311
0.7816503056602997,0.4712804916402021,0.49130030101402933,0.7260751975431659,0.9342966425838313,0.10515487321716054
0.7817253553516448,0.472704147339014,0.49073353638208655,0.7253659485929722,0.935758606034824,0.10515615772654835
0.7818004163070138,0.4750524944655577,0.4910563653960337,0.7215425324813662,0.9337356566085191,0.10515744223593616
0.7818754606792373,0.4704409413527729,0.4902816855457621,0.7123413963329277,0.928975775605636,0.10515870459861039
0.7819505573040177,0.475276396712515,0.4887341850768595,0.7050305053290562,0.9300467488312734,0.1051599780346414
0.7820255631908233,0.47288190315944434,0.48988603662588937,0.714518382794854,0.9318147046324157,0.10516124039731564
0.7821006222688562,0.4757055423878618,0.4961363506479001,0.7179586035439736,0.9330216744580184,0.10516251383334667
0.7821757032491581,0.47678882125792266,0.4972608980522645,0.7375144725740725,0.928975775605636,0.10516379834273447
0.7822507028781724,0.4756546043137916,0.4937073065634373,0.7179586035439736,0.9251678708030795,0.1051650717787655
0.7823257556984133,0.48034087136968784,0.4957813370062306,0.7156793654697775,0.9314577135571653,0.10516633414143974
0.7824007378056121,0.47193109367674524,0.49069330615077644,0.7083550924102422,0.9283127921801224,0.10516761865082755
0.782475784368061,0.4777492158236365,0.4913526693719077,0.701010329318889,0.9329366765829263,0.10516888101350177
0.7825507839970767,0.4740117486191563,0.49306653565871267,0.7202505883240096,0.9335826604334443,0.10517016552288959
0.7826258462040045,0.4754585222294363,0.49203394496594655,0.7133491405722208,0.942354441138832,0.10517145003227742
0.7827008833797668,0.4772125334195067,0.49333540711440294,0.7193987430477342,0.93106672333181,0.10517271239495164
0.7827759133590697,0.47586678669147786,0.4937288116760809,0.727723453823589,0.9295367615808345,0.10517397475762587
0.7828509036013971,0.46960501698370866,0.4854427253290253,0.7199148456514892,0.9302847428813266,0.10517525926701368
0.7829259689372212,0.47385646705604645,0.48848787008503813,0.7143063347911569,0.9267488312791556,0.10517652162968792
0.78300094353507,0.4745991545459737,0.49233209710660614,0.7007750910466226,0.932222694432653,0.10517780613907574
0.7830759650663546,0.4705620037582966,0.48786966449766633,0.7062789677328458,0.9280577985550735,0.10517906850174996
0.7831509490508903,0.4738809795515011,0.49188473277330025,0.7281487808212668,0.9338886527835939,0.10518036408449456
0.7832259881039905,0.4761693309597752,0.49220689777594717,0.7239052396386654,0.9338376540586069,0.10518162644716879
0.7833010252797532,0.47598795637269276,0.49697777470070015,0.7170482266651796,0.9373565660858958,0.10518288880984303
0.7833759998776029,0.47493836028176173,0.4948173475342626,0.7163127298253897,0.9352486187844988,0.10518415117251725
0.7834509650887651,0.4765884749648395,0.49593383826818416,0.7185009937466886,0.9304377390565151,0.10518541353519148
0.7835259428155097,0.4727101118674485,0.4909301147141495,0.7134653698806142,0.9350616234594327,0.10518670911793608
0.7836009424445249,0.4804276127057186,0.4968211787023953,0.7051820759713994,0.934398640033919,0.10518798255396712
0.7836759577180179,0.4772145627179999,0.49188077969269284,0.732335180229089,0.9289247768805353,0.10518923384328455
0.7837508822535364,0.4775901080942048,0.4934644245100382,0.7218220069851156,0.9315087122821524,0.10519052942602915
0.7838259144230659,0.47617605356976134,0.4964951934214009,0.698340192265593,0.9323756906077278,0.10519171427520585
0.7839008984076026,0.4790712099256905,0.49354002219656967,0.7184314229409814,0.9305907352315899,0.10519273302403068
0.7839758667476602,0.4764108264201004,0.49377445138611686,0.7214499302445458,0.93106672333181,0.10519370747942833
0.7840508632477801,0.4730394089052198,0.48933550264349535,0.726007493077566,0.9351466213344111,0.10519471515489634
0.7841257783966116,0.4755932247391046,0.4963164305125233,0.7162446679755139,0.9308457288567524,0.10519568961029399
0.7842007874123134,0.4775302196516265,0.4949120576793858,0.7253978352122548,0.9278368040797886,0.10519668621240523
0.7842757150767277,0.47837264850343797,0.4960784377956648,0.7041803278460685,0.932222694432653,0.10519766066780288
0.7843506959323681,0.4762793153622473,0.49406060705595223,0.7177910300279431,0.9287717807054605,0.1051986683432709
0.784425639241261,0.47690136239770325,0.49492815995341644,0.7123997690979904,0.933276668083181,0.10519966494538215
0.784500600071969,0.47313489499801703,0.4935883068849516,0.7106852378890709,0.9334806629833565,0.10520063940077978
0.7845755840565056,0.47960372645714267,0.4976746213597295,0.71112033339029,0.931100722481915,0.10520162492953425
0.7846505211076074,0.4739098635313749,0.4926142908423501,0.7061042465312977,0.9335826604334443,0.10520263260500226
0.7847254268697514,0.4770687768414954,0.4943256471664402,0.7225930437056747,0.9288227794304476,0.10520360706039993
0.784800348276375,0.47600384032671317,0.4918192922462913,0.7262922092173616,0.9312367190819941,0.10520458151579756
0.7848753447764936,0.4777808693042732,0.49634123133458696,0.722009276345684,0.935486612834552,0.10520561133797919
0.7849502724409088,0.47623552006128733,0.4935491302182379,0.7331254759911825,0.928975775605636,0.10520656364666325
0.7850252063631142,0.4742205071143629,0.49169910620094914,0.7207200721344424,0.9280577985550735,0.10520758239548808
0.7851001227635042,0.4757674654927178,0.4956874015409577,0.741312554111454,0.9281767955800433,0.10520855685088573
0.7851750504279194,0.47734298066008807,0.4965583851634731,0.707987661665259,0.9260858478537557,0.10520954237964018
0.7852500125101858,0.47687120004917516,0.49389003361977746,0.7169030095210747,0.9352486187844988,0.10521055005510818
0.7853249057567471,0.4737014179236011,0.4919425106099045,0.7349011993300079,0.9303867403314143,0.10521152451050585
0.785399839678953,0.48224194680491694,0.4979897943233851,0.7143859520659532,0.9314577135571653,0.10521251003926028
0.7854747297966198,0.4746274932077502,0.48949461081788614,0.7185327215285151,0.9363705907352369,0.10521350664137152
0.7855496605899299,0.47806476726950003,0.49316851894094443,0.713483596478685,0.9307947301316517,0.10521449217012598
0.785624581996553,0.47351034203817166,0.4943439871585526,0.7281191179263675,0.9335826604334443,0.1052154776988804
0.7856994448928276,0.4753426823621492,0.49324173725365006,0.7373463034175824,0.9392605184870035,0.10521647430099164
0.7857744119813272,0.48117839057069556,0.4982528534668273,0.7133471551040214,0.9348066298342701,0.10521747090310288
0.7858492645522457,0.47516290618286666,0.4903204638056957,0.7082787313032926,0.9323246918826271,0.10521845643185732
0.7859241484121209,0.4762034446295983,0.49603265642988476,0.7042349679309163,0.9346366340839722,0.10521945303396855
0.7859990885921175,0.4795666448265279,0.49567987607955505,0.7113052598983829,0.9274118147045556,0.10522041641600942
0.7860739411630364,0.47644790805071524,0.4973618167030448,0.7098612288769512,0.9344666383339018,0.10522141301812066
0.7861488281518079,0.4756976576245536,0.49544742785705354,0.7036286853615441,0.9283467913302275,0.10522238747351831
0.7862237558162213,0.47857853737390327,0.49284226805543,0.7049199147503491,0.9290267743306231,0.10522338407562953
0.7862985927426624,0.4832585019829375,0.5002602702959812,0.7311233298588964,0.9268508287292434,0.10522435853102718
0.7863735016337023,0.4769454705860961,0.49863439435994106,0.713729040057496,0.9243178920527271,0.10522536620649521
0.7864483717264372,0.4792569577851203,0.495548614325725,0.7199363681267708,0.9317127071822142,0.10522635173524966
0.7865232681018943,0.4808893719791389,0.5012650189949286,0.7298006109444486,0.9255758606034306,0.10522732619064731
0.7865980947029789,0.4728501495548292,0.4909252231642378,0.7168819238487969,0.928975775605636,0.10522835601282891
0.7866729597894802,0.4739518530248652,0.4904055679206756,0.7083957945083301,0.9329706757330314,0.10522931939486979
0.7867478154892944,0.4753095341735476,0.49506219948785246,0.7316965345280664,0.9252868678282766,0.10523030492362424
0.7868226336423612,0.4766318501026754,0.4968152468681132,0.7130138744120682,0.9324776880577019,0.10523130152573545
0.7868975706934616,0.48047482294951727,0.4956480920719839,0.7304911567842038,0.933684657883532,0.1052322981278467
0.7869724013621111,0.47219847476137333,0.49124277550171913,0.7363087771552983,0.9301317467062518,0.10523327258324434
0.787047228901864,0.4829039558232982,0.5021949778877597,0.7232388370922151,0.9308457288567524,0.10523425811199878
0.7871221484311501,0.47524357750269985,0.49000463789759496,0.7213740059406004,0.9298767530810892,0.10523525471411004
0.7871969665842165,0.47682069107787006,0.4927748487747464,0.7362073594396723,0.9288227794304476,0.10523624024286447
0.7872718066395521,0.48298729115613126,0.5008886241893915,0.7196201227519685,0.9387505312366784,0.1052372368449757
0.7873466319890783,0.47598134819011073,0.49319160440048254,0.7050163687954767,0.933276668083181,0.10523820022701655
0.787421443884353,0.47853590422626535,0.4981168418188296,0.7230152733729616,0.9323246918826271,0.10523920790248459
0.7874962808107933,0.4783459010977486,0.4965252731333015,0.7309679471176105,0.9295877603059353,0.10524018235788224
0.787571108350547,0.4801642777025795,0.49636682675683996,0.7081090531909711,0.935758606034824,0.10524117895999348
0.7876459452769873,0.4770880667987135,0.49127971666372205,0.7083510023457513,0.9318657033574027,0.10524216448874792
0.7877207603011578,0.4730794799517646,0.49122852139247414,0.725325961263436,0.9308967275818532,0.10524315001750237
0.7877955784542245,0.4731548303973109,0.4942644341780427,0.7210018100719386,0.9307267318315553,0.10524414661961361
0.7878704216384556,0.48010726067267084,0.5002274128034747,0.7128740180321016,0.9403654908626322,0.10524512107501124
0.7879452013061052,0.4776406260051509,0.49807554031595513,0.7285420226528421,0.9329706757330314,0.10524611767712248
0.788020074527735,0.4546639608638254,0.4188485229533434,0.7171956675336677,0.9184870378239793,0.10524710320587694
0.7880948926808014,0.42740525241094074,0.37095104169428766,0.733791521153357,0.9198980025498713,0.10524808873463137
0.7881696576426416,0.4024544106025,0.34391968836444586,0.7241681950469956,0.9338376540586069,0.10524907426338581
0.7882444726668125,0.3719200961304621,0.31734638330973064,0.7056307123657382,0.9277518062048102,0.10525007086549705
0.7883193283666263,0.342671641731803,0.29231610018903514,0.3432679543804531,0.8066808329791684,0.1052510563942515
0.7875478490788654,0.34096526273658356,0.2886369147254997,0.33036121980336164,0.8071398215042791,0.9313183903692738
0.7860303972607792,0.34172786774652286,0.2898535472169803,0.3453332781108447,0.8002379940501214,0.9315965530918761
0.7845129829894404,0.34166264770208854,0.29128838754461767,0.322872232302003,0.798011049723641,0.9318746715210514
0.7829954748512318,0.3411896959982127,0.2913596282103341,0.3386742163168399,0.8068338291541295,0.9321527013633722
0.7814780543221023,0.34029068100718574,0.2887181819618497,0.3533842325313641,0.8016659583510091,0.9324309305261155
0.7799605680861639,0.33900034574955296,0.28762081143331836,0.34888166716746816,0.8107777305566515,0.932708938221723
0.7784431287836595,0.33782617039835294,0.2875424463690246,0.3730481904502396,0.7925201869952616,0.9329870345041846
0.7769256300321383,0.33897327830471796,0.28874799739725276,0.3561867606041971,0.7976540586485044,0.9332650864932192
0.7754082282763828,0.3375222369098536,0.2853041700750735,0.3359506304596156,0.8009009774755214,0.9335332831947092
0.7738907170092788,0.33806509839380045,0.28780603716418124,0.34423150209762743,0.7897492562685784,0.9337720690605611
0.7723733058668358,0.3383048774430653,0.289161721147392,0.3636068920683999,0.7876753081172865,0.9340107663395587
0.7708558321464798,0.3359940392619733,0.286187554551295,0.3529634324011812,0.7878793030173483,0.9342493971784155
0.7693383427816456,0.3353311809777028,0.2846070671076823,0.3493565117420392,0.7920101997449365,0.9344880280172722
0.7678208471590198,0.3354601299344628,0.2838938680636992,0.36952461974610884,0.7877603059922649,0.934726658856129
0.7663034141143075,0.33517431173436224,0.28587831674197806,0.3457825101456431,0.7845813854652306,0.9349655111621217
0.7647859654251166,0.3352768315366503,0.2837099617232899,0.3688586937120264,0.7782065448363937,0.9352040312674106
0.7632684854469698,0.33140987542109734,0.28159384956434436,0.36764942445049287,0.7797705057372468,0.9354427285464081
0.7617509960821351,0.3311598640588137,0.2800856579004042,0.3609898464347563,0.77960050998729,0.935681403678692
0.7602335254906745,0.3312621710976474,0.27918512289764613,0.340574468221132,0.7725286867827208,0.9359200345175487
0.7587160486414231,0.32928872926901737,0.2739821783572422,0.36643610483383293,0.7715597110071712,0.9361587207231895
0.7571985655343796,0.3310074717876554,0.27812601137221166,0.36440651953103087,0.7639609009773949,0.9363974069288302
0.7556811262318757,0.3329372184393039,0.28430099552558197,0.3569905575500467,0.7570760730981192,0.936636148501255
0.7541636556404154,0.32999378802230434,0.2804065050619573,0.3734430206563746,0.7684317892052377,0.9368747793401119
0.7526461756622687,0.32905683498306065,0.2792642792420727,0.3595454580290487,0.7637909052273244,0.9371134544723957
0.751128686297434,0.3284393757713346,0.2782017376555983,0.3748429742837791,0.7708117297066792,0.9373522624849613
0.7496112313504515,0.3297770267605291,0.2800152089574947,0.3804679248208027,0.7536761580960274,0.9375907825902502
0.7480937482434089,0.325550080244005,0.2735367922242683,0.38699542949191446,0.7619889502761907,0.9378295241626748
0.7465762745230524,0.32892873886804624,0.2785893398651977,0.3683072100649578,0.7708117297066792,0.9380682657350995
0.7450587632559489,0.3241791791543021,0.2753046165341381,0.3835443680864261,0.7531831704206979,0.9383068965739563
0.7435412926644882,0.3259196610917755,0.27705001328686607,0.3859520659531239,0.7470463238419143,0.9385456381463809
0.7420238439752973,0.32422436367546403,0.274548937566426,0.38460873787876615,0.7558521036974071,0.9387841582516698
0.7405063796416287,0.3250070051026398,0.2758096338256564,0.3779432034584316,0.7530811729706102,0.9390229441175216
0.7389888621167326,0.325479531279607,0.27564683567406906,0.3828975025470578,0.7569910752230271,0.9392615306629514
0.7374713821385859,0.3216903706013972,0.2696027233670933,0.3742027402081971,0.7571610709732113,0.9395002722353761
0.735953895902647,0.32203735740065853,0.2710431044263569,0.38735809511321895,0.744581385465267,0.9397388587808058
0.734436431568978,0.3219382489653528,0.2718103929455085,0.38549997484411813,0.7579430514236947,0.9399776003532304
0.7329189766219955,0.32150110409929383,0.27421859194456016,0.38709537796107263,0.7476073098172265,0.9402161647519465
0.7314014653548915,0.3204266772616907,0.2713336080421861,0.3937992319176562,0.7515512112196348,0.9404549063243713
0.7298840197945964,0.32156547130198254,0.27283810581126305,0.3805456757554917,0.7412664683382673,0.9406936478967959
0.7283665085274924,0.3197847064484741,0.26928926421660365,0.3682429603140249,0.7307267318316235,0.9409322787356527
0.7268489784870149,0.3182294404617947,0.2690681542083907,0.38675729243607715,0.7479133021673761,0.9411710203080774
0.7253315329267194,0.3185877251792747,0.2707177718684707,0.3821279350729663,0.7325626859327485,0.9414095847067935
0.7238140385556528,0.3161758601159314,0.26633567842942024,0.3855848337549608,0.7415724606884169,0.9416483373525749
0.7222964678395307,0.3156008141366762,0.2656267016119582,0.3737319459887527,0.7313217169570407,0.9418869128246478
0.7207790660837752,0.31513660003785404,0.26538553868381537,0.376293477931541,0.7383765405865006,0.9421256543970724
0.7192615454299842,0.3132356257993604,0.2629411915735903,0.3894196861633952,0.7150701232469601,0.9423643959694973
0.7177440435495668,0.31478364513430185,0.26474278946809016,0.38918937185226365,0.7248618784529981,0.9426030821751379
0.7162265291535674,0.3156289489746393,0.26616944984051993,0.40018032816374327,0.7274968125796022,0.9428415469136429
0.7147090397887328,0.31388612127538357,0.2626936959696771,0.3927283894989859,0.7144921376964248,0.9430803992196356
0.7131915379083162,0.3135048187704139,0.2666652323284791,0.4153510921286232,0.7226179345516357,0.9433190743519193
0.711674104863603,0.3130079946493746,0.265310076234252,0.3892024759423798,0.7286017849553446,0.9435576608973492
0.7101566061120819,0.31233767712870464,0.26173300220712925,0.3962376251227169,0.7016574585635453,0.9437964024697737
0.7091152877335474,0.3111967511628417,0.2654050643787729,0.381140839702947,0.7209009774754804,0.9440688070468447
0.7076023884586484,0.3100592354912041,0.2616108374081124,0.38270781091528616,0.7148661283466708,0.9443077700864052
0.7056041286308918,0.31047911683785306,0.26415439400403107,0.3998357303030535,0.7168040798978836,0.9445122949863441
0.7040865472765248,0.30837694006746713,0.26105225782213054,0.4087229242198014,0.7123841903952552,0.944750981191985
0.7030369873868167,0.30753355431648954,0.2600836490448839,0.4068822760708555,0.7077263068423463,0.9450223338001605
0.7019899822404168,0.31099405714125516,0.26687657982121893,0.39018409142016863,0.7068763280917665,0.9452954692187797
0.7004552135492892,0.30757959203698265,0.26089368152079123,0.40814118203737393,0.7062133446663665,0.9455327048146808
0.6989323096305124,0.3064520939481885,0.259037466040802,0.4002970339845049,0.7054823629408702,0.945772110788513
0.6974070934578407,0.30817744357665167,0.2608005410983818,0.4047486919437684,0.697322566935668,0.9460100218591783
0.6958822777838147,0.30319790820268916,0.2573957645021064,0.4017924092135732,0.6960815979600739,0.9462491952925179
0.6939060751060255,0.30549169562782547,0.2582390433598051,0.4072155964721724,0.6931916702081935,0.9464556691032521
0.6918913854471489,0.30717484371451526,0.2621599187551187,0.4078995108481416,0.6819379515511628,0.9466590202273713
0.6903738335044012,0.3028799069376227,0.25665169557277545,0.4160909967078157,0.6933446663832683,0.9468977175063686
0.6888563378817758,0.30265568608186233,0.25790500362173896,0.4132997063849917,0.6931406714830928,0.9471363483452255
0.6873387640367579,0.30140328923003196,0.25442872075522693,0.4201779638682115,0.6864428389289969,0.9473750899176503
0.6858213435076284,0.3028967447513312,0.2579912830367202,0.42684862079650077,0.6820229494261412,0.9476137650499342
0.6843038510138979,0.3008103403682467,0.25624219316380886,0.4101653271573096,0.6793030174245587,0.9478525176957157
0.6827863115867339,0.3006634885289567,0.2538276621529982,0.41423656940956577,0.6765830854228625,0.9480909824342207
0.6812687389932743,0.2968611129159253,0.25370233002007925,0.40932757870524994,0.6750021249467864,0.9483297240066454
0.6797512652729187,0.2956236356096508,0.2511139187968186,0.4089250845918655,0.6832639184019627,0.9485685098724974
0.6782337665213971,0.2946932896802323,0.24998937139245425,0.42540447064697706,0.6811389715256837,0.9488070964179268
0.6767162677698764,0.29632080888445833,0.2539289814239297,0.42182637898609054,0.6800169995749457,0.9490457272567837
0.6751987252138152,0.29624898155140605,0.253399425771881,0.4249011941677905,0.6669443263917856,0.9492844245357812
0.6736812295911894,0.2922854737378559,0.25135138694474984,0.4219630983263021,0.664513387165357,0.9495230996680651
0.672163662003963,0.29295770988426423,0.24984451511393746,0.43014271108614377,0.6716532086697953,0.9497617305069218
0.6706462164436684,0.29159234994160094,0.2498107412858366,0.4607606558986257,0.6625414364640392,0.9500004720793467
0.6691286957898774,0.2933025667246754,0.2503373952085033,0.4203062648232576,0.6705482362940529,0.9502391029182033
0.6676111782649823,0.29334327588279047,0.2519632667178014,0.4344268352387408,0.6611134721631515,0.9504778444906281
0.6660935994137316,0.29169188569174354,0.251668277484302,0.4190349298258109,0.6619294517636263,0.950716475329485
0.6645760850177318,0.2901980037495715,0.25104795591425344,0.428254649956596,0.6591925201869344,0.9509551504617689
0.6630585674928366,0.28695085153477007,0.2456157215210976,0.4361134507647766,0.6541776455587751,0.9511937370071986
0.6615410624835243,0.2893772106167605,0.24967855102287176,0.4373345137074145,0.645762855928524,0.9514324785796233
0.6600235105407766,0.28978494281258055,0.2516907044659673,0.44368801194552976,0.6510327241818459,0.95167110941848
0.6585060117892549,0.28675774921153263,0.24786824705487745,0.44547239192570465,0.6492137696557165,0.9519098509909049
0.6569884911354644,0.28545995364474347,0.2458940883383812,0.4585517033986888,0.6492647683808173,0.9521483710961937
0.6554709892550465,0.28315487008931667,0.2444473737179989,0.44310793755639,0.6339141521461897,0.9523870573018344
0.6539534905035258,0.2830346605255386,0.24476057014135072,0.44618870914268793,0.6351381215469019,0.9526257435074752
0.6524359886231088,0.28142547151867947,0.2442919640865504,0.42326731267713114,0.6487547811304921,0.9528644850798998
0.6509184272936741,0.28229144917265236,0.24555820043552942,0.4398053097534895,0.6515937101571581,0.9531030494786159
0.6494008534486566,0.2743744513071883,0.23918427185649632,0.44596633670435404,0.6300722481937555,0.9533418021243973
0.6478833816056384,0.2811373093447247,0.24259511640937037,0.4557208228399685,0.6379940501486772,0.9535804883300381
0.6463658859830126,0.2755584316565702,0.24017135121474448,0.4438875514995706,0.6304632384189972,0.9538189641418998
0.6448483903603863,0.27893431899192034,0.2427362785716869,0.44158905438384055,0.6235444113896165,0.9540577943011789
0.6433308321598479,0.2766814525943893,0.242847887804401,0.45215865463404104,0.6166935826604458,0.9542963808466084
0.6418133240216402,0.27810734499136414,0.24090434000884547,0.4424540434595958,0.6292052698682937,0.9545350116854653
0.640295743918831,0.27683064983787603,0.23869376670901432,0.4505152428960246,0.6244453888651833,0.95477375325789
0.6387782295228317,0.27506011461549407,0.23709876729843501,0.4353848633543207,0.6185125371865752,0.9550123840967468
0.6372607495446836,0.2769836821873256,0.24173600530890313,0.4335053000286664,0.6121886952826117,0.9552511256691715
0.635743185086354,0.2738320153501502,0.2413586941677718,0.4434214032757129,0.6206544836378498,0.9554897565080284
0.6342256706903542,0.27161581042010985,0.23904205391621247,0.44766657254223774,0.6073608159795185,0.9557284427136691
0.63270813752098,0.2724191265548852,0.2377982456555843,0.4381139291037752,0.6194305142371377,0.9559670181857419
0.6311905855782332,0.27024107422444416,0.239782167551565,0.43938558177613407,0.5854653633657563,0.9562057597581666
0.6296730868267111,0.2731683060120623,0.23888084082599992,0.456545387783184,0.5937441563960419,0.9564444348904506
0.6281555192394856,0.2694637617172321,0.23550218532759015,0.45215107014551936,0.5878113047173201,0.9566830214358802
0.6266379704256342,0.26794281054229685,0.23730483877872027,0.4579203245112762,0.5978410539736387,0.9569216522747369
0.6251204685452167,0.2652623915134344,0.2330480748165436,0.46599085564824194,0.5915172120695615,0.9571603495537346
0.623602916602469,0.26602755683653856,0.23479690129830585,0.4549397396503201,0.5745856353590852,0.9573991354195863
0.6220853959486781,0.2654066862578302,0.23531669598424113,0.46102504084405926,0.5906502337440998,0.9576375890847345
0.6205678440059308,0.26652331535237794,0.2347697255291583,0.44788179729505395,0.5812834679131811,0.9578763970972999
0.6190502826764961,0.26426213687670186,0.23339821018852738,0.4478551920211815,0.5970250743730503,0.9581150943762975
0.6175327745382884,0.26503454867275117,0.23232827992697822,0.4622893075747161,0.5765575860602894,0.9583538802421495
0.6160152538844965,0.26134833242977407,0.23421879756672614,0.44476234878823107,0.580773480662856,0.9585922896138703
0.6144977257213564,0.2597589643948047,0.2297841958847501,0.4681169744148994,0.5643008924777178,0.9588310311862951
0.6129801925519822,0.26178569184721556,0.23262458832959412,0.45123803273933816,0.5648108797279292,0.9590792958455604
0.6114626437381308,0.2624402362654128,0.2328968860835936,0.46091004252594914,0.5788015299616518,0.9593305503111597
0.6099450949242784,0.2574773266568757,0.22981480237894883,0.44409114140873807,0.5605099872502706,0.9595816940431908
0.6084275586260093,0.256360697562328,0.2285002813415879,0.45510362019549944,0.567496812579634,0.9598330592423576
0.6069099879098876,0.25575368163914686,0.22670659868312393,0.47380704830886367,0.5504802379940656,0.9600844244415246
0.6053924453538273,0.2574231899792776,0.2284329970765353,0.4457621114453625,0.5402464938375715,0.96034597712894
0.6038748871532884,0.25623004471000504,0.22989527833516604,0.4594295583083763,0.5559881002974407,0.960645356403155
0.6023573696283928,0.2559452939030326,0.22983142700853565,0.4706451902013018,0.544394390140269,0.9610580604107741
0.6008398646190805,0.2518701013673038,0.228167031776969,0.4665166076274463,0.5415554611134894,0.9614901870862055
0.5993222939029588,0.25224991274016484,0.22481924837727807,0.457513104983577,0.536795580110379,0.9619222694682098
0.5978047075423589,0.2526484794797158,0.22755726577322322,0.46041208710153714,0.524181895452557,0.9623542411166461
0.596287177501881,0.2517560726712709,0.2271585823217084,0.4621446066523429,0.532885677857962,0.9627864342322184
0.5947696286880286,0.2488893711924505,0.22381554438944312,0.48196895069236656,0.5382575435613717,0.9632185166142226
0.5932520767452809,0.2476887666867785,0.22206777589901927,0.45746942468318985,0.5251338716531109,0.9636505989962268
0.5917345498336992,0.2520990116011151,0.2267596332656735,0.47246610279634527,0.5403484912876593,0.9640826813782312
0.5902169478286203,0.2459557439857046,0.2228076217164807,0.4800142175406823,0.5127071823204687,0.9645146530266676
0.58869940527256,0.24932438663603781,0.22611266270877564,0.45927679638511365,0.5331916702082253,0.9649468904356668
0.5871818076479363,0.24510767064460426,0.22285115651069495,0.47544962615023634,0.51773905652351,0.9653410576440171
0.5856642932519365,0.24261076277700866,0.2210996939040708,0.4701303582971943,0.5055673608159168,0.9657187698441752
0.5841467100202316,0.24723137353399277,0.22279812414151637,0.497141461869262,0.5401444963875974,0.9660962052104132
0.582629198753128,0.24260692588311764,0.21951815178917622,0.4794032492663596,0.51406714832126,0.9664738620437874
0.5811116249081105,0.24497083513660792,0.22229732681888076,0.4852516443945447,0.5145771355715851,0.9668513527768094
0.5795940229030325,0.24614586332955354,0.22505381479582734,0.4785810271756197,0.5142031449213391,0.9672289542433995
0.5780765366670941,0.239677775648554,0.21906854309767554,0.4725685926647989,0.5047683807904377,0.9676065557099898
0.5765589315331199,0.24008401617588696,0.2211413827468704,0.48887377374009455,0.5192690182744855,0.9679840464430118
0.57504134517252,0.23939110460670784,0.2199698676098696,0.5013682059908962,0.492052698682528,0.968361647909602
0.573523790100877,0.23883396294032516,0.2199350402171724,0.48800112075708935,0.4990565235868871,0.9687390832758401
0.5720062850915637,0.23978583624029598,0.21881814443635775,0.47195698904065253,0.5042753931151083,0.9691166293756464
0.5704887300199206,0.23689824997231396,0.2187914954495084,0.48760942759070947,0.48759881002968086,0.9694942751356637
0.5689711624326947,0.23604974574052034,0.21601574671811305,0.5014614832869047,0.4933786655333279,0.9698719430423944
0.5674535541698256,0.23476431298197853,0.21641812649919917,0.48229226433395866,0.48907777305566924,0.9702493894819895
0.5659360178715565,0.23593550428103316,0.21788937633712507,0.4909457289342718,0.48482787930299764,0.9706269245084389
0.5644184408976436,0.23117571761805486,0.21309461492590273,0.48946572122906695,0.4661793455162524,0.971004525975029
0.5629008858260001,0.23341003783649392,0.2182616764063106,0.4952628912777073,0.47037824054382327,0.9713820167080511
0.561383330754357,0.22884249636397985,0.2130679659390534,0.4842338933955268,0.4554186145345511,0.9717596181746411
0.5598657381359651,0.2341023057515254,0.21395741792919928,0.48769130829925333,0.4605524861877939,0.9721372196412313
0.5583481861932182,0.23193405841926623,0.2159508396135153,0.5028843095079665,0.4653123671906769,0.9725147103742536
0.5568306092193049,0.2303589741425892,0.21353314126880252,0.5010361562892267,0.45871653208666885,0.9728923118408436
0.5553130197298093,0.22712567229228736,0.21226769509327076,0.4987949597857315,0.45150871228224787,0.9732698025738659
0.553795431491872,0.22862339112835042,0.21304448428610617,0.4893548526848117,0.45150871228224787,0.9736474040404559
0.5522778420023764,0.22753318940034645,0.2135682342660198,0.49066645297734257,0.4416999575009868,0.974025005507046
0.5507602900596291,0.22921697971084126,0.21239645573786992,0.4850156913537269,0.4276243093921721,0.9744026069736361
0.5492427224724028,0.22741490007144205,0.21082388441564148,0.5126671481294687,0.4456098597535174,0.9747800423398743
0.5477251486273857,0.2224662724332691,0.20985844075892596,0.49414030755776017,0.4481087972800424,0.9751576991732485
0.5462075966846385,0.2236545116275943,0.21063839507229243,0.5193925642706976,0.41601359965989104,0.9755352341996978
0.5446899633906037,0.21977817604076821,0.20698638604191583,0.507440879606887,0.45082872928173856,0.9759127913728608
0.5431724239634383,0.21904072181664663,0.2098774381222256,0.49690761342473544,0.42087547811308923,0.9762902821058829
0.5416548970518558,0.220012841615416,0.20866502652924346,0.5174792082762891,0.43532511687203623,0.9766678835724729
0.5401372387266563,0.21910487804380918,0.2089040794508113,0.4939226605337408,0.43739906502321446,0.977045485039063
0.5386197149439695,0.21777788131868575,0.20786449229231174,0.5087068935495593,0.4203654908626504,0.9774229757720853
0.5371021129388911,0.2204178073499511,0.2086882470044126,0.5168043079259454,0.4304972375689431,0.9778004665051074
0.5355845015471261,0.2163539091565846,0.20745842282176735,0.5132890761882523,0.39367615809601375,0.9781781122651247
0.5340669840222305,0.21769028177712485,0.20635814945716852,0.5070930652877141,0.42148746281338845,0.9785555587047198
0.5325493338321592,0.21503032379844345,0.20646658914260957,0.5074698674425984,0.3988950276242349,0.9789332266114505
0.5310317693738291,0.21657664031057888,0.2086885103955617,0.5052095310256608,0.38951126221843424,0.9793107616379
0.5295141986577083,0.21455566641107637,0.20742174726428447,0.5150406562337726,0.40790480237990323,0.97968836310449
0.5279965841370471,0.21056146702225462,0.2045557593971875,0.5145635879348183,0.3844453888651742,0.9800658538375123
0.5264790165498208,0.2137186728609558,0.20671039417171605,0.5165163753276669,0.400815979600452,0.9804434553041024
0.5249614520914907,0.20890474773245116,0.20494441627806878,0.512537377927955,0.36407989800250107,0.9808210014039084
0.5234438751175774,0.21179958226130652,0.20790987525131166,0.5140854871923999,0.37484062898420234,0.9811985475037145
0.521926288756978,0.20654638105634304,0.20287843807897632,0.5104773355429741,0.3464513387164061,0.9815760382367368
0.5204086554629428,0.20749356462067728,0.20193146278989127,0.535405127042764,0.3588100297491792,0.9819536397033268
0.5188910972624039,0.20355286183116245,0.19996970337774136,0.519977721458428,0.36185295367613435,0.982331241169917
0.5173734796128473,0.20314832698732063,0.19992300124962498,0.5298246509934073,0.3668508287291843,0.9827086876095119
0.5158558757304323,0.20474451418039818,0.20151615692216063,0.5187379951147157,0.35450913727152056,0.9830864441030971
0.5143382956276228,0.20087691798655402,0.19930294749746755,0.5243490473743435,0.38079048023791984,0.9834638241025514
0.5128206904936494,0.2003472710798432,0.1977797144282174,0.5229667644139135,0.33574160645980555,0.9838448140163197
0.5113031166486324,0.20348465773458274,0.20252144125689014,0.5172963863644875,0.3392605184869808,0.9842268448256264
0.5097855521903019,0.20133495121763095,0.19860425931376552,0.5246195475618314,0.3435104122396524,0.9846089199283604
0.5082679551914571,0.19864494174196917,0.197664411079303,0.5148504483802689,0.3613429664258092,0.9849908400040991
0.506750373211311,0.1960112001543054,0.19366543401084468,0.49619625987825033,0.3728516787080025,0.9853728708134059
0.5052327727706811,0.19652251722123493,0.195539856016675,0.5218844062796866,0.3402804929876311,0.9857549016227125
0.503715159814468,0.19565440656893401,0.19507969397224262,0.51895329928626,0.322889927751703,0.9861367109648834
0.5021975778343211,0.19541953180668822,0.19621611389865512,0.5286581884262531,0.3445303867403027,0.9864799850254198
0.500679957681649,0.19533875321116376,0.19571373401575398,0.5122449978809098,0.32894177645550826,0.9867811803301486
0.49916240699045966,0.19785782423657525,0.19805438491592975,0.5201122170742563,0.3109902252443817,0.9870822649013093
0.49764474428480554,0.19468164669187338,0.19797575933786915,0.5318899747237986,0.31109222269435577,0.987383681673174
0.49612714947618697,0.18658283977277723,0.19166911059714667,0.515447041864828,0.327581810454717,0.9876848216111188
0.4946095834534092,0.18526713917794424,0.1892268748215193,0.5161964766913778,0.3162600934975899,0.9879860722826316
0.49309195485271795,0.18647499194448958,0.18928175535548353,0.5161155887169337,0.2919847003824998,0.9882873783209283
0.49157439477484166,0.18714573320414002,0.19004983936017286,0.5027697479928606,0.31595410114744027,0.9885886179190841
0.49005677868973274,0.18836850980726888,0.19213560952275424,0.5642852312496651,0.30514237144063827,0.9888898796639536
0.48853920015137176,0.18645112310318251,0.1923480046039887,0.5274058345047927,0.29698257543554973,0.9891911857022504
0.48702160252674753,0.31079029769326155,0.2957725919774066,0.5452254513038708,0.16853378665530272,0.989492381006979
0.48550390634191,0.36382789739394805,0.33996978837118774,0.5273686665400996,0.31869103272413213,0.9897935763117077
0.4839863434480276,0.4176757334054607,0.39652275210373167,0.5400265822424413,0.3452953676157904,0.9900948823500045
0.48246872079223824,0.45378305758534077,0.4484740953919519,0.5349603821660958,0.3454993625158522,0.9903960776547333
0.4809510859337558,0.5051548830339168,0.5182860079937222,0.4300005515630658,0.7934041648958328,0.9906972729594619
0.49706480910589335,0.48745625342008314,0.5089798586337648,0.7606058251174992,0.9272078198044937,0.10167747376385587
0.7630499233240808,0.49196049150718024,0.5164082814249877,0.733703922296399,0.929281767955672,0.1052808880174478
0.7623918402213383,0.4918231249845121,0.517392979196039,0.7201071581012841,0.937645558860936,0.10528288122167026
0.7933921468283947,0.4989739974094351,0.5206907691849354,0.716503930412993,0.9308457288567524,0.10523886462842405
0.7934665926428774,0.49894649907390687,0.5263098098771857,0.7566128103122995,0.9353166170844815,0.1052398390838217
0.7630086425520557,0.5025464030836183,0.5276826532404171,0.765912187427245,0.9318147046324157,0.10528526199338042
0.7327372650677648,0.49641155660997227,0.5243351288051333,0.7882614116670956,0.9348576285591434,0.10531878104438828
0.7328904073014866,0.500326457807809,0.5256934524545996,0.7771832138829338,0.924572885677776,0.10531911324509204
0.7328059099096902,0.4907080942977642,0.5138536440298279,0.7758280524181078,0.9260858478537557,0.10532003233370574
0.7329590271122464,0.48797321497630153,0.5082284058987754,0.7744664183269518,0.9301317467062518,0.10532035346105269
0.7329012974228379,0.48432355292512386,0.5024025035527924,0.7473992054235685,0.9361155971099606,0.10532129469637996
0.7615627754862584,0.47885285025611535,0.5009101381555191,0.708925358586477,0.931100722481915,0.10529157934342998
0.7938969584740252,0.4853428865435483,0.5064364386028369,0.7025682070868748,0.9337866553335061,0.10524426842653832
0.7939713708093237,0.48913865808623247,0.508481305669324,0.7076666908761422,0.9333786655332688,0.10524526502864953
0.7940457459107644,0.48053065994682204,0.5044850975279878,0.7323745719181654,0.936472588185211,0.1052462284106904
0.7941201854674556,0.47950632012947175,0.4987631461510562,0.7167841991040218,0.9335826604334443,0.10524720286608805
0.7941945593173378,0.48383845224921185,0.5054211210573609,0.7080954328791231,0.9307947301316517,0.10524821054155609
0.7942689738428634,0.4826541554365407,0.5027513086888047,0.7023968611812657,0.9331066723331105,0.10524917946027533
0.7943433101459973,0.485671007124572,0.5061180894517954,0.7174758170966047,0.9331066723331105,0.10525015945235139
0.7944177246715234,0.4785891952138307,0.4996026113705206,0.7360202886259237,0.9274628134295426,0.10525114498110583
0.7944921360681536,0.4812335928534937,0.5013432505929509,0.7157890427331131,0.9283467913302275,0.10525211943650348
0.7945665286914108,0.4854184443887644,0.5072390733288484,0.7040746215191318,0.9348066298342701,0.1052531160386147
0.7946409047315193,0.4799935591674963,0.5006185707935868,0.7095936671823986,0.939107522311815,0.10525409049401235
0.794715297354776,0.4840239855572591,0.5022354825770738,0.7090531830291551,0.9350106247343319,0.10525507602276682
0.794789702493615,0.48388524232988644,0.503870189863407,0.7175302189252686,0.9297407564810101,0.10525603940480766
0.7948640219007128,0.4854397564927629,0.502934553673959,0.7177687927841097,0.9300467488312734,0.10525702493356211
0.794938408266177,0.48565076777748617,0.5025386480030501,0.700891876286112,0.9313557161070776,0.10525801046231655
0.7950127570848946,0.4867722993711249,0.507831039403006,0.7190575601923475,0.9346366340839722,0.10525899599107098
0.795087146579255,0.48112648701540395,0.5016406169869052,0.7123221770007575,0.933276668083181,0.10525998151982544
0.7951614672379113,0.4802880023331748,0.49983955273615366,0.7212773136392889,0.9274628134295426,0.10526095597522309
0.7952358911501238,0.4842142211164403,0.5045216424965815,0.7009819371236372,0.9291967700806936,0.10526194150397754
0.7953102315208231,0.48063499628414885,0.5019414141059106,0.7259289082462332,0.9244368890776968,0.10526291595937519
0.7953846116284966,0.48291248424075395,0.5015477439397127,0.7224556493062755,0.933684657883532,0.10526390148812964
0.795458947931631,0.482066642234032,0.500804593559347,0.7026717691081557,0.9353166170844815,0.10526488701688408
0.7955332498169132,0.4864035660013154,0.5058380094853572,0.7163124518598418,0.9373565660858958,0.10526585039892493
0.79560767060023,0.4867493781317574,0.504967822676402,0.7159761532562257,0.9328176795579566,0.1052668248543226
0.7956820225478429,0.4812676975836758,0.5025608038467679,0.7206302098437369,0.9297917552059971,0.10526781038307703
0.7957563025308549,0.48521777448067926,0.5021601394282074,0.7004094075136551,0.9308457288567524,0.1052687848384747
0.7958306325761986,0.48900384830087285,0.5113111447612363,0.7246270764572431,0.9305567360815985,0.10526977036722913
0.7959050358377002,0.48487334084287015,0.5019718922245915,0.7232573019464696,0.9319677008073768,0.10527075589598356
0.7959794065586863,0.4828721950669702,0.5052840469912828,0.6939642997728188,0.9334466638333652,0.1052717469614164
0.7960536959283857,0.4875023998466101,0.5065386742093628,0.7075276286834555,0.9331066723331105,0.10527270480677886
0.7961280134581465,0.4843522241415433,0.5042766533139896,0.6956336814348836,0.9334466638333652,0.1052737014088901
0.7962023613381946,0.4835426216512597,0.5021635701532586,0.7147027533718513,0.9317127071822142,0.10527467586428775
0.7962767258013903,0.4873456343031044,0.505986039737889,0.7185258518085451,0.926034849128655,0.1052756613930422
0.7963510308155675,0.48339214961497506,0.5040026379840935,0.7076195558610883,0.9388015299616654,0.10527664692179664
0.796425345216432,0.4891780819027733,0.5084199510251824,0.7093807455726939,0.9402804929876538,0.1052776213771943
0.7964996439728194,0.4828784778466222,0.5023964278493953,0.7113613692296985,0.9315087122821524,0.10527859583259196
0.7965740009266642,0.4869419558768645,0.5077103221486237,0.7323646445771683,0.9305907352315899,0.10527959243470318
0.7966483184564241,0.48442308688733826,0.5041059360086997,0.7014303352617923,0.929366765830764,0.10528056689010085
0.796722654759559,0.4866560304010727,0.5055473717392451,0.7099303628796547,0.9331746706332069,0.10528154134549847
0.7967968815513453,0.48713942360556534,0.5053754813473249,0.6944997011274718,0.9341266468337608,0.10528250472753936
0.7968711740499406,0.4854471048776147,0.5063444730377546,0.7115606308181912,0.9327156821079825,0.10528350132965059
0.7969454853219093,0.48822504466155214,0.5067485681813664,0.7030323301331691,0.9405864853378034,0.10528447578504822
0.7970198091094618,0.48723235117312585,0.5057758801613653,0.7068501075150886,0.9350106247343319,0.10528545024044587
0.7970940390301431,0.4807812023237774,0.502332970502803,0.7211272519527776,0.9327666808329695,0.10528643576920031
0.7971684329049578,0.4892299854580649,0.5103794705058796,0.6989957938650382,0.9372375690606987,0.1052873991512412
0.797242706630179,0.48630488130499017,0.5059169050946798,0.7100185176677087,0.9312367190819941,0.10528838467999563
0.7973169428086524,0.48499227382592214,0.5070579421129999,0.7008819489451148,0.9366765830852728,0.10528938128210687
0.7973912665962035,0.4858198879047695,0.5022763746063131,0.6907536785662791,0.938342541436441,0.10529035573750452
0.7974655027746769,0.4829547866216772,0.502412786874462,0.700311643059516,0.9329366765829263,0.10529134680293735
0.7975398109177503,0.4880326814678275,0.5066653232980272,0.7069859532492924,0.9371355716106109,0.10529230464829982
0.7976140377095366,0.4822320345310438,0.5034415484353967,0.7130663304818967,0.9316617084572272,0.10529327910369747
0.7976883176925487,0.48731259339019395,0.5099009728960768,0.6918859116616756,0.9373905652358872,0.10529427570580871
0.7977625976755616,0.48328664397261334,0.5019753229496426,0.7117355505665595,0.9356566085848499,0.10529523908784957
0.7978369139537635,0.48466297321229446,0.5057744193365048,0.7186291358642787,0.9315767105821351,0.10529621354324722
0.7979111501322365,0.4817292512453546,0.5010130377733452,0.7147940054902961,0.931100722481915,0.10529719907200166
0.7979853956973963,0.4840056592933343,0.5042069985285952,0.715145353942864,0.9309987250318272,0.1052981901374345
0.7980596662937223,0.47909464966423243,0.49850510250630176,0.7094870872494543,0.9421504462387702,0.10529914798279698
0.7981339337611519,0.4872056037674365,0.5080043906197867,0.7246663093088639,0.9350616234594327,0.1053001445849082
0.7982081730685211,0.48475440785981816,0.5067841946009949,0.7105622976981634,0.9295367615808345,0.10530113011366266
0.7982824311492638,0.48100564094919107,0.5025546064079658,0.7163043908589521,0.9358266043348067,0.10530209349570349
0.7983566360387808,0.48798142156668356,0.5039968389520715,0.7204393269310456,0.9315767105821351,0.10530306795110114
0.7984309128928966,0.4853813627581496,0.5049402440737323,0.6958300045304415,0.9295877603059353,0.10530406455321241
0.798505203514154,0.4855191583835828,0.5042817994015665,0.7114599278711171,0.9308457288567524,0.10530502239857485
0.7985794052747757,0.48465487389760376,0.5052139937991083,0.7067413435671246,0.9334466638333652,0.10530601346400771
0.7986536351954578,0.4870581175712254,0.5052308818198442,0.7131746179174925,0.9294347641308605,0.10530698791940536
0.7987278838895135,0.485097886743975,0.5044490749149501,0.6952774884399093,0.9385975350614899,0.10530797344815981
0.798802101294612,0.4819382242919438,0.5006526124395788,0.7031104781614979,0.9318147046324157,0.10530894790355744
0.7988763499886682,0.4838406871594466,0.5048113594803572,0.7200659397814644,0.9313557161070776,0.10530993343231189
0.7989505486203936,0.483703535188161,0.5024294092906778,0.7142045596912552,0.9373905652358872,0.10531090788770954
0.7990247628965967,0.4806410645124182,0.5047996064803429,0.6905591026827369,0.9346026349340946,0.10531187126975039
0.7990989687247825,0.48653623921249056,0.5069630880987617,0.7145477280148411,0.9377815554611288,0.10531286787186164
0.7991731473315751,0.4821330369472857,0.5036485428913893,0.7105914046619668,0.9312367190819941,0.10531385340061608
0.7992473866389442,0.4880806337018242,0.507152264918198,0.7062748379589914,0.9330726731831192,0.10531481678265694
0.7993216228174167,0.48529407610402153,0.5041573968844678,0.7132485567532387,0.9295877603059353,0.1053157912380546
0.7993958370936207,0.4852507009661857,0.5029943146909799,0.7093446497608287,0.9298427539310978,0.10531677676680903
0.7994700013074936,0.48636040541486214,0.5044286344337578,0.6910091289048153,0.9359116022098988,0.1053177512222067
0.7995441936814274,0.48794423266037745,0.5061977708078232,0.7089340152278263,0.928975775605636,0.10531872567760434
0.7996184361176923,0.48968279615090526,0.5057819447979075,0.7169269145581956,0.9324776880577019,0.10531972227971559
0.7996925940737736,0.4840413642192445,0.503827184064862,0.7075898532568252,0.9376965575859231,0.10532069673511323
0.7997667895766036,0.48344947953231665,0.5039604289991088,0.7004648020764186,0.9381385465362655,0.10532166565383247
0.7998410257550765,0.4833564446890648,0.5045927448266104,0.7222972089439625,0.9357076073097232,0.10532263457255174
0.7999151818338204,0.4859059945262936,0.509607955776139,0.7034862081635544,0.9313557161070776,0.10532360902794939
0.7999894086256067,0.4892119810212138,0.5083454268235863,0.7173106261424136,0.9251678708030795,0.10532460563006063
0.8000635312251667,0.4897062358894473,0.5062925030866565,0.6977020627863022,0.9359626009349995,0.1053255690121015
0.8001377361146842,0.4883794590794909,0.5086276094924753,0.6992582727610004,0.9291287717807108,0.10532655454085592
0.8002118846840784,0.4843261096624324,0.5046263880658223,0.7143472751454285,0.9321716957075523,0.10532754006961038
0.8002860050934122,0.48755408885051915,0.5045327182050694,0.7321273811273386,0.9295367615808345,0.10532850345165122
0.8003602412718855,0.4824784289146036,0.5002400843524542,0.7216982726069281,0.9314577135571653,0.1053294779070489
0.8004343960990719,0.490485039528768,0.5115728869489331,0.6984587644264617,0.9329366765829263,0.10533045236244652
0.8005085415395703,0.4845768665907703,0.5042249379005564,0.7252663177987257,0.9277518062048102,0.10533143789120097
0.8005827151401297,0.48311314342127,0.503698941349077,0.7137317800036114,0.9329366765829263,0.10533242341995543
0.8006569031336097,0.4824785361902948,0.5040629302101547,0.7110170890439207,0.937594560135949,0.10533338680199628
0.800731018223821,0.485668664938646,0.5079398708551142,0.7130843585331472,0.9289247768805353,0.10533436125739395
0.8008051918243817,0.4854643762639088,0.5036737531870882,0.6997927210909178,0.9362685932850354,0.10533533571279158
0.8008793310070885,0.48579249684493253,0.5042399777565068,0.6907373183083159,0.9305567360815985,0.10533633231490283
0.8009534920920665,0.49063232905287835,0.511527103369782,0.7137463136308309,0.9317127071822142,0.10533730677030047
0.8010276406614611,0.4893248350484273,0.5119193348448295,0.7052189659705443,0.9394645133870654,0.10533828122569812
0.80110178610196,0.4898163257796824,0.5095234050039095,0.7154345969501543,0.9375265618358526,0.10533925568109578
0.8011759440580413,0.4856846490166449,0.502104605949798,0.7086668109175496,0.9308457288567524,0.10534023013649342
0.801250064467375,0.4871915327725985,0.5084393534353753,0.6863490364939777,0.934398640033919,0.10534120459189109
0.8013241589068745,0.48321619960201434,0.5047387941120967,0.7079459668330714,0.928516787080298,0.10534218458396712
0.8013983293785394,0.46624425552082727,0.4311165611191193,0.6887330675797387,0.9234509137271516,0.10534316457604317
0.8014724184989159,0.43754602350646404,0.38882849460183155,0.7004360127875271,0.9219889502761589,0.10534415010479763
0.8015465232637715,0.41176127411195484,0.35571423999236473,0.6976880850901783,0.928516787080298,0.10534512456019526
0.8016206768393994,0.37914311682154717,0.3233897050891198,0.706511267512177,0.9269868253292088,0.10534608794223614
0.8016948097643155,0.34626365025063716,0.29635623798997224,0.33701861380407894,0.8135996600084354,0.10534707347099058
0.8009233993122593,0.3475369358250711,0.3002573265125502,0.3251978906227013,0.8087037824053596,0.9324614929908601
0.7994055814133807,0.3483839435609715,0.2988306650334349,0.34724865928281634,0.8007479813003329,0.9327396003466786
0.7978877948034584,0.3431443806722245,0.29595966609439217,0.3332861321360061,0.8145346366339936,0.9330175969689292
0.7963699643889961,0.34411095968154,0.2939643984586615,0.34400817663455774,0.8010199745006048,0.9332956489579636
0.7948521715212835,0.3460230183596267,0.29781350596328626,0.35523206807519236,0.7912282192944531,0.9335735902134302
0.7933343442357175,0.3439969309855071,0.2967538678768907,0.3435126831907125,0.8153846153845734,0.9338517529360327
0.7918165263368389,0.3451265618938365,0.2961398787612754,0.35484593421977095,0.8105397365064846,0.9341298049250673
0.7902987804025599,0.3428504631574333,0.29653829882164107,0.34301294084492073,0.796549086272762,0.9344078015473178
0.7887809406014115,0.3412470312793388,0.29368576825022885,0.3518067780469323,0.7989290267742035,0.9346830298303705
0.7872631320892194,0.34110102906352363,0.2950174406994748,0.3531645206204177,0.7890012749680864,0.9349217714027952
0.7857453048036538,0.34031007645216693,0.2901350798188063,0.33851009751547645,0.8039099022523715,0.935160402241652
0.7842275150648357,0.3403665588915475,0.29409843577972655,0.33597167642252934,0.7883382915426864,0.9353990330805088
0.7827096971659566,0.3385606423582573,0.289954603539437,0.3473160063641403,0.7872163195919484,0.9356376639193655
0.7811918604937045,0.33927806463496285,0.29225620504173155,0.3618936315591281,0.7833404164895228,0.9358762947582224
0.779674061368199,0.3387388254935245,0.2894870534839411,0.3489155392549501,0.7883382915426864,0.9361149255970791
0.7781562434693203,0.3392318127206728,0.2943918424529604,0.3574384791758338,0.78393540161494,0.936353445702368
0.7766384130548585,0.3376183612930139,0.2916364113606667,0.35766557702848245,0.7876243093921858,0.9365920765412249
0.7751206358316236,0.33534524839668434,0.2871854517603094,0.35697419729208346,0.7806204844878266,0.9368308624070767
0.7736028116749529,0.3365669540308287,0.29031713932245257,0.3525616927657125,0.7793115172120224,0.9370694489525063
0.7720849656160138,0.33485737643208136,0.28797807031853107,0.3573307873806977,0.7731406714831337,0.9373080244245792
0.7705671646131713,0.33599276089331903,0.2910079102780848,0.354501773162085,0.776370590735155,0.9375467106302199
0.7690493498431885,0.33539149852304617,0.28777701278757384,0.3604282766092348,0.776319592010168,0.9377852307355088
0.7675315913933272,0.3348620661677179,0.287432419696576,0.35846441030383347,0.7754186145346011,0.9380239723079336
0.7660137609788653,0.3320064462678054,0.2855524569591195,0.36865248298483544,0.7577390565236328,0.9382626031467902
0.7644959055332383,0.33380298511775064,0.28886039945945935,0.3699500658718786,0.773786655333538,0.9385011232520791
0.7629781064077332,0.33004430235739407,0.2831735459491614,0.365350411113031,0.7611219719506153,0.938739754090936
0.7614602697354806,0.3313158804604087,0.2846970406388638,0.3728054471081794,0.7612749681256901,0.9389783849297928
0.7599424706099756,0.333132880360535,0.2890348073395559,0.3810529231710771,0.7596600084997363,0.9392171265022174
0.7584246558399923,0.33143694286593234,0.2861949423410214,0.3777413210519154,0.7475053123671387,0.9394556466075064
0.7569068097810527,0.3313572298756078,0.28648201589581074,0.3692475675135629,0.7555121121971524,0.939694277446363
0.7553889887532783,0.3329276279925046,0.28998943203881966,0.36276604628594966,0.7504972375689931,0.9399327975516522
0.7538711395654429,0.32851631747296806,0.2816817130889509,0.3742933966861821,0.7603229919251362,0.9401715391240768
0.7523533091509815,0.32732935307144073,0.27975927000722484,0.37212002377637887,0.7621419464512655,0.9404101699629336
0.7508354975098941,0.32946371558868487,0.2856054922056804,0.3563968231396948,0.7541861453463525,0.9406487343616495
0.7493176282971259,0.3265669590370276,0.27988301780918146,0.38099971262333265,0.7557161070972143,0.9408874316406471
0.7477997884959771,0.3254722839126978,0.27981256864493487,0.3651088193425267,0.7531831704206979,0.941125951745936
0.7462819768548896,0.3266814150478974,0.28006059191649463,0.3742461425430361,0.7471993200169891,0.9413646490249334
0.7447641714715938,0.3249818552107862,0.27653391413368855,0.3609041536272699,0.7399575010623494,0.9416032134236496
0.7432463723460887,0.32482221467875455,0.27785450534101913,0.38312483865589053,0.7369315767105036,0.9418418885559334
0.741728501255984,0.32448908074709226,0.27867931406039054,0.3739634515808039,0.7398555036123753,0.9420804751013633
0.7402106614548352,0.3229116489207047,0.2766634666117632,0.37156047912842083,0.7356906077347958,0.94231910594022
0.7386928153958956,0.3236203318044283,0.27909963409878635,0.38895278346162176,0.7365575860602576,0.9425578032192176
0.7371750162703905,0.3185440317902214,0.27304417596352576,0.40326117916876947,0.722566935826535,0.9427963676179336
0.7356571451802858,0.3208000941093881,0.2786537201874973,0.39119668020186826,0.7399915002123407,0.9430349984567903
0.7341393460547807,0.32281403161750755,0.2769011993681976,0.3680764589508223,0.7226179345516357,0.9432736292956472
0.7326214718357802,0.31808088329659917,0.27221092389779766,0.3772694149702793,0.7280917977050194,0.9435122601345041
0.7311036914836491,0.32029410596242225,0.2763555485249055,0.3727688747839464,0.7399065023373623,0.9437509463401447
0.7295858172646481,0.3204987182521615,0.2760473666263582,0.3840962488271342,0.7247598810029103,0.9439895218122175
0.7280679680768127,0.3195943752351349,0.27493495655174854,0.37874978005976057,0.7178070548235382,0.9442280419175064
0.7265501720802034,0.32033993056187543,0.27731096527898186,0.39254652061191986,0.7277858053547561,0.9444667834899311
0.7250322916034113,0.3190434144364974,0.2746668804930611,0.3994118328424794,0.7191330216743381,0.944705358962004
0.7235144643178457,0.3149417927462967,0.2705913857282811,0.38807965396624877,0.7149681257967586,0.9449439344340769
0.7224693412021859,0.31684255350616475,0.27288586349600974,0.3949435366597047,0.7284997875052568,0.9452162282775797
0.7209630438971337,0.31208148543505426,0.26703700273798414,0.3804556149179661,0.7159371015724219,0.945455634251412
0.7189609543010866,0.3126827467325702,0.26562960422668863,0.3901269099360256,0.7217169570760689,0.9456598269506472
0.7174430832109819,0.31264352906414944,0.267553366256194,0.3871433071634065,0.7064173395664284,0.9458985131562879
0.7163931979161249,0.31395667113374565,0.27025840132550816,0.3995163081791322,0.7037824054397106,0.9461696996641117
0.7153422284589213,0.3121980721199454,0.2670992728323716,0.4148763269727802,0.7141181470462925,0.9464424918086703
0.7138118840262595,0.31261816605125586,0.26895786325944465,0.4238576320821803,0.7144241393964421,0.9466801260454157
0.7122882166569413,0.3096361569713698,0.26494542911663876,0.3975753938861162,0.7096642583934454,0.9469194212856802
0.7107578690953842,0.3115789072247282,0.26995259424124246,0.3971127797956533,0.7082022949425664,0.9471569447888578
0.7092346491581449,0.31132740473033593,0.26647947892996965,0.38778826665330324,0.7035274118146617,0.9473960185619862
0.7072680584478301,0.3128229912832422,0.2673578501208744,0.39692920340593574,0.6930386740331187,0.9476033118011231
0.7052451347871291,0.30789631457580924,0.2644736579413073,0.3987111214055432,0.708882277942962,0.9478061756975433
0.703727226150276,0.30867853011849067,0.26311612667865925,0.40824164672826413,0.698002549936291,0.9480446958028322
0.7022093894780235,0.30979089500431056,0.264598197687408,0.4064733490405048,0.7122821929451675,0.948283326641689
0.7006915934814146,0.306829986874104,0.2621089948431554,0.3975481929717841,0.6692732681682401,0.9485219574805457
0.6991737255202048,0.30322220596796845,0.25849999471004326,0.40845881723991573,0.6881767955801479,0.9487605440259753
0.6976558732034732,0.3052165349100667,0.26244488163932167,0.40414074158110846,0.6947046323841732,0.9489992191582595
0.6961380146289509,0.3051148683071099,0.25962506956071707,0.4076990976880932,0.6679133021674488,0.9492377835569754
0.6946202061167588,0.30191247508656166,0.25693850418705605,0.4228614035584435,0.698002549936291,0.9494764808359729
0.6931023318977583,0.30417855445219333,0.26163959795089653,0.414819622001005,0.6781470463238293,0.9497151116748298
0.6915844733232359,0.30005732501841836,0.2574210943198392,0.40677041479250065,0.682498937526475,0.9499536317801187
0.6900665740730698,0.3023798860009836,0.261213209734565,0.4106590336797751,0.6708032299192155,0.9501922626189754
0.6885487812053559,0.298756119675903,0.2579411501835526,0.4051160829793874,0.671007224819391,0.9504309377512593
0.6870309351464163,0.29869430974690125,0.25659892438137494,0.4077276884301646,0.6662813429663856,0.950669524296689
0.685513048411833,0.2972068220617036,0.258877569906335,0.42382578517226155,0.663408414789501,0.9509081551355457
0.6839952023528935,0.29524638204685527,0.25527463795115857,0.40182898153780644,0.6838249043772748,0.9511467859744026
0.6824773343916841,0.30199282797638466,0.2608694068170144,0.4033097040115632,0.6623034424138723,0.9513853060796915
0.6809594883327441,0.29600728334002435,0.25735011815195735,0.41653502681593224,0.657985550361218,0.9516239369185484
0.6794416203715348,0.29458203191530485,0.2565031451780584,0.429097282660426,0.6632044198894391,0.9518625013172644
0.6779237492814292,0.2958533979700364,0.25776225779247136,0.4182990358923808,0.6657883552910562,0.9521011985962619
0.676405933259888,0.2978142644057576,0.25731871927094035,0.4120498144440987,0.6470888227793239,0.9523398294351187
0.6748880840720521,0.29592778311315415,0.2573448392621205,0.42102436896162065,0.6526136846578083,0.9525784159805483
0.6733701910796781,0.29251203910384893,0.25539258185167696,0.44393687052964403,0.6568635784104799,0.9528169803792643
0.6718523137317809,0.28985378645107307,0.25285852438008233,0.419060820331131,0.6520526986824962,0.9530556555115482
0.6703344958329023,0.29187028159046513,0.2551743744581944,0.4264748762626436,0.6447088822778824,0.9532943527905459
0.6688166247427971,0.28820900336985134,0.25176036257141826,0.43281924134704175,0.6420739481511646,0.9535328728958347
0.6672987724260664,0.28862803169596185,0.25252052713466683,0.44103900027387555,0.6566595835104181,0.9537715037346914
0.6657809013359612,0.29032055782358224,0.25500735348247583,0.42867052612564427,0.649009774755541,0.9540100238399803
0.6642630177302733,0.28919988032323884,0.2543820186271106,0.4259845847454813,0.6392860178494857,0.9542487654124051
0.6627451729228921,0.2854949083559861,0.248451627462923,0.4195407079949287,0.6441138971525788,0.9544873962512618
0.6612273049616824,0.2849164531552624,0.24841231356720722,0.4278771330331599,0.6126306842328404,0.9547259717233346
0.6597094119693074,0.2811532943166877,0.24599092110629414,0.44065238990608613,0.6134466638334288,0.9549645471954076
0.6581915596525767,0.2831431466441893,0.24972446187085534,0.42931211031960204,0.6260603484912508,0.9552031337408372
0.6566736916913669,0.28247432204355616,0.24842682664085933,0.4222689795571033,0.6198385040372614,0.9554416981395533
0.6551558425035315,0.28393815070081957,0.24938857507468906,0.407258323747824,0.6315852103697353,0.9556803732718372
0.6536379745423222,0.2767294092982064,0.24504104630119805,0.4371766689855614,0.6085337866552436,0.9559190705508348
0.6521201159677994,0.2763468275306184,0.24336530754325245,0.44499913572569283,0.597790055248538,0.9561575906561236
0.6506022542643817,0.28102136220174634,0.24585688378522913,0.4273386740574794,0.6139056523586532,0.9563962879351212
0.6490844038249879,0.27834179601462944,0.24390515315708375,0.44357027368130475,0.6123756906076778,0.9566348523338372
0.6475664889303432,0.28371520857129917,0.2508334426369712,0.4355671690443905,0.61613259668502,0.956873483172694
0.6460486428714032,0.2779494092488596,0.24694238068502677,0.4501652842711963,0.6099957501061226,0.9571121140115507
0.6445307686524027,0.27608125761724456,0.24440568487519926,0.4426544566196444,0.5933871653207916,0.9573506894836236
0.6430129132067761,0.2763425651098187,0.24483365675848184,0.45798385949365716,0.6148746281343165,0.9575893756892644
0.6414949951832356,0.27421353240650237,0.24322546455005242,0.4507355901567953,0.5894262643433876,0.9578278957945533
0.6399771616398793,0.27419669459279383,0.24381254128766927,0.4513669293348441,0.607513812154707,0.958066637366978
0.6384592874208779,0.27393837204632926,0.2444750784828156,0.4325826926657639,0.6022439439013851,0.9583051574722669
0.6369413756551294,0.27305747413162923,0.24358430621686775,0.43576861464790273,0.5899872503186998,0.9585437883111237
0.6354235358539801,0.27193466416933626,0.2440481612708149,0.4623784153875057,0.5906502337440998,0.9587823084164125
0.6339056147015452,0.27054756623818016,0.24300567459630434,0.46010977971349454,0.5579770505736406,0.9590210499888372
0.6323878136987027,0.26734410848518897,0.23851223487301468,0.44950281295178107,0.5665958351040672,0.9592596808276941
0.6308699144485366,0.2683288045708313,0.2405225423646956,0.45791806107752886,0.5791755206120115,0.95949824522641
0.6293520527451189,0.26536746984095916,0.23734811018178545,0.4615701312835254,0.5783255418614317,0.9597368317718397
0.6278341503660569,0.2650607650637688,0.23541511352579064,0.4472784135092527,0.5653208669782543,0.9599754072439125
0.6263162761470564,0.2667445517984073,0.23960353744494733,0.45777538533271933,0.5765065873353024,0.9602246131385052
0.6247983987991597,0.2658461768856716,0.2397779444396955,0.4552042040144819,0.5749256268593399,0.9604758676041042
0.6232805183223675,0.26449999926694945,0.23931435388358294,0.4616815954682403,0.570029749256264,0.9607271220697033
0.6217625909121405,0.26064497757205,0.2349224968223739,0.4715315032055185,0.5629409264768128,0.9609783765353025
0.6202447010486618,0.2640980211604162,0.23811064969211784,0.4478042051978208,0.5637909052273926,0.9612294759739064
0.6187268737630958,0.26076923679317343,0.2331269682124953,0.4461077814588801,0.5503272418189908,0.9614859792106248
0.6172089588684511,0.26312142438946456,0.23849614145246803,0.46841840819693403,0.5579770505736406,0.961785402778267
0.6156910658760761,0.2649245696340637,0.23922648969496513,0.47365309510468134,0.5790905227369194,0.9621924593739224
0.61417316662591,0.25859715256702326,0.23405335915127312,0.45810298758562196,0.5524521886952698,0.9626244310223586
0.6126552924069095,0.26076646550448235,0.23785682030574884,0.47782110907697684,0.5495112622184024,0.9630566684313581
0.6111374088012216,0.25739761366655123,0.23330559610574192,0.46582860318698627,0.558096047598724,0.9634885957863673
0.6096194907776815,0.2538676265886234,0.23287815211144303,0.4672937198806957,0.5509562260943994,0.9639205674348036
0.6081016384609503,0.2546858629841258,0.23117286263726605,0.46401356757781276,0.5139991500211636,0.9643526498168078
0.6065837329529935,0.2572460706612821,0.23312907755505902,0.4684885746431011,0.5264088397789237,0.964784687905385
0.6050658243161404,0.2514975364673879,0.23041190568719921,0.46787403252601956,0.5298767530811119,0.9652167038472484
0.6035479407104525,0.25482290946764835,0.23221825325452963,0.48195826887345383,0.5301657458562659,0.9656489523296046
0.6020300414602864,0.24650372073219667,0.22559366040965864,0.4542636083096929,0.53786655333613,0.966080979344825
0.6005121641123901,0.253374001071112,0.23222221076187902,0.4630694377396285,0.5318827029324211,0.9664594666799584
0.5989942930222849,0.2531043815003929,0.2327734021154603,0.4781790095746028,0.531321716957109,0.9668368466794126
0.5974763781276407,0.24932182811080106,0.22983221718198293,0.4915763930531327,0.5271228219294244,0.9672144481460028
0.5959585101664313,0.2518566740266135,0.2327937186478764,0.4681095487638338,0.5148661283467391,0.9675920496125928
0.5944405827562043,0.24820242951549043,0.22783615937280502,0.48349367114142217,0.4945856353590443,0.9679695403456151
0.5929227022794117,0.25074388182595675,0.23008789251976658,0.4691417936807074,0.5080152996174547,0.9683470310786372
0.5914048343182028,0.244834641494831,0.2259873327892277,0.47518941068802145,0.49740756481082826,0.9687244664448754
0.5898868881346013,0.2431943318099351,0.223598394987299,0.4730314450114457,0.49261368465784017,0.9691021232782496
0.5883690170444962,0.24582828973690962,0.2284957948385693,0.4758213057971661,0.4979855503612498,0.9694795032777038
0.5868511584699738,0.24497424650359023,0.226301846168325,0.4955493149201544,0.5133361665957636,0.9698571047442939
0.5853331872552081,0.242925141341981,0.2259593624198909,0.4768663371292441,0.5038674033148709,0.9702344847437482
0.5838153318095807,0.24196452864902823,0.22405565308897835,0.4875575671613408,0.48086697832548,0.9706120862103383
0.5822973731103973,0.24030226856977083,0.2229458821494152,0.47152765139721176,0.5014364640883286,0.9709896212367877
0.5807795458248313,0.2430869130844125,0.22538838131619165,0.4563530753333891,0.4909477263067856,0.9713671784099507
0.5792615871256475,0.2383872276274669,0.2211242313349854,0.4759122402406992,0.5019464513386538,0.9717445584094048
0.5777437160355428,0.2371147948947785,0.22085140679868773,0.48365806790833354,0.4973225669357362,0.9721221598759948
0.5762258261720632,0.23902770820253896,0.22277411349289994,0.4769700182786174,0.4971695707606614,0.9724996506090171
0.574707864343984,0.23956097566383006,0.22644168694815403,0.483875436966805,0.4613004674882859,0.9728771413420393
0.5731900057694612,0.23546958807457624,0.222460653678399,0.47687070515928287,0.44164895877588606,0.9732547428086293
0.5716720908748174,0.23494356172244568,0.22316171459581385,0.4922568527144351,0.45664258393537693,0.9736322335416516
0.5701541603356945,0.2369517447836927,0.22122080292512025,0.4891534467906635,0.4583765405864142,0.9740098903750256
0.5686362629628663,0.235353851907124,0.22260682912603227,0.4867412617658349,0.44919677008078907,0.9743872814478367
0.5671183199081606,0.23095959285871448,0.21933767351777292,0.502886096429346,0.4443348916275909,0.9747650379414219
0.5656004269157857,0.22952347172457727,0.2161701005715942,0.5035863313539144,0.44960475988102644,0.9751423072073083
0.5640825214078289,0.2296306794745737,0.21953820271707225,0.4945175862250124,0.4429239269018126,0.9755199086738984
0.5625645908687056,0.22922252050029523,0.21817935228530774,0.4740607911447483,0.4367190820229325,0.9758973994069206
0.5610467229074967,0.22727103264188311,0.217224727586044,0.49916632175774933,0.4281682957924886,0.9762750008735106
0.5595288142706432,0.22678294791382575,0.21480623906788393,0.5228405283457951,0.4337951551210608,0.9766523808729648
0.5580108806026249,0.225304197207907,0.21502708479959937,0.49931813065627617,0.44853378665527543,0.977029982339555
0.5564930001258328,0.2253555643847423,0.21526428955638155,0.49012052864123246,0.44134296642585014,0.977407473072577
0.5549750946178751,0.2281203861395659,0.21872395000667771,0.4860403120727148,0.42031449213766336,0.9777850745391673
0.5534571246546678,0.22182174220085166,0.21324949777505303,0.500364670944186,0.4402379940501078,0.9781625652721894
0.5519392254045012,0.22681065543695195,0.21613817490827897,0.49273423868830135,0.4409689757756041,0.9785400560052117
0.5504212385452569,0.2199557226736006,0.21187376153592363,0.4848987472767816,0.4367190820229325,0.9789175467382338
0.5489033392950904,0.223092041935212,0.21537695678043406,0.4993211088585754,0.3928091797704383,0.979295037471256
0.5473854275293419,0.22075498915103056,0.21533157160806315,0.5065246654515867,0.41560560985965367,0.9796726389378461
0.5458675439236544,0.22204148751477232,0.21480439090309827,0.4920648976489157,0.39979600509980173,0.9800501296708682
0.5443496102556362,0.21810675282954836,0.21115291086839086,0.5017988540433485,0.4150446238843415,0.9804275650371064
0.5428317172632613,0.21539052875079712,0.20862096495273103,0.504686558701936,0.4012749681256764,0.9808052218704806
0.5413137679507649,0.21602610146299372,0.20852096263754494,0.5067362369429158,0.38186145346367084,0.9811826683100756
0.5397958624428068,0.21758840205312802,0.21395398941751909,0.5133748484144667,0.3821504462387111,0.9815602033365249
0.5382779181365436,0.21467459760620017,0.20919484778581224,0.4966019307407541,0.40061198470039017,0.9819378048031151
0.5367599406639858,0.21271692888004287,0.20715921047639843,0.5240376862513119,0.3976710582235228,0.9823152512427101
0.5352420664449853,0.21404307097549258,0.2103117435666269,0.5261370409066413,0.37446663833407,0.9826928970027272
0.5337241828392973,0.21195112705450384,0.20752253753954683,0.5071416695492357,0.40618784530386165,0.9830702770021815
0.5322062241401135,0.21257838590062716,0.2102558050413243,0.5248330648119961,0.3507012324690777,0.9834478231019876
0.5306883186321563,0.2107526519713035,0.20788665698951353,0.5135330505205957,0.3555801104971579,0.9838252584682261
0.5291703693196594,0.20623562483387914,0.2052752864688618,0.5174113846825974,0.36596685082861313,0.9842051853397423
0.5276524512961194,0.20618681618228057,0.20499824324743665,0.5113646412812909,0.3515512112195438,0.9845871054154811
0.5261344969773898,0.2065461665049605,0.20645419426500522,0.518137668949942,0.3418954526135849,0.9849691362247878
0.5246165414071018,0.20866624705184053,0.21069380460192588,0.5110975163897422,0.3446833829153775,0.9853510563005264
0.5230986609303101,0.20752041930205795,0.20792834583231312,0.5097886957526905,0.32299192520190445,0.9857329210094815
0.5215807009795679,0.20514435928860342,0.20550563198891258,0.5090933847892565,0.34808329791758297,0.986114951818788
0.520062787336482,0.2014984286435536,0.20340957629129058,0.5259705792528024,0.356787080322988,0.986496816527743
0.5185448740062855,0.20473556202396193,0.20506156779176887,0.5249539004066119,0.3280577985550508,0.9868788473370496
0.5170269262582368,0.20101332617971346,0.20272856851514276,0.5138994091127511,0.3256778580534956,0.9872607120460045
0.5155089688106109,0.20058577354838203,0.20287369039817965,0.5117379093027803,0.3504632384190245,0.987601273134127
0.5139910902111562,0.19801490624337015,0.20057419713176333,0.5169844296009962,0.33790055248618955,0.9879024684388557
0.5124731277572985,0.19824765337107247,0.20081430361792751,0.5174135289882527,0.3096812579684638,0.9882037080370116
0.5109551740643474,0.19982508519746006,0.20386076532968578,0.5226202605037524,0.3148321291967022,0.9885049697818812
0.5094372100460411,0.19437664759817416,0.19896389447408466,0.5288240544396319,0.3204079898001737,0.988806054353042
0.5079193186181139,0.19730025346742747,0.20287052527764857,0.5299651030138335,0.31915002124935654,0.9891072496577707
0.5064013489677963,0.19397104536120424,0.19985598480246347,0.517810702046863,0.30463238419031313,0.9894085556960673
0.5048834165513356,0.1922393028167128,0.19828262109341677,0.5326120497985605,0.297254568635708,0.9897097510007963
0.5033655188656176,0.19664912041621252,0.2016618033741247,0.5178233693339751,0.3067403314917101,0.990010890938741
0.5018475523441945,0.19328921537093308,0.20000163346779853,0.5218310368944863,0.27590310242226224,0.9903121416102537
0.5003296092894889,0.3261440943534045,0.3063278240610869,0.5319911541832405,0.19238419039515975,0.9906133369149824
0.4988116427680662,0.3832289654092752,0.3549532830422979,0.534902883007041,0.28746281342966995,0.9909144214861434
0.49729370753560076,0.40718435674402403,0.3748207291224776,0.5276471880191131,0.2649383765406128,0.99121572752444
0.49577582831036615,0.4499430705785725,0.4246940800338132,0.5439921975864888,0.3673608159795094,0.9915169228291688
0.49425784614446533,0.49399744233296883,0.4694303362947204,0.4226004336183127,0.7993710157245459,0.9918182288674655
0.494537070670666,0.4781745353326614,0.44555718228486907,0.7441231034758122,0.9305907352315899,0.10152060859154752
0.7617837750188672,0.4658835231296582,0.4406781157855981,0.3687567994840326,0.8327581810453921,0.104997697990862
0.7740379428141932,0.49941625932596756,0.5243844648447407,0.6950181862930664,0.9382065448363619,0.9284423074098178
0.806645498041715,0.49605902186954426,0.5260877866320979,0.69122911878131,0.9383765405864324,0.10533257844695051
0.8067192961747955,0.5086546094272661,0.5326081562632843,0.7488051154555715,0.9344666383339018,0.10533354182899136
0.7762611533440009,0.5135612457840206,0.5424880468005788,0.7720227437764804,0.9286187845303857,0.10544437505711747
0.7457448146183436,0.5101477440154557,0.5368981562044086,0.7766641330768798,0.9313047173820905,0.10547814879533154
0.7461666783013094,0.5057431471662643,0.5290021764962398,0.7619546727934512,0.9299957501061726,0.10547815986868833
0.745959503794182,0.5007781063473274,0.5231588659873359,0.7852757440075495,0.9267488312791556,0.10547921183758353
0.7460880178643698,0.49643936604500527,0.5196967000010668,0.7834936274611219,0.9280067998299728,0.10547955511164407
0.746298676083927,0.4913137263645281,0.5114544162661165,0.7591978899079328,0.923858903527389,0.10548020843969476
0.7751062116226222,0.4906829452998748,0.5118168203535576,0.7021314040830042,0.9363705907352369,0.1054503214497145
0.8071462577674624,0.48671901017148766,0.5101292046468219,0.7010643340539129,0.9300467488312734,0.10533791580492399
0.8072200975148558,0.4926214349203616,0.5166704242328356,0.702600292252977,0.9394645133870654,0.10533886811360808
0.8072937955232748,0.49323238786141227,0.5111329019945439,0.7206350940955073,0.9290267743306231,0.10533984256900573
0.8073675873985637,0.4907636166197079,0.5113090332053016,0.7088456221835886,0.9252868678282766,0.10534082809776016
0.8074412979225656,0.49202890836721425,0.5129854271210634,0.717586328256584,0.9397705057373287,0.10534179147980104
0.8075150616377949,0.4897447121040486,0.5088594158373866,0.6903311709334445,0.9291967700806936,0.10534276593519869
0.8075888128374396,0.4907667097354728,0.5111104805463059,0.6944188925717558,0.9304887377815021,0.10534375146395314
0.8076624901951477,0.4907806734546195,0.5151111707639189,0.6914676132214235,0.9373565660858958,0.1053446926992804
0.8077362539103761,0.4924982377285817,0.5135347769499721,0.7189931913133225,0.9341946451338572,0.10534568930139164
0.8078099487898993,0.4868363429588116,0.5089609874326122,0.7012065729957184,0.940518487037707,0.10534664161007572
0.8078837053086678,0.49198201816256126,0.5112038848025386,0.7063943631445957,0.9347556311091694,0.10534764928554374
0.8079574064459827,0.48910871028908687,0.5097678585507192,0.7081415751600775,0.9409264768379444,0.10534859052087102
0.8080311764190027,0.49389993766924756,0.5163482548034466,0.7032231336271324,0.9319677008073768,0.10534957604962546
0.8081048900718999,0.49424553524830694,0.5175473396896331,0.7137001713498765,0.9331066723331105,0.10535053943166629
0.8081785880803194,0.4885724569877222,0.5135041748825153,0.7112498653356194,0.9369825754355361,0.10535152496042077
0.8082523205065906,0.4934183502722246,0.5114437256841828,0.6905089497560197,0.9328686782829436,0.10535246619574803
0.8083260028705315,0.4926362389657565,0.5125099728963867,0.6998623316059893,0.9392605184870035,0.10535344065114569
0.8083997590764107,0.4940658663447156,0.5138663045119523,0.6955635944074445,0.9278368040797886,0.10535441510654334
0.8084734320536642,0.49581199277147786,0.5143528565788269,0.7118684578078276,0.934398640033919,0.10535540617197617
0.8085471748052919,0.49344649226190046,0.5166063028749431,0.7092771041326844,0.9247768805779515,0.10535635294398185
0.8086209103604594,0.49580037838997,0.5123015176155336,0.6927109531172586,0.9297407564810101,0.10535731632602272
0.8086945770799221,0.4948304917135071,0.5157717292053905,0.7097465482337533,0.932528686782689,0.10535831292813394
0.8087683063772975,0.49502616257437915,0.5188923388456748,0.7127442875399523,0.9326646833828818,0.1053592818468532
0.8088419668389695,0.4911456611148755,0.5125872748785888,0.7059747940046963,0.9324266893327149,0.10536023969221567
0.8089157255479646,0.4911159278691125,0.5105619297443286,0.6989076390769846,0.9351466213344111,0.10536120307425652
0.8089893922674274,0.49554110377174543,0.5163462760497719,0.694553666153132,0.9373905652358872,0.10536216645629738
0.809063024569038,0.49196059878287146,0.5118788301555154,0.709144911659968,0.9255248618783298,0.10536314091169503
0.8091367444797268,0.49450183475402704,0.5172527488629138,0.7195688182536959,0.9317127071822142,0.10536410429373588
0.8092104237147724,0.4914995814996491,0.5125577153088734,0.721819703842004,0.9302847428813266,0.10536510089584714
0.809284127980983,0.4934527750415524,0.5163238546015341,0.6951153153973813,0.9266978325541686,0.1053660532045312
0.8093577540248016,0.4930382188602179,0.5130467817652049,0.7297136474373147,0.9323246918826271,0.10536702765992888
0.8094314395176387,0.49376907026554206,0.5149452122062806,0.7044807688940034,0.934398640033919,0.1053680021153265
0.809505210429327,0.49520210185977076,0.5128498138798459,0.6987484839461195,0.9359116022098988,0.10536896549736736
0.8095788521176246,0.49619863224208804,0.514421595028627,0.6971778197629295,0.9345516362091075,0.10536995102612183
0.8096525094503999,0.49215199649537467,0.5137147328658191,0.7154440874881474,0.9237569060773012,0.10537089226144909
0.8097261511386971,0.49242172334178513,0.5135789646886315,0.7185835892237842,0.9284147896302102,0.10537186671684673
0.8097998241159514,0.4937041684723251,0.514777925626042,0.7020953082711388,0.9331746706332069,0.1053728522456012
0.8098734439019792,0.49513432329009965,0.5135192036716106,0.7052695557002653,0.9318657033574027,0.10537382670099885
0.8099471669415643,0.4926812160872486,0.5158312334713753,0.6955946074207193,0.9273268168294635,0.10537477900968291
0.8100207835986954,0.4945667365472439,0.5176825678042966,0.7209908899968422,0.9338376540586069,0.10537575346508056
0.8100944640852994,0.49727646687081706,0.5176833513376308,0.712253082707418,0.9377475563110238,0.10537671684712142
0.8101681026447016,0.49398721538373463,0.5163841468275953,0.6889115214615018,0.938716532086687,0.10537770237587588
0.8102417193018336,0.4909453166097206,0.5118703750782925,0.7199634896223748,0.9308457288567524,0.10537866575791673
0.8103154141813569,0.5011669717885314,0.5196262484021121,0.700732840283339,0.9369825754355361,0.10537964021331438
0.8103890183229066,0.49207824445762827,0.5154495730562275,0.6920576943702883,0.940518487037707,0.10538060359535524
0.8104626693978911,0.4953851874941289,0.5160809703347639,0.6969069224818019,0.939056523586828,0.10538156697739609
0.8105362672816496,0.4961895674461759,0.5146485098236266,0.6991785363581122,0.9364215894602239,0.10538253589611533
0.8106099828118847,0.493091506271927,0.5131064099799658,0.7099471599406217,0.9335826604334443,0.1053835158881914
0.8106835932112246,0.501037810068317,0.5237958099736002,0.696954017787492,0.9372885677857994,0.10538447927023226
0.8107571879660873,0.4927005060444667,0.5141302932712148,0.6979840786893463,0.9335316617083436,0.10538543157891632
0.8108308202676975,0.49171005640591603,0.5138816210392777,0.6980674683537216,0.9361665958350613,0.10538641157099238
0.810904399378082,0.4912024635934017,0.5127284326141633,0.708338374768003,0.9329366765829263,0.10538738048971162
0.8109780692264406,0.4925839241869817,0.5123867456792894,0.696148314792171,0.9366765830852728,0.10538836601846607
0.811051670239094,0.4957987799821701,0.5150822862723587,0.709690716867986,0.9350616234594327,0.10538932940050694
0.8111252462205827,0.49005344260387573,0.5096024223486371,0.7003156934146428,0.9303867403314143,0.10539029278254779
0.8111989023018,0.49088841400721583,0.5150095903152092,0.7032789252835359,0.9371355716106109,0.10539123401787506
0.8112725408612018,0.49268227811659215,0.5143578720775147,0.7033739100821959,0.9379855503611907,0.10539221954662953
0.8113461262293775,0.49164173966986047,0.5157842679521099,0.7017316499157349,0.9318657033574027,0.10539319400202718
0.811419705339762,0.49483624884227184,0.5123405703334714,0.6978859965602955,0.9377475563110238,0.10539415738406804
0.8114933282546852,0.49474395598921794,0.5157718620076506,0.71372240859371,0.934398640033919,0.10539513183946567
0.8115669386540256,0.49220772621698816,0.5141797621130823,0.7062808737823174,0.9361665958350613,0.10539611736822012
0.8116405615689497,0.4959401979501117,0.5154974571244583,0.7041634910757375,0.9367275818103735,0.105397080750261
0.8117140781014203,0.4922305401806644,0.5128570737367284,0.6963966174451894,0.9339906502336817,0.10539804413230183
0.8117876928812149,0.49025283235537837,0.5106665447246803,0.6970943903891904,0.9305567360815985,0.10539900751434271
0.8118613189250343,0.49654295145249316,0.5168014336623715,0.7164350346664732,0.9348066298342701,0.10539998196974036
0.8119348385864003,0.4924944026226189,0.5138114350448431,0.6938805130148038,0.9331746706332069,0.1054009453517812
0.8120084646302201,0.4925375632090722,0.5123921551580154,0.7053739119088263,0.9338886527835939,0.10540191980717888
0.812082056256187,0.4933828598976969,0.5167204242837431,0.7042954850016343,0.9248788780280393,0.10540288318921973
0.8121556072065101,0.4934711048813336,0.5132041745770701,0.7201846707797892,0.9382405439863533,0.10540383549790379
0.8122292176058505,0.4961886091166673,0.5196699182119574,0.6963443202128168,0.9379855503611907,0.10540482102665824
0.8123027288191991,0.49693565199966006,0.5197278421310477,0.6973214882418388,0.9314577135571653,0.10540577887202071
0.8123763191936075,0.49771531384451084,0.5205377367139417,0.7025113432776435,0.9350616234594327,0.10540674779073995
0.812449917077366,0.49281538937017333,0.5167420577719047,0.697348570028079,0.9263918402039053,0.10540771117278082
0.8125234555121064,0.49436979625735855,0.5137908506945359,0.6999011276546059,0.9321716957075523,0.10540869670153526
0.8125969876890555,0.4971312155848408,0.5205184803862349,0.7095181399720931,0.9300807479812647,0.10540965454689774
0.8126705542838573,0.49265905292943274,0.5140516743332673,0.7044020649345788,0.9327156821079825,0.10541063453897377
0.812744120878659,0.48969985298581686,0.512556409419983,0.7000130683516885,0.9301317467062518,0.10541159792101464
0.8128176749578775,0.49013997654023667,0.5104160132611024,0.7073477452645889,0.9327156821079825,0.10541256130305551
0.8128912321659922,0.4962284727635423,0.5174371802149245,0.6918746342023028,0.938342541436441,0.10541353022177476
0.812964781238978,0.4936188127806399,0.513854175238868,0.7099561342568832,0.924606884827881,0.1054144880671372
0.8130382946425541,0.4926809014118876,0.5123116769884272,0.7024106006212054,0.9299447513811856,0.10541547359589168
0.813111905041894,0.49139013526356157,0.5111152392939576,0.7216838183984364,0.9344666383339018,0.10541642590457571
0.8131854153165738,0.49569978239841195,0.5194358763623353,0.6943298641776945,0.9318147046324157,0.10541741143333017
0.8132589183947929,0.49550604249998276,0.5169890257081713,0.7041437952311993,0.9388015299616654,0.10541835266865746
0.8133324568295337,0.5009906016124466,0.5204032965593546,0.7190142372762363,0.9294857628559612,0.1054193492707687
0.8134059608464224,0.4947729490327112,0.5164834829181101,0.6997845012525725,0.9366255843602858,0.10542032372616635
0.8134794961522669,0.4955629433145593,0.5166357185755435,0.6962548550157512,0.9329366765829263,0.10542126496149362
0.8135530314581114,0.49696357943795333,0.5161816233810241,0.7003941194085195,0.9407224819378825,0.10542222834353447
0.8136266093169375,0.4907817283322503,0.5140128739396237,0.6867425562911009,0.9363705907352369,0.10542321387228892
0.813700125849409,0.49378889838914464,0.5146512765373775,0.6967113935735239,0.9265958351040808,0.10542416618097299
0.8137736298662972,0.4957848162630234,0.5161906096672874,0.7217066512827297,0.9305907352315899,0.10542514063637064
0.8138471683010371,0.49674937491348664,0.5131023152436144,0.699233057314868,0.9356056098597492,0.10542609294505471
0.8139206012919944,0.5003944527167908,0.5201547571296774,0.7025071340850608,0.9327156821079825,0.10542707847380915
0.813994108437778,0.49488048218563785,0.515550887900417,0.7099401710925597,0.9345516362091075,0.10542804185585
0.8140675936812927,0.4974252403753233,0.5189324451282088,0.7042099907409676,0.9394645133870654,0.10542901631124767
0.8141411321160335,0.49612818787148905,0.5189106766244161,0.7088729422260125,0.9340926476837694,0.10542996861993173
0.8142146361329221,0.49532188589664006,0.5166669935077843,0.7134555616677092,0.9360645983849736,0.10543093200197258
0.814288174567662,0.4979288818665427,0.5178539358406606,0.7016249111453345,0.9282617934551354,0.10543191753072703
0.8143616160066371,0.4980626188949896,0.5205339075821104,0.6983598086914031,0.9341266468337608,0.10543288091276788
0.8144351106368384,0.4945316752754813,0.5162085379723936,0.6847922308788195,0.9362175945600484,0.10543384429480877
0.8145086284208678,0.4928841173297121,0.5139098415195376,0.7202403830174646,0.932222694432653,0.1054348187502064
0.8145821283701915,0.47327535463645004,0.43853694494686735,0.6909821265373035,0.9222949426263085,0.10543577105889046
0.8146556104848108,0.4425988784183444,0.3930099286953678,0.7036879317326143,0.9239269018273717,0.10543674551428814
0.8147290706971595,0.4162174455376513,0.36054093149364425,0.6998670967296678,0.9352486187844988,0.10543770889632899
0.8148025371672998,0.38663597163473384,0.3325971690896365,0.6845431340385215,0.9272588185294808,0.10543866120501305
0.8148760005085443,0.3507574450491893,0.3025330703081282,0.3355324908568198,0.8042498937526261,0.1054396467337675
0.8141045431230531,0.3536571838650638,0.3087471049660652,0.3327082020525216,0.8194475138121788,0.9335826703659994
0.812586471783626,0.34879295537699556,0.3026747592527429,0.32727743030540046,0.8118997025073895,0.9338607223550339
0.8110683190929104,0.3468531891757827,0.30108160579357823,0.3201232721611904,0.796549086272762,0.9341385528769325
0.8095502039489442,0.35056476896803185,0.3040613144493241,0.3388483021685642,0.8011559711006839,0.934416604865967
0.8080320450004379,0.34930469797083386,0.3037687001629085,0.3463605990665839,0.7949001274968168,0.9346945461214338
0.806513961145428,0.3477014770682655,0.3004623400014971,0.3414765855522166,0.7911602209944704,0.934972664550609
0.8049957990680272,0.34562317146349325,0.30121195121181393,0.34822308736572327,0.8042498937526261,0.9352505393659348
0.8034776557639991,0.3496548833736231,0.30565868880698727,0.3485837675188286,0.7856013599659946,0.9355285913549694
0.8019595844245715,0.3472656105708608,0.3014375468376971,0.35351455866397363,0.799082022949392,0.9358065326104359
0.8004414442494392,0.3461217012680237,0.30192541364694614,0.3458091154195153,0.797620059498513,0.9360495927920093
0.7989232853009329,0.34706781922715807,0.30140192595149606,0.34221930949625223,0.7873693157670232,0.9362880575305143
0.7974051607702801,0.34283895426368843,0.29753619492397,0.33437734545840225,0.7939141521461579,0.9365267437361551
0.7958870162146936,0.3457527604985445,0.29931431094418554,0.330552221844145,0.80266893327655,0.9367652195480167
0.7943688729106659,0.3445666489387627,0.30052751271061495,0.3395945999553589,0.7865193370165571,0.9370038946803008
0.7928507483800122,0.3399355931053055,0.29553090293097684,0.349748522583331,0.7807394815129101,0.9372424701523735
0.7913326050759846,0.3415400941644563,0.2952615069063594,0.36666876199744003,0.8015299617509299,0.9374809348908785
0.7898144680297481,0.3410579757527616,0.29646679365809003,0.34565718739289664,0.791840203994866,0.9377195657297351
0.7882963059523465,0.3429877259802665,0.3002246084624167,0.3473682638871489,0.7765745856353305,0.9379581965685919
0.786778159519423,0.3397874632549469,0.2944773316944944,0.35353056153766116,0.7805864853378353,0.9381967166738808
0.7852600381176651,0.34191159345917227,0.2960976609228066,0.35546273977059983,0.7780025499362182,0.938435281072597
0.7837418822980546,0.3416053142088906,0.2987090281234018,0.35401422159103735,0.7769825754355679,0.9386738676180266
0.7822237890563573,0.3379845325617303,0.29508578074249475,0.3483039356308033,0.7765745856353305,0.9389124984568834
0.7807056175922691,0.33936225280954146,0.29612035240230655,0.35634722614407344,0.781351466213323,0.9391511846625241
0.7791874930616149,0.33856085690963983,0.29527153347699286,0.34414148096946606,0.7726306842329222,0.939389649401029
0.7776693197201894,0.3410070376786914,0.2962910674942254,0.3627528627771057,0.7795155121121979,0.9396282802398859
0.7761511826739529,0.3364452515470138,0.29257969076285467,0.3656582381026676,0.7808924776879849,0.9398668446386018
0.7746330268543424,0.3350101960180765,0.2929699315320241,0.36416961346547727,0.7751126221843379,0.9401054311840317
0.773114877292524,0.3330836443940996,0.2889788699209388,0.35883882989687854,0.7660008499786954,0.9403439512893204
0.7715967465040778,0.33615751489996776,0.29461717468769444,0.3482071242014,0.759762005949824,0.9405824713946093
0.770078612586738,0.3330395254781376,0.29264143274692134,0.3738671166637686,0.771661708457259,0.940821102233466
0.768560412962588,0.33488998645429846,0.2936973773811279,0.3658845020586725,0.7578920526985939,0.941059622338755
0.7670423103342046,0.33587425522510395,0.2931601701055295,0.35730434094428154,0.7591500212494111,0.9412982531776117
0.7655242045769239,0.33114110690419557,0.2882107899003173,0.36223243185267573,0.7715597110071712,0.9415368840164685
0.7640059630255736,0.3330501815301369,0.2899553948195697,0.3609016122279747,0.7607309817253736,0.9417754041217574
0.7624878416238148,0.3315550212193105,0.28854535730603,0.3660093482990514,0.7605269868253117,0.9420139795938302
0.7609696576441438,0.33161960297338183,0.2889925903864355,0.3484743285116767,0.7561410964724473,0.9422525550659032
0.7594515706602376,0.33024124264727944,0.2895611965430509,0.3430364884977657,0.7490012749681227,0.9424911859047599
0.7579333772938792,0.3292237219880374,0.28658834933740746,0.3732207276367685,0.7435954101147217,0.9427298167436167
0.7564152684077041,0.3300562367780476,0.28835854835089025,0.3867825873009374,0.7505992350190809,0.9429683368489055
0.7548970750413457,0.3284127338534083,0.2864239680279444,0.38564451692903523,0.739549511262112,0.9432068569541944
0.7533789505106916,0.32943813927595844,0.2861479761577446,0.3670430624623928,0.7463833404164006,0.9434454877930512
0.7518607740403702,0.3291344167629854,0.28785115628935787,0.3938346526703338,0.7362005949850072,0.9436840078983401
0.750342615091864,0.32782980132291667,0.2870345270825198,0.36453422484561715,0.7428474288142297,0.943922638737197
0.7488244592722539,0.32505773130721977,0.28314346667993506,0.36923978447822137,0.7367615809604331,0.9441611588424859
0.7473063065815393,0.3261296014075143,0.2839511246514328,0.36571549900553846,0.7338206544835657,0.9443996789477748
0.7457881163440767,0.32399460059990715,0.28386537201874973,0.37227111790635403,0.7353336166595454,0.9446383651534154
0.7442700168445882,0.3244826871158927,0.2837740782117662,0.3815720833958589,0.725813854653552,0.9448769406254882
0.7283246385844149,0.32413356731830334,0.2839313355653261,0.39999774450812553,0.7253038674033405,0.9489910248742336
0.7417063624418385,0.32437142792062273,0.2821447775267766,0.39447361604626807,0.7250488737780643,0.9453878653078479
0.7397092947233292,0.32215415738538244,0.28221971230869336,0.38478544454851393,0.7321036974075241,0.9455925009413548
0.7381911032343083,0.32262476511540417,0.2836490116833673,0.39143525406070934,0.7178920526986303,0.9458310210466437
0.7376106023510602,0.32132590501617203,0.2818358042152942,0.3707182435182306,0.7389715257118041,0.9461412965039414
0.7351490438137569,0.3185244235817859,0.2752787588052878,0.3810132138070892,0.7057033574159277,0.9463080612572214
0.7336304655932322,0.3173996960665115,0.2751465677676431,0.4061279172831711,0.7203909902251553,0.9465466920960782
0.7176851283215919,0.320086722383992,0.2832904334077011,0.38518190283857234,0.7004844878877066,0.9506598904762804
0.7315383889579503,0.3211108494378879,0.2801743131478177,0.4033412729559338,0.7248618784529981,0.9470911690495164
0.7299985749225679,0.3162530163689474,0.2766911713323125,0.3894505403392141,0.7059923501910816,0.947333620196466
0.7280241447641727,0.3164094582974511,0.2740011758312104,0.3986493336351775,0.7030174245643366,0.9475349448962924
0.7260201934752066,0.3153780847706101,0.2769763979175366,0.40566804313882354,0.7113302167446136,0.9477390711553869
0.7245020094955357,0.31638814440552443,0.27529327079438815,0.400191923298028,0.6983085422864406,0.9479776355541029
0.7085562369945082,0.313806408285059,0.27061935432692114,0.40463051687653917,0.7090522736931462,0.9520905238803149
0.7224071450142193,0.31511656630250984,0.27733682300783213,0.4003360682893051,0.6870548236292962,0.9485211823455704
0.7208807054433439,0.3163785539587251,0.27844290058374116,0.4102639255080922,0.7011984700382072,0.9487602561186987
0.7193353463790704,0.3148450282848452,0.277699622779607,0.40080567122782984,0.6885337866552845,0.9490023196981611
0.7176240985859281,0.31116691189293716,0.2713230540252431,0.40508614211894,0.6984615384615154,0.9492872371684062
0.7162971314326185,0.31281126891087174,0.27308217113279926,0.39851170097959443,0.6760730981725374,0.9494747090988864
0.7147687832353897,0.3126778447698577,0.27492308310008456,0.42044302387283294,0.6966935826603731,0.949713506038095
0.7132253140240956,0.31129948337099844,0.2731549948014555,0.3883922063702001,0.6960815979600739,0.9499557357179091
0.7116009343869929,0.3112355422315969,0.27080431622396073,0.40055276228858894,0.7000764980874692,0.9502193923431147
0.7101879407505765,0.30836820121086367,0.26804360779118985,0.4112274335159025,0.6855928601784171,0.9504280143850665
0.7086565074622264,0.31070397687794055,0.27398692769806715,0.4029176931702714,0.6805269868252708,0.9506666452239233
0.707116930597135,0.3076616500739183,0.26867606660245824,0.4130271016012126,0.6613684657883141,0.950909041004089
0.7051563698945396,0.30942046202996576,0.2715729239122288,0.3962647863276847,0.6632044198894391,0.9511119049005093
0.7031372653638841,0.3087518494776157,0.270977668547427,0.40077763641685404,0.6790480237993961,0.9513148795304974
0.7016190576046055,0.30520268096971076,0.26501482316692926,0.4117132378749344,0.6655333616658936,0.9515534660759272
0.7001009268161607,0.30598702772279207,0.26721800734901147,0.40149681270804494,0.667352316192023,0.9517920304746431
0.698582747842722,0.3025523143317928,0.2658172044619611,0.39648922365294625,0.6631534211644521,0.9520306613135
0.6970645544763641,0.3023841487793689,0.26237021069122823,0.4052463694026327,0.6657033574159641,0.9522691814187889
0.6955464393323973,0.30333666090608125,0.2640718075985646,0.41091015569763667,0.6546536336591089,0.9525078122576458
0.6940282365793515,0.30408221641161454,0.2649636354211427,0.4171798671777367,0.6772630684232581,0.9527462769961506
0.6925100306974112,0.3030325134025779,0.26545150223039177,0.4250531221944094,0.6635444113896938,0.9529849632017914
0.690991881135592,0.3022441173497369,0.26400637171963476,0.422442112384092,0.6614534636634062,0.9532234833070802
0.6894736971559201,0.29447162663453735,0.2595543567839843,0.41024399140737033,0.6522736931575537,0.953462003412369
0.6879555069184584,0.29793639223768836,0.25998655067245086,0.4110550154574657,0.6622354441138896,0.9537006896180098
0.6864373260676819,0.2953535901544373,0.2573925971682043,0.4336159303167375,0.6412239694006985,0.9539391543565147
0.6849191358302193,0.2974798513902697,0.2604575303463124,0.41515770752600045,0.6595495112621848,0.9541776744618036
0.6834010019128787,0.29668570053297066,0.26018839904086666,0.4122972434911092,0.6384700382490109,0.9544163053006605
0.6818828379581405,0.29227076731334006,0.25641871171449176,0.4213140487719145,0.6485337866552072,0.9546548254059494
0.6803646477206771,0.2933232410746893,0.259875731613184,0.4280356131048366,0.6274883127921385,0.9548934562448061
0.6788465044166494,0.2919687511990294,0.2572424642132216,0.42511228914675203,0.6339651508711768,0.9551320870836629
0.6773283141791873,0.291397329171418,0.259235884569515,0.4460596140003623,0.6339141521461897,0.9553706071889518
0.675810136457307,0.29244170361807653,0.25823033595828804,0.418834318118942,0.6285932851677671,0.9556091272942406
0.6742919211886793,0.29384137855127684,0.2622902626239947,0.428331447866549,0.6343221419464271,0.9558476473995295
0.6727737591112768,0.28582186177748886,0.2527511360458667,0.4309735501088694,0.6336081597959264,0.9560862782383863
0.6712555751316063,0.28680783623178546,0.25562846743934264,0.42003203195555483,0.62986825329358,0.9563247983436751
0.6697373817652474,0.28449358757767523,0.25286564811464834,0.4196187766045294,0.6126646833829454,0.956563429182532
0.668219179012203,0.2859885351250472,0.25551237170360996,0.4309264945125433,0.6396940076497231,0.9568020600213889
0.6667009919036362,0.28707638966092625,0.2552569597569754,0.4141635438891915,0.6269783255418133,0.9570404693931098
0.6651828266973383,0.2865392828026447,0.2553065658278448,0.43796104805242075,0.6158266043348704,0.9572791002319666
0.6636646427176669,0.28775395419091976,0.2573477432048735,0.4480311045036496,0.615418614534633,0.9575177975109641
0.6621464681246825,0.28482949190406454,0.25809893697545594,0.43099928177673363,0.6268763280918392,0.957756206882685
0.6606282622427417,0.2849676057807151,0.2559999751217099,0.44766657254223774,0.6206544836378498,0.9579947712814011
0.6591100957848863,0.279555401440119,0.2515466394675833,0.42763629574057127,0.610760730981724,0.9582334021202579
0.6575919118052149,0.27945650487430346,0.25078621151318564,0.44701311524844756,0.610760730981724,0.9584719222255467
0.6560737027943779,0.27609404666757187,0.24603023721538092,0.43179215864748643,0.6073608159795185,0.9587105530644036
0.6545554969124376,0.2768415204412578,0.24751256940190774,0.42925075935224033,0.612885677858003,0.9589490731696925
0.6530373285772444,0.2783511736979744,0.2513031022563679,0.42822697252989594,0.5832044198893982,0.9591877040085494
0.6515191664998428,0.2795950442778628,0.25074478606153516,0.4347557081912914,0.6043858903526598,0.9594262241138382
0.6500009762623802,0.2754301227781014,0.24631704582966152,0.4434154865804787,0.5935401614959801,0.959664744219127
0.6484827578648567,0.2808617216697147,0.2541163178253789,0.4524378114628784,0.5848193795154657,0.9599033750579838
0.6469645394673327,0.2741406394682502,0.24597456318791291,0.44891304947782773,0.6048788780279892,0.9601420058968405
0.6454463867766176,0.27533250547490434,0.24866218323285585,0.4570302391174801,0.5867913302166698,0.9603805813689135
0.6439281746368861,0.27561896196536795,0.25054742419613796,0.4562348605567961,0.5733956651082508,0.9606190018139911
0.642409959368258,0.2729440855138876,0.24505159965412976,0.43775936419272443,0.5863153421163361,0.9608575662127071
0.6408917972908563,0.27427640847708246,0.24986140202798787,0.4481631381389104,0.5825754356141033,0.961096197051564
0.6393735413465849,0.2726672194702233,0.2457254848023971,0.4465895354627851,0.5738716532085846,0.9613461227143482
0.6378553980425572,0.27407030326730647,0.24687641780246167,0.45627889824145895,0.5808754781129437,0.9615973107398065
0.6363372140628858,0.2726663666284777,0.24906746474332397,0.4627773356581313,0.5575180620484161,0.9618484101784104
0.6348189518608236,0.26982161911987523,0.24451307320941493,0.46234116800408476,0.5500212494687275,0.9620996646440096
0.6333007647522559,0.2667733249267334,0.24384473034213355,0.43323690443746976,0.5643858903525825,0.9623509191096087
0.6317826183193325,0.26853661367617027,0.244419142170884,0.4574803447582865,0.5467063323417278,0.9626021735752077
0.6302643936640173,0.26599515957777575,0.24397876766319856,0.4628152978101041,0.58046748831282,0.9629015971428501
0.6287461909109724,0.26774288977612243,0.24593841551941373,0.45407828470795963,0.5604759881002792,0.9633031170601097
0.6272279912868228,0.2642623496401562,0.24118507734647093,0.46537496341278484,0.551228219294444,0.963735088708546
0.6257097478581342,0.26570976869251206,0.24324182357511914,0.4624398457735954,0.543986400339918,0.9641671157237663
0.6241915889096283,0.263733555575191,0.24333074132833332,0.4627849201466532,0.5432214194644303,0.9645991427389866
0.6226733673832086,0.26079673155284533,0.2382710726088831,0.45951239204165595,0.5590820229493829,0.9650312251209909
0.6211551771457464,0.2632152047987707,0.2429924806917687,0.47022454890857435,0.5426264343391267,0.9654630860358594
0.6196369493615359,0.2590784163490442,0.23853835707756582,0.46678067489796793,0.53786655333613,0.9658951684178636
0.6181187528662817,0.2600337010159974,0.23888638089361486,0.46583082691136957,0.537917552061117,0.9663270957728728
0.6166005720155061,0.26072831469281127,0.24106555531242901,0.4585008754127837,0.5248958776030577,0.9667591117147363
0.6150823379735044,0.2595656500232842,0.24045024481432625,0.44958743360644005,0.5344666383340382,0.9671765772657758
0.61356416338052,0.2540328096980372,0.23781064495993065,0.45965768860448875,0.544394390140269,0.9675540679987981
0.6120459418541011,0.256730492961481,0.2377810964570703,0.4596674173986659,0.5095962600934172,0.9679315144383931
0.6105277121925523,0.25323972408835244,0.23475231072612424,0.45736256678469744,0.5132171695707939,0.9683089387312744
0.6090094687638641,0.25367580334921147,0.23751855966918423,0.44978030198733054,0.5290947726306285,0.9686864294642967
0.6074912753975057,0.25532399779741555,0.2356240845220869,0.45882077404907284,0.5181980450487345,0.9690640309308868
0.6059730757733557,0.25389597597796904,0.2350499382978566,0.4640833766397041,0.5192180195494984,0.9694414773704818
0.6044548886647889,0.25450022061245914,0.23581749109350575,0.4648996423258458,0.5045813854652579,0.9698188573699361
0.6029366295916216,0.2534912247948165,0.23614466938146947,0.46552919458251507,0.4937356566085782,0.9701965031299533
0.6014184549986372,0.25191038517730296,0.23725127520050152,0.46897437900213323,0.48975775605606486,0.9705739938629755
0.5999002334722179,0.24756940996474602,0.2309063683420306,0.4842022053230641,0.5161750956225433,0.9709513738624298
0.5983820056880074,0.2502811606471714,0.23517104731890606,0.476216016875209,0.5159711007224814,0.9713288645954519
0.5968638060638582,0.251535048988696,0.23690668210950366,0.46721604836473474,0.4802379940500714,0.9717062888883333
0.5953455626351691,0.24538645334728587,0.2309382962187168,0.48031569103208094,0.4732681682958173,0.9720838460614963
0.5938274068155587,0.24404049027994631,0.23110610736788265,0.48203637719241876,0.4894177645558102,0.9724614032346592
0.5923091571290784,0.24707663550105205,0.2317000433422309,0.4961951877254227,0.4698172545686248,0.9728388275275407
0.5907909512471381,0.24683237947960493,0.23212405661147859,0.4891898602774407,0.4885677858053441,0.9732162628937789
0.5892726846646203,0.241716863048527,0.22810740356220813,0.4804831851293836,0.4836379090521632,0.973593808993585
0.5877544537515149,0.24227528308356394,0.22966097530776589,0.48068502782653555,0.46636634084143225,0.9739712997266073
0.5862362541273649,0.23958676474001075,0.2288731081930716,0.4803340367582436,0.4773140671481997,0.9743487904596294
0.584718032600946,0.24200204117033633,0.22993380205743458,0.4774705945210529,0.4549766255843224,0.9747262258258677
0.5831997829144653,0.23762057296018227,0.2247342881314133,0.48943911595519474,0.45949851253715224,0.975103605825322
0.5816815989347943,0.23813124816089237,0.2286583293112693,0.47833816470546764,0.4541096472587469,0.9754812626586961
0.5801633711505843,0.23628185278993144,0.22586252965197792,0.48668181684794454,0.4548746281342346,0.9758587533917181
0.5786451464952687,0.23227081648136522,0.2221756910155331,0.4867168802163462,0.4549766255843224,0.9762361887579564
0.5771269687733889,0.2369717803069651,0.22597545805380853,0.4836702586830779,0.45315767105819305,0.9766136241241946
0.5756087441180742,0.23745538627491208,0.22888893822246917,0.48690466579864644,0.43354016149589825,0.9769911148572168
0.5740904913026981,0.2401760909017019,0.23057575932901567,0.500785272527549,0.44356991075221686,0.9773684948566711
0.572572236609985,0.23484957033761344,0.22153557969536664,0.4829189575164208,0.4321291967700063,0.9777460963232613
0.5710540150835657,0.2317910420435247,0.22285115651069495,0.48813954759995215,0.41801954951120024,0.9781235427628562
0.5695357653970858,0.23188034726857676,0.22260419078779936,0.4836037454983977,0.45502762430930943,0.9785010777893054
0.5680175657729363,0.23062986850610628,0.22241764566648295,0.48820693439064033,0.40147896302585195,0.9788785685223277
0.5664993192153509,0.2283345924519608,0.22242054739586498,0.5048599694944724,0.4287802804930152,0.9792561146221339
0.5649811039467232,0.22630040397522233,0.22190919893366864,0.5017137965856857,0.41281767955797477,0.979633505694945
0.5634628667758266,0.22699118254607342,0.2201284445752202,0.5110269131405714,0.46434339141512737,0.9800110407213943
0.5619446546360938,0.2264067588834732,0.21984928758448932,0.4945202864617635,0.4213854653633007,0.9803885314544164
0.560426423722987,0.22464623963479924,0.22002211201897193,0.495671421214418,0.42102847428805035,0.9807660221874387
0.5589081959387765,0.2267989319918246,0.22473877242106088,0.4658228056198439,0.4151976200594163,0.9811434686270337
0.5573899412460634,0.22302042825957816,0.21936907239878994,0.48451297080563593,0.3917042073948096,0.9815209372133422
0.5558717291063315,0.22657130191459576,0.2212445501825876,0.5011883225720297,0.36763280917978136,0.9818983836529374
0.5543534512597907,0.22131532942094123,0.21860231198995905,0.5018801788207963,0.38779430514227897,0.9822759851195273
0.5528352453778491,0.21983572587327688,0.21550782676759694,0.48498027060104953,0.4053208669782862,0.9826533651189816
0.5513169988202651,0.2197707203802251,0.2164595497374787,0.49955094665733935,0.38410539736503324,0.9830309001454309
0.5497987898094281,0.21591974834267103,0.21289197417066869,0.5030238085036571,0.38186145346367084,0.9834084573185939
0.5482805463807394,0.22184305430485013,0.2175239377180419,0.5099225163093306,0.38687632809171646,0.9837859480516162
0.5467623060809457,0.21468823771034487,0.2150822309380837,0.4983588715504128,0.373769655758565,0.9841633280510703
0.5452440970701096,0.2164395902512,0.21590651021911175,0.4942749620110445,0.3929621759455131,0.9845419261197718
0.543725799198636,0.21317154895620932,0.21435821293664883,0.4932039607549179,0.3866893327666503,0.9849239126356512
0.542207587058904,0.2144780846311517,0.21333102729586662,0.5008195417086709,0.3600509987250007,0.9853059877383852
0.5406893154701535,0.21641294833327368,0.21724979401262778,0.5100653508915964,0.35212919677007903,0.9856877970805561
0.5391710939437346,0.20985512990031335,0.20995316418427515,0.5040348089107973,0.3207819804505334,0.9860697171562948
0.5376528536439418,0.2121764113699503,0.21257851656953874,0.5131304769884832,0.33358266043342155,0.9864517036721744
0.5217076584241642,0.2077237496472865,0.21140858620617453,0.5035846635606269,0.32345091372712886,0.9907085677833893
0.5350890133847894,0.2089205172590675,0.21049327540262655,0.5132173213675255,0.35993200169991724,0.9872492511217252
0.5330919406600474,0.20898467527415826,0.21335794188723606,0.5146601611080375,0.3472163195920075,0.987597175992114
0.5315736737646413,0.20947105610665265,0.21276215774810214,0.5056214759676745,0.3424054398640237,0.9879791625079937
0.53099331900082,0.20869139426180183,0.21310780883043834,0.49368785906447843,0.3258308542285704,0.9884318191869165
0.5285314043951899,0.20409295023848997,0.20774786977428084,0.513003248186265,0.3120101997449183,0.988695210051559
0.5270126853743613,0.20257818171922815,0.20657530107268368,0.5253431315924246,0.30221844453888025,0.9889998823903203
0.5110674957865955,0.2024524331539243,0.20676527691905128,0.5089090539216232,0.3295367615809255,0.9931761546108069
0.5244488807846195,0.2024703338909405,0.20778533771858199,0.5266778824441605,0.3120101997449183,0.9896359581511377
0.5224517795869263,0.20059451115343577,0.20717821005306908,0.5330505603050824,0.3402804929876311,0.9899032025439436
0.520933543980477,0.1997828811525872,0.2075974734281491,0.5068278464456368,0.30932426689321346,0.9902043978486724
0.5203531047364733,0.20012454350170528,0.2070644870510492,0.5154041954610848,0.2938206544836248,0.9905763519032987
0.5178912464509655,0.19997385512610993,0.20842782177246127,0.5130553071624535,0.3075223119421935,0.9908066334311348
0.5163726166036624,0.2009167762696445,0.20813547087719475,0.5160717495790907,0.28717382065440233,0.991107762295723
0.5004273537997386,0.194301622555558,0.20358899657135548,0.5348195727613936,0.30830429239267687,0.9952841895432045
0.5138087272208489,0.3298367060155094,0.315077500964255,0.5227144908244963,0.17672758181038262,0.9917439266433945
0.5118116360356213,0.38974650182016457,0.3599351207838768,0.5267368508496832,0.33713557161070185,0.9920111931829141
0.5102933491152828,0.40997262538910234,0.37707747555475596,0.5299267834775852,0.3099702507437314,0.9923121005803663
0.5097129461664687,0.4537158136061979,0.43185007669551845,0.5105562777585828,0.3678368040798432,0.9926842761021285
0.5072510140390238,0.5049736049949565,0.48070549164348414,0.41347831910421085,0.8070718232044101,0.9929146572901756
0.5076288713689521,0.4795922193513261,0.45234879167871656,0.7412864253499498,0.9326646833828818,0.10162135399163656
0.7600478915528424,0.4750945894468111,0.448594148635034,0.3584770378815818,0.8219804504886952,0.10679252302641204
0.7877021330466145,0.5097926525377191,0.537554885514049,0.6862150173905175,0.938342541436441,0.9297911530005902
0.8196295502116526,0.5135379061694572,0.5401637527120988,0.6906824399672842,0.9348066298342701,0.10542527351665214
0.8197027319522872,0.5180775273553907,0.5437846262526075,0.7283865604928283,0.9375265618358526,0.1054262258253362
0.7901823595141049,0.5221954477989513,0.5479093227939098,0.767359514325888,0.9323756906077278,0.10567729204386986
0.7587829653942748,0.5180680423963544,0.5416538715378063,0.7811937405176521,0.9296387590309223,0.10563474820707691
0.7591554325756471,0.5167257016715233,0.5406183680488033,0.7780633322263686,0.924572885677776,0.10563481464721765
0.7446185292007734,0.5127352336888296,0.5382975157522294,0.7625932787851095,0.9252868678282766,0.10727022763839728
0.7593897724677996,0.5004781098766977,0.5259902876395137,0.7577626346559423,0.935486612834552,0.10566127996994935
0.759011119459704,0.5055990580336102,0.5286405780758431,0.7274864286299434,0.9328686782829436,0.10563709575871673
0.7882947740450303,0.4968733140954644,0.5196891745396641,0.702701709968603,0.9312367190819941,0.10562711866424758
0.821052079470487,0.49953050078545475,0.5242206089895531,0.7074276405049331,0.9341946451338572,0.10549234483873825
0.8201815262047103,0.5010164908126059,0.5268311915501286,0.6906136236394926,0.9335826604334443,0.10543172928366158
0.8202543052564728,0.5030594204702544,0.5249216721203389,0.6998684468480434,0.9388015299616654,0.10543267051898887
0.8203274119036119,0.505482056013001,0.528611937055093,0.7130583886090991,0.9371355716106109,0.10543361175431613
0.820400543581917,0.5003770847823746,0.5231531886907188,0.6894443019981316,0.9361665958350613,0.10543457513635701
0.8204736471001604,0.5022441717027538,0.5237802366952388,0.704364063073242,0.929281767955672,0.10543554959175465
0.8205467587535327,0.5026345300639946,0.5244210075999635,0.6962179253072422,0.9385975350614899,0.10543651297379551
0.820619843498402,0.506811076672833,0.528854301179678,0.7138818019807587,0.9346026349340946,0.10543746528247958
0.8206929939500811,0.49791864776559575,0.5213406370444733,0.6979966268483666,0.9308967275818532,0.10543842866452044
0.8207660693082635,0.5011251968464236,0.5241161290248325,0.6999795933578463,0.9318657033574027,0.1054393809732045
0.8208392188212734,0.5013692401044165,0.524670751103465,0.7036644237891334,0.9348576285591434,0.10544035542860215
0.8209123066950381,0.4989550274913626,0.5226897309368663,0.7027849407955222,0.9356566085848499,0.10544131881064303
0.8209854195999693,0.5026447570132289,0.5271567784243427,0.7103101035274741,0.9359116022098988,0.10544228219268387
0.8210585575360647,0.5042027933946351,0.5265960961359102,0.6873624194629573,0.9377475563110238,0.10544324557472474
0.8211315840834756,0.5010957854277345,0.5229391999823638,0.6845498846303995,0.9337866553335061,0.10544419788340881
0.8212046531838664,0.5005872378615678,0.521881806254163,0.6843814772177255,0.9333276668082817,0.10544517233880646
0.8212777973777539,0.5010938723445735,0.5256323634149782,0.7094287939031196,0.9345516362091075,0.10544613018416894
0.8213508696070404,0.5025737869917426,0.5248401448128964,0.7003909426594006,0.9354016149595736,0.1054470769561746
0.821423957480806,0.5020699291612125,0.5263427891050974,0.7148735433463647,0.9249468763281357,0.10544805141157225
0.8214970838399882,0.5004748022095503,0.5242650756129588,0.70074360152098,0.9269528261792175,0.10544900372025631
0.8215701185225273,0.5019898925558859,0.5227469908446564,0.6937361694767066,0.9387505312366784,0.10544996710229719
0.8216432752319971,0.5060233155132915,0.5295383434874679,0.6905162562789935,0.9354526136846744,0.10545093048433803
0.8217163255590139,0.5074021013663026,0.5294926816437219,0.6899078691133302,0.9344666383339018,0.1054518938663789
0.8217893977883013,0.49988505409680684,0.5251140251271614,0.6941140040750546,0.9312027199318891,0.10545284617506298
0.8218624856620673,0.5027238370769749,0.5248824954536253,0.702999093395511,0.9349086272842442,0.10545382063046062
0.8219355234735013,0.5026862190679037,0.5256921244319992,0.7129622919482475,0.9313557161070776,0.10545477293914468
0.8220086113472664,0.5057684016519169,0.5299694749578541,0.7005270663591521,0.9411304717381199,0.10545573632118554
0.8220816648031795,0.50172858685124,0.5258803937693252,0.7008908041332842,0.9335826604334443,0.10545668862986961
0.822154765192527,0.5022022876970266,0.5251320973013828,0.6886794599383543,0.9409264768379444,0.10545765201191047
0.8222277842305878,0.4984563921990691,0.5208390650419874,0.6965902800133599,0.9363365915851318,0.10545862646730812
0.8223008564598753,0.5009879375994468,0.523872335062581,0.6978732895638196,0.9314577135571653,0.10545958431267059
0.8223738786268315,0.5020695089980883,0.5243678424285247,0.7074834718707008,0.9317467063323193,0.10546052001131948
0.8224469955993259,0.49917957339246755,0.5223641352091681,0.7313898591099852,0.9338376540586069,0.10546148339336034
0.8225200772153003,0.5053307257711862,0.5251324957081629,0.702162297968187,0.9353506162344729,0.10546245784875799
0.8225931275423175,0.5016168055809391,0.5209915663039408,0.7126208708366768,0.9321716957075523,0.10546342123079884
0.8226661684826477,0.5069434280569344,0.5297062719452967,0.6992763802309792,0.9326646833828818,0.10546437353948292
0.8227391875207086,0.5065926097275666,0.5288025746993898,0.6995019294184321,0.933225669358194,0.10546532584816698
0.822812262878891,0.5054771481501255,0.5267165389322883,0.6889548443776128,0.937645558860936,0.10546630030356463
0.8228852819169519,0.5003451130505205,0.5237795815374225,0.6882753377410464,0.9359626009349995,0.10546727475896231
0.8229583040839086,0.5035793714424028,0.5260244620877657,0.6839959390027637,0.9365745856352987,0.10546821599428957
0.8230313293797602,0.49750004729070063,0.5211096407933482,0.7018805203213268,0.9270548236293052,0.10546916830297363
0.8231043452889257,0.5041991746279831,0.5258923902401493,0.7055529614310494,0.9379855503611907,0.1054701316850145
0.8231774050026295,0.499099536787141,0.5236984526367601,0.6937162750853485,0.933684657883532,0.10547109506705536
0.8232504459429602,0.5017822962140013,0.5270773626728349,0.6744333285139403,0.9323756906077278,0.10547205844909621
0.823323475619266,0.5026552056655582,0.5222310208638105,0.6864593491071369,0.9328686782829436,0.10547302183113708
0.8233964821417441,0.5001701213670685,0.5229508201801178,0.6912471468325609,0.9329366765829263,0.10547396306646437
0.8234695043087004,0.5068831122995192,0.5282769876215456,0.6790152331870851,0.9380875478111648,0.10547491537514843
0.8235425264756571,0.5063212737457872,0.5288516562013321,0.690976964319985,0.9348066298342701,0.10547590090390287
0.8236155799315696,0.5057726658606448,0.5277624673987051,0.712555906317192,0.937594560135949,0.10547686428594373
0.8236885770673612,0.5016549510288257,0.5254183747066231,0.6954735335699191,0.9345516362091075,0.1054778165946278
0.8237616086210036,0.5012228177254772,0.5251557139699611,0.6971468067496547,0.9307267318315553,0.10547876890331186
0.8238345650811523,0.5045345434698801,0.5281712991562585,0.7112832609107336,0.9335826604334443,0.10547972121199593
0.823907562216943,0.5028987143330229,0.5273797445654769,0.6810439845932432,0.931151721206902,0.10548067352068001
0.823980543708255,0.5052948062938935,0.529567227979028,0.7143298824440019,0.936506587335316,0.10548164797607766
0.8240536128086471,0.5030635791912192,0.5230365661726879,0.6966418227678166,0.939005524861841,0.10548261135811852
0.8241265849132731,0.5046255561663515,0.5244066317553133,0.6913837073353164,0.9341266468337608,0.10548356366680259
0.8241995476312116,0.501778570171658,0.5309708017852341,0.6849089764089449,0.9354016149595736,0.10548453812220024
0.8242725435154443,0.5007181034773451,0.5256852629818968,0.6999400428313143,0.9295877603059353,0.1054854904308843
0.8243455469090262,0.5072936134597237,0.530106283419412,0.7083627563174919,0.931100722481915,0.10548644273956838
0.8244185628181917,0.5033552617957757,0.5279829191503824,0.7107711689527414,0.9344666383339018,0.10548740612160923
0.8244915380517135,0.5050911612733038,0.5272334363155836,0.7030799813699549,0.9317127071822142,0.1054883695036501
0.8245645351875046,0.5010837419434615,0.5257712878592129,0.6904759115651815,0.9375265618358526,0.10548933288569097
0.8246375010343385,0.5048010699248344,0.5306507394850379,0.6791247913223286,0.936846578835457,0.10549027412101823
0.8247104981701296,0.5031780316262326,0.5260410845039816,0.6927505830625189,0.939056523586828,0.1054912375030591
0.8247834515013817,0.5054028686735637,0.5281166952936693,0.710185574962007,0.9360645983849736,0.10549220088509996
0.824856417348216,0.49970719100068517,0.5208990916635284,0.718624886962332,0.9357076073097232,0.10549314212042725
0.8258672214846983,0.49691903141922633,0.5193589617200584,0.7006211378424401,0.9249468763281357,0.10555577856311835
0.8249965105225798,0.49978552013459243,0.520173615050604,0.685302774171616,0.9367785805353606,0.1054951463980065
0.8250690821285609,0.5020868697807918,0.5249005676278465,0.7170185240609164,0.9288567785804389,0.10549609870669056
0.8107150295388288,0.5051315505710661,0.5274921483983803,0.703329515013257,0.936506587335316,0.10708231277364555
0.8256876156772477,0.5014780444742846,0.5249480555026682,0.6818980535939021,0.931100722481915,0.10552825573481306
0.8252817322030963,0.5074578418154851,0.5268459658015587,0.680832730776826,0.9309987250318272,0.10549903314624032
0.8253547011788265,0.49911637013102905,0.5212935453630607,0.6980852581487884,0.9322566935827581,0.10549998545492438
0.8263654208351254,0.5043027564596148,0.5249736553516632,0.697698171268631,0.9347556311091694,0.1055626052875803
0.8254947787087121,0.5045854815439503,0.5269157556025842,0.6900721467521493,0.9371865703355979,0.10550198419582525
0.8255673127679448,0.501244666207932,0.524291326193028,0.7211224074103708,0.9295367615808345,0.10550293096783092
0.8112132079256558,0.5013627409854539,0.5235395990000343,0.7226787365131615,0.928975775605636,0.10708915610814271
0.8261858578935461,0.5015548824760832,0.5276430781669232,0.7078854894717175,0.9334806629833565,0.10553509906931022
0.8257798961970026,0.5079509345303965,0.5283191966065304,0.7144534182753692,0.9348066298342701,0.10550586540738065
0.8258528726820833,0.5006276271593301,0.5243726011761765,0.6966372164815939,0.9381385465362655,0.10550680664270794
0.8268635691845541,0.5081675849406242,0.5287449252383036,0.7057194627942518,0.9333786655332688,0.10556944862207744
0.8259929095363248,0.5013283233678388,0.5256140367030917,0.7000038557792432,0.9365745856352987,0.10550881645696561
0.8260654654978277,0.5066836152723253,0.5286279065268635,0.69532926945055,0.9373905652358872,0.10550977430232805
0.8117113065256434,0.5057958910478042,0.5274074426901807,0.6911906006982413,0.9367785805353606,0.10709596622256948
0.8266839126889938,0.5090259978704346,0.5292870152103297,0.7125887856705742,0.9340416489587824,0.10554194240380736
0.8262779509924507,0.5031744128595805,0.5251789322317592,0.6843543954314855,0.9371865703355979,0.105512697668521
0.8263508386168934,0.505523185513033,0.5296147269207047,0.7214175671128955,0.9367785805353606,0.10551364997720507
0.8273616174093212,0.503131574100201,0.5250960857552002,0.6985770983311466,0.9318147046324157,0.10557626980986101
0.8264908848578227,0.5037969873338519,0.5247904081531379,0.7028248884156947,0.9351466213344111,0.10551565425478435
0.8265634408193256,0.5055685845855774,0.525283691081226,0.7278902331523396,0.9284147896302102,0.10551658441675485
0.8122093140747659,0.5059555351556922,0.528101378766344,0.6914445420809463,0.9416064598384537,0.10710279848370982
0.8271818795624739,0.5042438263465451,0.5263784243782098,0.6985733656509314,0.9273268168294635,0.10554874144487734
0.826775884386747,0.5094763591016577,0.5301354445823472,0.7113307136006994,0.931100722481915,0.10551951885630458
0.8268488001712502,0.5022551495818268,0.5265053302179104,0.6921336980929618,0.9349766255843406,0.10552047116498865
0.8278595007412868,0.501527498567959,0.5226538521929438,0.7038867962274675,0.9329706757330314,0.10558309099764458
0.8269887619319967,0.5056328498763594,0.5272755257785344,0.704994608064011,0.9307947301316517,0.1055224865159247
0.8270612459289,0.505842359301405,0.527314702445248,0.7072823042327363,0.9365745856352987,0.10552341114121679
0.8127071629888798,0.5023860080458914,0.5247644121107338,0.7083919824093872,0.9347046323841823,0.1071096085981366
0.8276796565119868,0.5074978020104823,0.5285499405333612,0.7023310627651369,0.9302167445813438,0.1055555626326609
0.8272736916865475,0.5059714119579999,0.5270769642660548,0.699374502069394,0.9263068423289269,0.10552634004408816
0.8273465574087213,0.508634566752281,0.5309859766568155,0.7219524522458167,0.9402804929876538,0.105527303426129
0.8283572194933404,0.4768009702299587,0.4474424210347801,0.7059568453721734,0.9221419464513474,0.10558993433214171
0.827486455652886,0.4491685222083388,0.40024692588221755,0.7037355829694003,0.9238079048022882,0.10552930770370826
0.8275589865832238,0.4228401711276131,0.37171753871196944,0.7097712871675181,0.9252188695281802,0.10553024340235714
0.8132048251079222,0.3957066802253605,0.3411228307138161,0.69615129299447,0.9337866553335061,0.10711644085927696
0.8281773721351451,0.3567116589259508,0.3096136020855621,0.3058886564523329,0.8198895027624076,0.10556239489380126
0.8269270810731464,0.3537552266951696,0.3104339282859827,0.32838865714724697,0.8126476838078815,0.9347014669694285
0.8254086905863613,0.3551598034122896,0.30996320846187664,0.3310879408737102,0.8060688482787555,0.934979352858111
0.8248280463996918,0.35559844119838535,0.30870752546582936,0.32920321533073693,0.8122396940075305,0.9353422267601684
0.8223659365509728,0.35210276982616584,0.3074354834447153,0.32003392609221715,0.8025159371014752,0.9355347924347724
0.8208471486944386,0.35190966643017146,0.30595130309340285,0.3460577754568097,0.7989800254993042,0.9358126229566712
0.8049017529124498,0.355239943717451,0.31011228785226297,0.331934584223303,0.7938121546960701,0.9399789734494726
0.8182829029304086,0.3524137370241559,0.30616344142360125,0.352717631438094,0.808448788780197,0.93640921112717
0.8162856130603084,0.35142328738560524,0.30733785828998406,0.3199156716062601,0.7942201444963075,0.9366458930552315
0.81476723196021,0.3520603548057668,0.307833903505081,0.32731384379217765,0.7922311942201077,0.9369238343106981
0.8141866034180185,0.3490542628695697,0.30761807105868233,0.321665583858493,0.7961920951975117,0.9372585154463643
0.8117245186004651,0.35017515259698895,0.306343918588319,0.33559967910068766,0.7881852953674979,0.9374117264109315
0.8102057088416612,0.34726369212391534,0.3033597245362401,0.3385131551365035,0.7793625159370094,0.9376501800760798
0.7942602817707156,0.3471684205825006,0.30299877242017553,0.3359549984896544,0.8013599660008595,0.9417770651252763
0.8076415287844405,0.3478683640732423,0.3061367924367519,0.3351791966454165,0.7839864003399271,0.9381678152126551
0.8056441763364259,0.3487797407997596,0.3046995776047049,0.3476429732672195,0.798011049723641,0.9383651424306795
0.8041257702051623,0.3485175822533681,0.3047156732386226,0.3549613296315206,0.7886102847428447,0.9386036625359684
0.8035451792097188,0.34397327311972625,0.30160403881774644,0.34840547247452136,0.7828644283893027,0.9389271152878481
0.8010830318142523,0.344421288589167,0.2997945250231994,0.3381533882987702,0.781351466213323,0.9390803705458425
0.7995642095398661,0.34391231549609164,0.30142382615086327,0.36747776086997175,0.78393540161494,0.9393187799175634
0.7836187981133977,0.34303653284393687,0.3005111536855482,0.35550971594819814,0.7712707182320173,0.9434455985266191
0.7969999950647932,0.34512165939474554,0.3006657731435494,0.3433206089971017,0.7720696982574964,0.9398365147143498
0.795002736483648,0.34554260563142314,0.3029911207966258,0.35517020088609863,0.7773905652358053,0.9400337865655906
0.7934842239699322,0.3441412257299029,0.30199559742800974,0.3481396579919842,0.7728346791329841,0.9402720852037435
0.7929036943008438,0.3404722737215071,0.2989512472721862,0.3459907460503977,0.7768805779854802,0.940595870156327
0.7904415512858312,0.33944580448168515,0.2984179975039372,0.334807119904847,0.769128771780629,0.9407489039471855
0.7889227415270272,0.340874039064586,0.29697735194683905,0.3356376412526605,0.7619889502761907,0.9409872025853386
0.7729773394872463,0.3397550659961841,0.2976562481670521,0.3505071302729619,0.7701487462812793,0.9451143533950979
0.7863584582162497,0.33964679264098774,0.2958161289849919,0.3625437929757074,0.7627709307266741,0.9415050591890497
0.7843611558305654,0.34104199167476273,0.2990794789211162,0.3655436368781977,0.775622609434663,0.9417024971406421
0.7828426965080757,0.3381373521477255,0.29651112083912257,0.36326789322803266,0.7651508712282293,0.9419408400722223
0.7822621699678831,0.33768123736359407,0.2970034741513902,0.3574254545044455,0.753234169145685,0.9422644035576699
0.7798000363395574,0.33939422454139556,0.29908106369475274,0.36800097144988064,0.7657458563535329,0.9424176588156643
0.7782812140651707,0.3368934797799089,0.29701983317645697,0.3843776293803549,0.7479133021673761,0.9426559574538173
0.7623358095222743,0.33717631392786407,0.29621560482332493,0.3532778908546039,0.7532511687207943,0.9467829975300088
0.7757169902034105,0.3375804232447972,0.2966942352353878,0.35349541875053125,0.7491202719930925,0.9431737476173878
0.773719615853127,0.3333939733017266,0.29435120938812814,0.3516066428524318,0.7621419464512655,0.9433710305419851
0.7722011940773852,0.33317380246089723,0.29468656829531076,0.3749106787493788,0.7563110922226315,0.9436095285005605
0.7716206143459665,0.3344775650592203,0.2969087496193555,0.36709659068504896,0.7564130896727193,0.943932936959013
0.7691584462997882,0.33212282072562066,0.29159208373695994,0.3731946782939919,0.7501912452187298,0.9440860814834394
0.7676396271542973,0.3330781036046456,0.2930300902918139,0.37606185321139773,0.7378665533361755,0.9443244908551603
0.751694231998087,0.3337784744102242,0.29685466036552405,0.37036403599145573,0.7440033999149591,0.948451420197784
0.7650754283237027,0.3325902316400426,0.296064679481524,0.35551694305244386,0.7466893327666639,0.9448422810187309
0.7630780696178969,0.3332901751307843,0.2947733767059612,0.37393740223802774,0.7476413089672178,0.9450397189703234
0.7615595790064504,0.33243634644884745,0.29444698859144475,0.3852726784446494,0.744241393965126,0.9452780176084763
0.760979096270797,0.3306971428800284,0.29222295976662566,0.3761011654817461,0.7180620484487008,0.9456016364607078
0.7585168562600182,0.3314409925232777,0.2928282419233981,0.36848899953329584,0.739549511262112,0.9457547256183503
0.7569980089544672,0.32665796994557084,0.2878917900182014,0.38940189636832856,0.7325626859327485,0.9459930242565032
0.7410526719957162,0.3292654969301452,0.2905889094088055,0.3827076123684663,0.730930726731799,0.9501200643326947
0.7544337694482284,0.32797686735600357,0.29020763943230216,0.3758729160575418,0.7385805354865624,0.9465108144200738
0.7524364482891706,0.32404809898714226,0.2853054896868642,0.37521691736445617,0.7304717382064609,0.9467082523716662
0.7509179451621422,0.32721489795453507,0.29083323856416493,0.37446791934091017,0.7285507862303575,0.9469466063766032
0.7503374699358378,0.3256246779717843,0.2881113168021375,0.3751175645357576,0.7155801104971715,0.9472701809354077
0.7478753100247886,0.3289063593709196,0.29242718286078817,0.3752995128415517,0.7257118572035779,0.9474232590196934
0.7463564063991148,0.3245144442963643,0.28629810911272724,0.39156105332582425,0.7138121546961429,0.9476616683914142
0.7304110406545239,0.3268342346338926,0.2934852390509295,0.3882144275476247,0.7241478963024974,0.9517885977340378
0.7437921575061894,0.323033136853137,0.2838856887725029,0.3837423589752713,0.7104122396940511,0.9481793478214168
0.7417948175737581,0.3207171834094997,0.28361339101850347,0.39511281767838646,0.7168040798978836,0.9483767304062253
0.7402763757730839,0.32219166990669057,0.284592027251732,0.38936647561565096,0.7194900127495885,0.9486151397779463
0.7396958204470505,0.3232631126921482,0.2865672408608472,0.3973518301668624,0.7137611559710422,0.9489387143367506
0.7372335779331562,0.3205383610899053,0.28399729933323964,0.38898034176022955,0.7084402889927333,0.949091969594745
0.7357147713032481,0.3214007155074056,0.28623874207574446,0.39657833146573584,0.6902507437313261,0.949330378966466
0.7197694212031354,0.31909776387754996,0.2821508461473865,0.39516404275793127,0.7151211219719471,0.9534572861623759
0.733150481734679,0.3178773383999881,0.27993763561600793,0.3942265046741693,0.7039524011900085,0.9498479919563277
0.731153135544456,0.31868086729821776,0.28186403642642044,0.385608063732894,0.6954186145345602,0.9500454299079203
0.7296346449330091,0.31799754796376617,0.28183844255352714,0.3958213121506644,0.6992265193370031,0.950283684252646
0.7290541803449506,0.317608357119632,0.2833777690433239,0.40812120822728803,0.6817339566511009,0.950607336324948
0.7265919409599522,0.3154829485467523,0.2791930385763562,0.381350187469893,0.6793030174245587,0.9507605472895151
0.7250731061699822,0.3150428196285479,0.27900781284549336,0.4108123912434978,0.6682192945175984,0.9509987351941002
0.709127739486723,0.31227266984772467,0.27723418366030206,0.3978970397344206,0.6898937526560758,0.9551257752702917
0.7225088228592047,0.31479643239670096,0.27672415314986815,0.39568105867705805,0.6999235019123944,0.9515166360912387
0.720511454766712,0.3116526524683475,0.27599617888057165,0.41442387847949824,0.6885337866552845,0.9517138968691224
0.7189930017020134,0.3131893746002416,0.27593074299057496,0.40874742489738214,0.6799150021248579,0.9519523062408434
0.7184124839227288,0.3124099308826297,0.27656241039997514,0.4066189235688855,0.6806289842752449,0.9522759361664317
0.7159502320221476,0.31093757559583873,0.27688035494679786,0.40402022366140433,0.671058223544378,0.9524291249842852
0.7144314128766562,0.3109520690781074,0.27634182812580993,0.41340791440185964,0.6733871653208325,0.952667490062579
0.6984860455676176,0.30892044109332667,0.270697982782364,0.40092706275354195,0.6623884402889644,0.9567943086716347
0.7118670920191312,0.31148640518407633,0.2796315644765818,0.4110814221845178,0.6726731831703319,0.9531850587590136
0.7098697739889683,0.3072999552410058,0.27306475677243935,0.40025383019648575,0.6707012324691277,0.9533824413438221
0.7083512583463567,0.31048231365345286,0.2736441808904896,0.4167159029688985,0.6681172970675107,0.9536209060823271
0.707770805022323,0.3040191275775801,0.26959902925089296,0.4206610282811283,0.6602124946875847,0.9539444695677748
0.7053085262132384,0.3062655983771906,0.2705254219603676,0.4025452987547897,0.6509137271567624,0.954097614092201
0.7037896457413928,0.30596443492583264,0.27329114367845525,0.4271397301438984,0.6535656608583622,0.9543360234639221
0.6878443031506296,0.3062110352787196,0.27188374450314845,0.40494803295098913,0.6680152996174229,0.9584629085131185
0.7012253280127623,0.304385085188878,0.27016024761778196,0.3958408094483825,0.6557586060348513,0.9548538136274924
0.6992279818225393,0.30665329558611665,0.27438455625696295,0.4181637063799091,0.6511857203569207,0.9550511408455171
0.6977094880821979,0.30202629066155456,0.26877448436534485,0.4391130961204468,0.6588355291116841,0.9552894394836702
0.6971290022176486,0.3002841034696928,0.26721484112179483,0.4002527977530219,0.6567615809603922,0.9556130029691177
0.6946667622068698,0.29792296459305023,0.265274192178239,0.4218479411707361,0.6427539311517876,0.955766213933685
0.6931478554523012,0.3001864864525642,0.2682560103978857,0.4256524953344476,0.6276243093922176,0.9560045568652652
0.6772025917097086,0.30056842910734216,0.27203493301476134,0.41525809279816284,0.6537696557585377,0.9601313754743207
0.6905835502392534,0.3012459937446114,0.26767236460665716,0.4158408277146901,0.6489077773055669,0.9565222362952677
0.688586250982465,0.2970940722707035,0.26662459859963555,0.42862223953903467,0.6207394815128282,0.9567196742468601
0.687067732210958,0.292437441018484,0.2638499056462076,0.39942898728772236,0.6360390990224687,0.956957972885013
0.6864872807642608,0.29356941500670347,0.2625865710266106,0.42700102533548767,0.6264683382914882,0.9572815806638878
0.6840249437577173,0.2978004104654017,0.2691882081154841,0.41036887735711325,0.6279643008924722,0.9574346808948871
0.6825060589054179,0.28993222107274336,0.25922928783858434,0.4463041442638016,0.6277943051422881,0.957673090266608
0.6665608230099966,0.2898341777062591,0.2617356405453622,0.4304394591632279,0.6288992775180304,0.9618000196092316
0.67994177559464,0.2899249745997982,0.2591915565031341,0.42988988156563046,0.6251933701656753,0.9581909911637465
0.6779444137599384,0.29002941177627484,0.2614145302139971,0.440787997384106,0.6198895027623621,0.9583881412080623
0.6764259700819273,0.2927456380005399,0.2627208732881844,0.4290384333829953,0.6365490862727938,0.9586265505797832
0.6758454904751687,0.2889445409349556,0.26055093482388225,0.42834812579942394,0.6231704207394841,0.9589501251385877
0.673383139701484,0.286977920052362,0.2599240163015659,0.42932759697155753,0.6034849128770929,0.9591033250297979
0.6718642454624977,0.28520504085612586,0.2574126503094713,0.4299436480444707,0.5926731831704046,0.9593416236679511
0.6559189789038995,0.28898077455123095,0.2638287978336587,0.42807405176917723,0.6141606459838158,0.9634686083773585
0.6692999402494508,0.28683469162833736,0.25886886316882923,0.4406540576993738,0.6013429664258183,0.9598594138315216
0.6673025784147493,0.28749733643398223,0.26172719764167973,0.4384214384185001,0.6029749256267678,0.9600566746094054
0.6657841034477809,0.2846146490892348,0.259875731613184,0.44511854178320553,0.6046748831279274,0.9602950950544831
0.6652036826642616,0.28456307093687333,0.2601477653120231,0.4343093352306997,0.5767955801104563,0.9606186585399306
0.6627412837055839,0.28191035943113707,0.25826094245248676,0.4370375670835105,0.5778155546112203,0.960771858431141
0.6612224082399711,0.27812396914765425,0.25554482636259435,0.4500958325935811,0.5766595835103772,0.9610101570692939
0.645277182044127,0.27840126071822724,0.2524999449977306,0.4314054291516052,0.5903952401189372,0.9651369756783497
0.6586580748668629,0.27752015004007285,0.2535717234240654,0.4492760724834082,0.585176370590716,0.9615278364992966
0.6566607318055353,0.2733737693556189,0.24950176797435425,0.4528339520780249,0.5966850828729093,0.961725219084105
0.655142266225254,0.2781766146931438,0.25609443515591007,0.44577402425455914,0.5663238419039089,0.9619636284558261
0.6545618423128396,0.27823629216019596,0.2552625020379613,0.4288884908245758,0.5790395240118187,0.9622872030146304
0.6520994871587003,0.27906326616075217,0.2578955038334036,0.4501680242173116,0.5747556311091557,0.9624523510578188
0.6505805209551143,0.2770184234199426,0.25491553289319413,0.46771912629710144,0.54840628984266,0.9627032733227141
0.634635293820601,0.277266089914408,0.2548068242831765,0.4555015080226614,0.5694177645558511,0.96684282629208
0.6484908347961178,0.2727036645984033,0.2490550632256066,0.44142291040491366,0.5788355291116432,0.963287060692762
0.6469481518763036,0.2768813769364201,0.25602319338350804,0.44006294410704516,0.5691457713555792,0.9635416371653986
0.644969938570163,0.2717554154288691,0.25000361886158623,0.45469441519960085,0.551177220569457,0.9637484874702638
0.6429686499714053,0.274222697326393,0.2525392611068174,0.463277514806927,0.5482872928175766,0.9640015136729494
0.6414501624888551,0.2703883530209854,0.2513215728373694,0.46907150810644826,0.5506842328941275,0.9643977183789494
0.6255045295365744,0.27152011156385825,0.2518099664289167,0.44403546888042666,0.5679558011049721,0.968718387171997
0.6393545683490709,0.2690754255027717,0.2476051834846932,0.46320552173001617,0.5636379090522041,0.9653420542461282
0.6378268994350895,0.26956351023082903,0.24869147277130912,0.4677197219375613,0.5414364640882923,0.9657743580952682
0.6362825165862627,0.2697657785467141,0.2518228947289322,0.44006755039326784,0.5510242243943821,0.9662096517507421
0.6345648561214614,0.26816703282839977,0.2504352859677546,0.4555058760527002,0.5456863578410776,0.9666894603005178
0.6332432562757706,0.26579523702367314,0.25003185262207217,0.447810121893055,0.5284317892052286,0.9670687227706267
0.631712912155999,0.269318188604182,0.25102711038616815,0.44675015984011757,0.5330386740330368,0.9675005836854952
0.6301712420597108,0.26231874833298047,0.24288509235755307,0.45910421948922076,0.5532681682957445,0.9679361541748887
0.6286202544250306,0.2649554739727897,0.24624475049266314,0.4792134385064959,0.5340586485338008,0.9683453036349776
0.6271327139108034,0.2605720855277619,0.24387085254668472,0.47402350405196336,0.5372545686357171,0.9687111230499417
0.6256050449968225,0.25986851790658355,0.24433945749479954,0.45610044435969566,0.5332426689332124,0.9690888352500997
0.6240614694030757,0.2607585807411742,0.24648116286262706,0.46695746098644353,0.5155121121971433,0.9694696479901593
0.6220967194220783,0.2607624176350652,0.24220461136370344,0.4765575968242357,0.5048193795155385,0.9698043291258255
0.6200807969783106,0.25961957393742807,0.2436848342076665,0.4596806406168741,0.5433064173395223,0.9701389216746376
0.6185622594334297,0.25609875177939084,0.24149774588083908,0.4731373498852023,0.5040373990650551,0.9705163016740919
0.6170437656930883,0.2561119663566268,0.24072570990222786,0.4714205552425357,0.5068593285167253,0.9708935709399782
0.6155252813394325,0.2592482874061664,0.24349644313493543,0.4547881292986131,0.5080152996174547,0.9712709509394325
0.6140067782124041,0.26059595615699715,0.24433127798226617,0.46122454068873586,0.4998555036123662,0.9716482202053187
0.6124882813431665,0.25503476823033266,0.23982860407516127,0.47065273498045923,0.5168890777730439,0.972025600204773
0.6109697437982855,0.25630251122738446,0.24232070709943615,0.46484754364029324,0.48334891627700927,0.9724030244976545
0.6094512156400911,0.25228998199878144,0.23961989647001408,0.49738833498517687,0.51406714832126,0.9727801387365459
0.6079327344153325,0.2505124148548369,0.2355813399013199,0.4790514243014239,0.472962175945554,0.973157518736
0.6064142469327822,0.2547585440528878,0.24104048888584523,0.4838867938449056,0.4923586910326776,0.9735348433686704
0.6048957625791274,0.2506447716027228,0.23739665826131648,0.4798039564583647,0.4997025074372914,0.9739122344414815
0.6033772312920371,0.2522322229786748,0.2381011499037825,0.4880709298189805,0.4691032724181241,0.9742895480007949
0.6018587281650083,0.24847929377122652,0.23676762928975092,0.48220478460509275,0.4793880152994916,0.9746668172666814
0.6003402469402492,0.2487371916847465,0.2359098395717711,0.482122665640365,0.45864853378657244,0.9750441972661357
0.5988217187820548,0.2487504062619825,0.23513120442752108,0.48948835556654013,0.4733701657457914,0.9754215772655898
0.597303212526131,0.24607936491646498,0.2366802940968023,0.4827096891682028,0.47214619634507926,0.9757989018982601
0.5957846280478147,0.24792215210484383,0.23698610228775352,0.4869373466052087,0.46743731406706956,0.9761762265309304
0.5942661030185161,0.2448640529135202,0.23329688870422485,0.4609296589517593,0.46459838504028994,0.9765537172639527
0.5927476530827138,0.2416968275252546,0.2334293434650243,0.4886303553388467,0.4534976625584477,0.9769308093561303
0.5912291436978934,0.24087006807608094,0.23218527181324705,0.48499734562756447,0.46255843603910307,0.9773082557957253
0.5897106280552817,0.24360249257214175,0.23391773926994258,0.46721112440360013,0.4598385040374069,0.9776855804283957
0.5881921468305227,0.23959827184582738,0.23263830901642793,0.4896919057663438,0.43308117297067383,0.97806296042785
0.5866735623522068,0.23812783858183828,0.2307625678414812,0.4687536743570866,0.423153421164443,0.9784405065276561
0.585155093643031,0.23902791917806512,0.23044172200795066,0.4683553497269206,0.4155036124096796,0.9788178865271104
0.5836365498403575,0.23813998397801794,0.2330979442785621,0.4986575653863323,0.43654908627274835,0.9791952665265645
0.5821180873889729,0.2328499103300376,0.2261134550955939,0.4869409998666958,0.4319592010199358,0.9795728679931547
0.5805995404574049,0.24009680343828604,0.23294886488817582,0.5033799220799036,0.4319592010199358,0.979950247992609
0.5790810498459589,0.23545296034242974,0.231198455846148,0.4964704530365891,0.4537526561834966,0.9803277830190583
0.5775624810121207,0.23716999717757659,0.22866044086720405,0.4913656157490831,0.426009349766332,0.9807051740918694
0.5760439716273007,0.22979841932129605,0.22533587572931124,0.4815807519500177,0.4148576285592753,0.9810826094581075
0.574525493531437,0.23210392947638844,0.22856070194316708,0.4937980525495458,0.4113897152570871,0.9814601001911298
0.5730069685021388,0.2332152287570084,0.22939553900386883,0.5026252456173075,0.41212069698258347,0.981837590924152
0.5714884184416746,0.2275278613743468,0.22291791178007836,0.49121861168359904,0.3964300892477013,0.9822149709236062
0.5699699090568551,0.22909399707044392,0.22429470601054616,0.4860885589499604,0.4385040373990705,0.9825924616566283
0.568451437218783,0.22759265589187241,0.22776016991960635,0.4849482251443109,0.41376965575852864,0.9829698416560827
0.5669328840294234,0.22826126951697942,0.2268411649998581,0.5002866420439489,0.40132596685077715,0.9833473323891049
0.5654143433556462,0.22188824061394025,0.22208307914611863,0.49265370809813325,0.38617934551632516,0.9837247677553431
0.5638958339708262,0.22494357209242918,0.223110791569199,0.5050225396306403,0.41353166170847544,0.9841021477547974
0.5623773058126318,0.22495657033035443,0.22424246160144384,0.4876646236066533,0.39382915427108856,0.9844796938546037
0.5608587588810643,0.22213761547378902,0.2188793574247552,0.48798019392226766,0.38024649383760334,0.9848572953211937
0.5593402745274094,0.22443523550178868,0.2227965415812508,0.4952567363262892,0.38742031449214664,0.9852392153969324
0.5578217182091545,0.21989583065516594,0.22223505805251592,0.4984571125169197,0.38385040373987067,0.9856210247391033
0.5563031806642735,0.22034320604631547,0.22057937243583733,0.49505104182083004,0.37183170420735223,0.9860029448148421
0.5547846931817233,0.22071214860372287,0.22332979134949982,0.5107956855140676,0.3592690182745173,0.9863847541570129
0.5532661994413806,0.21636691097036623,0.22038807742035327,0.5010514443943623,0.36348491287708384,0.9867666742327517
0.5517476556387089,0.21519955477727443,0.21677512110791433,0.5199483365290769,0.37523161920944403,0.9871484835749226
0.5502291274805144,0.2156639834274791,0.21866853826367327,0.48943498618133985,0.33637059073521414,0.9875304036506614
0.548710589935633,0.21539969188275956,0.2204292394808547,0.49443959703413953,0.3573990650234009,0.9879122129928322
0.5471920261080285,0.21360144913725138,0.21540967261719654,0.5028974533074466,0.34611134721626513,0.9882941995087119
0.5456735117169749,0.2167407542389364,0.22088465163111937,0.5025646491278613,0.33637059073521414,0.9886759424107419
0.5441549726076471,0.2160354809342669,0.22027224728914063,0.49582549354669236,0.31981300467487017,0.9890578624864805
0.5426364428850041,0.21285333349734598,0.21670256016639589,0.5201754740910896,0.35906502337434176,0.9894397825622194
0.5411179191072644,0.21088394490191767,0.2177044159894452,0.5081207436277293,0.35066723331908634,0.9897678307571675
0.5395993803108254,0.2071712977165404,0.21491204484183402,0.5238084838023718,0.31869103272413213,0.990076113010243
0.5380808471463978,0.21047066887716576,0.2170975495017104,0.49387969500190554,0.31806204844872354,0.9903772529481877
0.536562317736645,0.20650183482554418,0.2153756353979466,0.5102916545569653,0.3010114747130501,0.9906783928861326
0.5350438061615987,0.20605850909174,0.21452365135210183,0.5015581358788519,0.2993965150870963,0.9909796435576452
0.5335252714327234,0.20991821694641966,0.21399462248235135,0.505333702206852,0.3307437314066419,0.9912807281288061
0.5320067072922292,0.20371335520493966,0.2107415602946386,0.5085273675149686,0.336251593710017,0.991581812699967
0.5304882054167583,0.20044467561958595,0.2085399600008446,0.525328677383933,0.313472163195911,0.9918829526379117
0.5289696131162036,0.2020930810433162,0.20976028660852553,0.517483814562512,0.30701232469186834,0.9921840482824293
0.5274510802646657,0.2008455899088475,0.20981833447639187,0.5304241829709013,0.31180620484485644,0.9924852325138013
0.5259325690025083,0.3397603940221837,0.3204638234027418,0.5097037177137558,0.19175520611975116,0.9927863281583189
0.5244140267642834,0.4024147650828639,0.3677702770569443,0.5149034603811933,0.30136846578830045,0.9930875123896908
0.5228954751393724,0.42056331609758646,0.3910498890724855,0.5274488000366282,0.30738631534211436,0.9933886523276357
0.5213769857794843,0.46030763664536184,0.43879142506431057,0.5071659716799963,0.3835444113896074,0.9936898476323645
0.5198584529279469,0.508221823530129,0.4875031745273578,0.4149624565832706,0.809519762005948,0.9939909322035253
0.5201732805321053,0.48793239657577425,0.4594756338175997,0.7458925527351277,0.9315087122821524,0.10172012833421673
0.7872688025868273,0.48375682259987,0.45880015725558276,0.3532911537821761,0.8298342541436341,0.10530128514065773
0.799710607438989,0.5135080656480029,0.5437588980280944,0.698585953519316,0.9346026349340946,0.9309211890611626
0.8322412756876325,0.5238232848968092,0.5513341602782508,0.6965031179594057,0.9402464938376625,0.1055182011268464
0.8323138535514043,0.5248324988416907,0.5569249583565312,0.7264821788146811,0.9375265618358526,0.10551914236217368
0.8018553853154611,0.5283403245497309,0.5575449014401386,0.7609124608262161,0.9377815554611288,0.10575089664646294
0.7716193487076706,0.5285459899291727,0.5599657538385275,0.7585977622899789,0.9317467063323193,0.10578871215990591
0.771441927495172,0.5270269661408239,0.553453308075524,0.7438225035904216,0.933684657883532,0.10578937656131339
0.7715149299500856,0.5221349264297945,0.5470705437194556,0.7650835721289029,0.9351466213344111,0.10579011847621841
0.7717286519842745,0.5080427982806853,0.5346460290774089,0.7540361093924679,0.9331066723331105,0.10579033994335427
0.7716206396900209,0.514247552746474,0.5387137401689253,0.7308775686051734,0.9318657033574027,0.10579132547210872
0.8009892193871817,0.5086238034245905,0.5344076379537703,0.6948672907099109,0.9323756906077278,0.10576286694515454
0.8327348233088796,0.5061254062128144,0.5296974405950037,0.7001132947863948,0.9396685082872409,0.10552341667789518
0.8328073542392165,0.5112351619392713,0.5342075027345092,0.6808236770418368,0.9327666808329695,0.10552436898657927
0.8328798986238053,0.5077300181235129,0.5300676268948834,0.6972992112886416,0.937645558860936,0.10552533236862012
0.8329524671008905,0.5113142420030174,0.5348791413112106,0.7048865588845992,0.9366765830852728,0.10552629575066098
0.8330249698711674,0.5114926414775953,0.5334858685336421,0.7026302331134244,0.9336166595835493,0.10552724805934505
0.833097513317087,0.5114980767792863,0.5347995927574427,0.6868035101648229,0.936880577985562,0.10552817822131555
0.8331700473763206,0.5062889837627156,0.5331283427158867,0.7103381383384499,0.9356566085848499,0.10552911945664281
0.8332425908222412,0.5111930741097306,0.5355687281133574,0.701589172717745,0.9405864853378034,0.10553008283868368
0.8333151467837436,0.5101694852222193,0.5355749366190147,0.6968269478227298,0.9393965150870827,0.10553103514736774
0.833387624522854,0.5096671131600132,0.537224407089923,0.6832007589888995,0.929366765830764,0.1055319985294086
0.83346016390121,0.5093879102942076,0.5360915595443059,0.7037115190948235,0.9283127921801224,0.10553295083809267
0.8335326616652541,0.5065196086196591,0.5326562970825512,0.6659675303678354,0.9326306842327767,0.10553390314677676
0.833605189466696,0.5092808026681896,0.5362916925501959,0.6805777172412937,0.9393965150870827,0.1055348665288176
0.8336776828502854,0.5084102354025587,0.5345908829389245,0.6845149800994537,0.9284657883551972,0.10553579669078808
0.8337502200384144,0.5103206009126515,0.5354096199389666,0.6692063055134425,0.9407564810878739,0.10553674899947214
0.8338227196797949,0.5147597226551492,0.5395849893959608,0.6897335450054216,0.9383765405864324,0.10553772345486981
0.8338952318367583,0.5096258728084336,0.5351991947579229,0.709335794572659,0.9340416489587824,0.1055386646901971
0.8339677471226175,0.5125706906577069,0.5359720375102639,0.6878633530896685,0.9288567785804389,0.10553960592552436
0.8340402373773115,0.5107156436457443,0.5351093540290014,0.6846709584811996,0.9347046323841823,0.10554055823420842
0.834112746405379,0.5056343338567553,0.5292928142423518,0.6970026617583776,0.9403654908626322,0.10554152161624929
0.8341852814032809,0.5071919411353967,0.5351633160140004,0.6821436163008052,0.9340926476837694,0.10554245177821979
0.8342578060758279,0.5077939544355083,0.5344476114340444,0.6974851305308345,0.936472588185211,0.10554342623361741
0.8343302838149382,0.5066137072801825,0.5319734499951018,0.6874749955098636,0.9416914577135458,0.1055443896156583
0.8344027728180743,0.508625931059134,0.5340935185547111,0.6844236088529168,0.9333276668082817,0.10554530870427199
0.8344752161393325,0.5108243496795621,0.5360935294444965,0.6831767348236868,0.9428984275392622,0.10554628315966963
0.8345477063940274,0.5067862423503046,0.5311022007680662,0.6792283533436101,0.9397705057373287,0.1055472243949969
0.8346202185509899,0.5094700655944366,0.5355711074871834,0.6912547313210826,0.932528686782689,0.105548176703681
0.8346927025478936,0.5080943728571904,0.532487571811162,0.7077052486685749,0.9302167445813438,0.10554912901236506
0.8347651396113602,0.5119870107732328,0.5363943265635019,0.692786798002476,0.9335316617083436,0.10555007578437071
0.8348376955728636,0.5048056577485643,0.5271507137878007,0.6895463153542172,0.9355546111346484,0.10555103362973318
0.8349101451519134,0.5111363789068958,0.5347036873919792,0.71358151977028,0.9229409264768265,0.10555199701177405
0.8205560665923479,0.5134070405536799,0.53751782040327,0.6945175703412667,0.9345006374840068,0.1071381335652315
0.8355277788302082,0.5121278923627182,0.5366839018915335,0.6898660948624145,0.9317127071822142,0.10558412081982618
0.8351213258970458,0.5139722833226814,0.5365163607736299,0.6847618532153685,0.9445813854653125,0.10555489823125341
0.8351938286673222,0.5129735198180576,0.5377252044125587,0.6981707127000911,0.936880577985562,0.10555586161329429
0.8362045514525178,0.5123253690310599,0.5372787674817021,0.6883513811730837,0.9361665958350613,0.10561842607916624
0.8353329205950741,0.5091031469717378,0.5328618528473933,0.6927818343319776,0.938291542711454,0.10555782713412477
0.8354049333802904,0.512701448997793,0.537258714340435,0.6977982388658817,0.9300807479812647,0.10555877390613043
0.8210509114537365,0.505495376078,0.5289602331157751,0.683172247665556,0.9407564810878739,0.1071449215329447
0.8360224897748618,0.5089300844628004,0.5360094966010811,0.6867552235782133,0.938342541436441,0.10559091986089615
0.8356160962907175,0.5062276041880287,0.5295178919394207,0.6954160741202282,0.9393965150870827,0.10556167512560982
0.8356885709009334,0.5089639746415999,0.5350684597863911,0.67959943735008,0.9385465363365029,0.10556263850765069
0.8366992755385341,0.507725430299783,0.5320565620761809,0.7064503533478192,0.9327156821079825,0.10562520297352264
0.8358275564462327,0.5082185248026225,0.5290899145227106,0.6972993304167334,0.9377815554611288,0.10556463171187316
0.8358997119090912,0.5118053143590766,0.5350890352832143,0.6993422977751997,0.926442838929006,0.10556553972713005
0.8215455723360598,0.510700625048967,0.5350501242210206,0.7023259799665464,0.9318147046324157,0.10715170950065787
0.8365171775656886,0.5071167051172543,0.533026226631395,0.692895204566164,0.9344666383339018,0.10559768568189577
0.8361107465347959,0.5079859958021592,0.5310953393179638,0.6784223326733769,0.9388865278366438,0.10556845201996622
0.8361832305316987,0.5074339658224654,0.5310160563687161,0.6941322703824888,0.9408244793879703,0.10556940432865028
0.837193917647483,0.51045018279599,0.5329599937175677,0.687750816752126,0.9377475563110238,0.10563197986787905
0.8363222066903115,0.5186816682900459,0.5415587497056769,0.6952727233162306,0.9359116022098988,0.10557140860622954
0.8363942714151951,0.5104653158201715,0.5351480127669009,0.7003943576647036,0.9282617934551354,0.10557232769484323
0.8220401343452806,0.5126370764313197,0.5357287548367136,0.6927567380139372,0.9340926476837694,0.1071584863950143
0.8370117251819891,0.5102526060036698,0.534708955214961,0.6836879134663072,0.9380875478111648,0.10560447364960895
0.8366052566043485,0.514864906470437,0.5378824644221638,0.69351506773802,0.9351466213344111,0.1055752289143226
0.8366777249567732,0.515418842381579,0.5386632089089776,0.696978161080797,0.9416064598384537,0.10557620336972026
0.837688400808533,0.507028578136878,0.5297604995348157,0.6864451331548291,0.9426604334890953,0.10563876229891382
0.8368166792131158,0.5090894049556864,0.5342466926814489,0.6932398024268538,0.9375265618358526,0.10557816335387238
0.8368887314224169,0.5093033949287706,0.5331671209758204,0.6982797149042386,0.9350616234594327,0.10557909351584285
0.8225345671311106,0.5153083305402916,0.5408229941978249,0.6875406350885362,0.938716532086687,0.10716526328937068
0.8375061814345361,0.50580794168379,0.5287610208722213,0.6928960384628078,0.9313557161070776,0.10561123947060858
0.8370997034702095,0.5127713587778638,0.5329444337194322,0.6847311975863697,0.9379855503611907,0.1055820168820358
0.8371721029869286,0.5125949886017791,0.5341754442689339,0.6884109452190661,0.9351466213344111,0.10558295811736308
0.8381827488012905,0.5095780206984155,0.5334345404601342,0.7022016896572634,0.9358266043348067,0.10564553365659185
0.8373110666299586,0.5081530955705903,0.5316688237442649,0.6999254694947306,0.9322566935827581,0.10558494024822876
0.8373830844214076,0.5169648460062816,0.5397943521589241,0.6985857152631321,0.9295367615808345,0.10558587041019923
0.8230288387788129,0.5129728851035509,0.5387745636040266,0.6910656353297706,0.9427114322140824,0.10717202911037028
0.8380004274252948,0.5124204331728048,0.5391442186948663,0.6965350839974163,0.9300467488312734,0.10561801636496496
0.8375939870077151,0.5115760840861197,0.5386155860185249,0.7030855406809131,0.93106672333181,0.1055887827030354
0.8376664178133919,0.5115876984676275,0.5340927305946349,0.6861730843021461,0.938716532086687,0.10558974608507626
0.8386769753928962,0.5145417920883391,0.5365040876314304,0.6960127073141511,0.9330726731831192,0.10565229947759144
0.8378052791415334,0.510294166394395,0.5307424394456002,0.688535791459445,0.9357076073097232,0.10559170606922837
0.8378772249683824,0.5129136331634074,0.5390152012992311,0.7168079850130507,0.9272588185294808,0.10559264730455566
0.8235230810148981,0.5106989086379066,0.5323845393910759,0.6742443119413564,0.9350616234594327,0.10717880600472666
0.8384946374337541,0.508672506588426,0.5336688479142763,0.697318033527172,0.9396685082872409,0.10562480433267815
0.8380881688561135,0.5089169771612556,0.5310623600900523,0.7046827704286114,0.9380875478111648,0.1055955595973918
0.8381605120527111,0.5121279996384094,0.5371219058788771,0.6940605155617623,0.9377475563110238,0.10559651190607586
0.8391711290812331,0.5139407442694488,0.537318342555196,0.671676744175242,0.9405864853378034,0.10565907637194784
0.8382993818288713,0.5149214943975806,0.5341688484233515,0.6882806985051848,0.9318657033574027,0.10559848296358475
0.8383714402959641,0.5141250975448921,0.5384899904944569,0.7088469723019644,0.9340926476837694,0.10559942419891204
0.8240171696222052,0.5115603145595033,0.5346142340029827,0.7026366263210264,0.937594560135949,0.10718557182572629
0.8389887119610302,0.5148525340073775,0.5401109748805852,0.6910148470532298,0.939005524861841,0.10563155908032097
0.8385822465122854,0.515498673375164,0.5380464530796113,0.6851031551988471,0.9329706757330314,0.1056023364917482
0.8386545731257362,0.5100746356318568,0.5351458967842242,0.6982909526542473,0.9373905652358872,0.10560327772707548
0.8396651526075098,0.511187316980966,0.5328358568049891,0.6929322534027651,0.9379855503611907,0.10566584219294745
0.8387934366441052,0.5157310933120078,0.535892477889641,0.6890580490146183,0.9397705057373287,0.10560524878458437
0.8388653636975798,0.5094572819078939,0.5321755529011827,0.7035910408844832,0.9398215044623157,0.10560616787319806
0.8245111765653341,0.5150667456835569,0.5429694549932476,0.6844174539014987,0.9416914577135458,0.10719233764672588
0.8394826791671854,0.5191227501739744,0.5411964784204959,0.6953961400195061,0.936506587335316,0.10563832490132058
0.8390761824294848,0.5095024628531994,0.536254751388193,0.6923438400471873,0.9365745856352987,0.10560909123939101
0.8391485099816038,0.5105983126463487,0.53289232211259,0.7111181493752705,0.9363705907352369,0.10561004354807507
0.8401591270101254,0.5133192246728082,0.5330057795100898,0.7080598135796257,0.9314577135571653,0.10567260801394705
0.8392873181185188,0.5101963399035999,0.5325410025871208,0.6905148664512539,0.9333786655332688,0.10561202567894076
0.8393592670742636,0.5175081258654244,0.5413423838368671,0.7244586293352056,0.9331066723331105,0.10561296691426802
0.8250050289410189,0.5182426067649696,0.54160716940969,0.709600060390001,0.9362685932850354,0.10719912561443909
0.8399765449971208,0.5129283299331111,0.5400754945434428,0.6801766526650126,0.9313557161070776,0.10564509072232016
0.8395700357438374,0.5166179593309987,0.5383060814980023,0.6982224142920039,0.9435614109646622,0.10561587920710419
0.8396423570381653,0.5123155622449498,0.5341813761032159,0.6900412528669664,0.9414874628133703,0.1056168093690747
0.8406529534159755,0.5119277588330894,0.5364934059029807,0.6932282072925691,0.9354016149595736,0.10567936276158987
0.8397811235607691,0.514664980340478,0.538513341558515,0.7001617402104605,0.935860603484798,0.10561879149994037
0.8398530193252864,0.5219055888811464,0.5453382046382782,0.699913794941718,0.9338886527835939,0.10561972166191086
0.8254987786889263,0.5148620279060547,0.5380265327406044,0.7027984419792785,0.9272078198044937,0.10720555923473493
0.840470268149415,0.5149422701231228,0.5407017457344024,0.7031836228099642,0.9381385465362655,0.10565185654331978
0.8400637276071752,0.5168461275746121,0.5420070370146901,0.7217021641245991,0.9353506162344729,0.10562261180803345
0.8401360902029253,0.5162202454331933,0.5366617460478158,0.6848105766049821,0.9297917552059971,0.1056235530433607
0.8269721650178483,0.48834269033630895,0.45318784521117483,0.6955669697033835,0.9284147896302102,0.10525135537488486
0.8409927129994368,0.45929150341839353,0.41176957816291704,0.683735683831185,0.924572885677776,0.1056421895028408
0.840334778206349,0.43231179221957305,0.37809146507763153,0.6970421725755458,0.9319677008073768,0.10562617742892029
0.8259563067762041,0.4354982020772936,0.38507041640635575,0.6621367680238919,0.9433064173394996,0.10721068619892941
0.8238488247102409,0.3984736367664403,0.34986881571415496,0.31732614456186026,0.796498087547775,0.10515559298535199
0.8396778008553336,0.400543948544285,0.35197964787657815,0.3147856188726219,0.8078198045047884,0.9358346589366864
0.8381590880922953,0.3988319196959922,0.34764504850978817,0.2995196715622621,0.8216234594134448,0.9361124894585852
0.8375786153691083,0.44125036040162446,0.3859101317367432,0.6808150998192153,0.9398215044623157,0.9364751861869337
0.8213043041302432,0.40014314331864287,0.3496798934323837,0.3239671385952503,0.8137186570335189,0.10507506753476421
0.839799727661485,0.3987865224113759,0.34962474729389936,0.337197504488846,0.8060688482787555,0.9358436837224715
0.8238544883242782,0.39642676830299406,0.3472519029125173,0.31124386127978454,0.80839779005521,0.9400090265398047
0.8372349499851923,0.43922554960823096,0.38142579782175073,0.6900755617574523,0.9424564385890335,0.9364401500860455
0.8214258889480979,0.39875284499603064,0.3509276592003613,0.3076761337628986,0.8034849128771384,0.10507547171228708
0.8399217014010709,0.39835907169195117,0.3482511203973337,0.32981851192573464,0.8204504887377198,0.9358525977746884
0.8393411992662645,0.39893230828788034,0.3499070716185324,0.3049074380681842,0.8159456013598856,0.9362155824103138
0.8368783966800462,0.4344927249023246,0.3829883425733457,0.6885497691555689,0.942626434339104,0.9364080373513503
0.8215477378447469,0.40281290808343434,0.35531477079414464,0.329460373171925,0.8021079473012378,0.10507587588980999
0.8256170819210107,0.39772317715268074,0.3500901860147976,0.3178299769721429,0.821759456013524,0.9397488248019181
0.8389975320050116,0.39806675616081616,0.35052844453980625,0.3011406078002612,0.8100637484061508,0.9361804245025008
0.8369999511476136,0.43434362957074457,0.37934926184298456,0.675934977822519,0.937594560135949,0.9364170621371352
0.8216696083307764,0.400992071289417,0.34960363837466496,0.3151228705009739,0.812409689757601,0.10507629667736806
0.8411038188328308,0.3981746039891038,0.350949826110934,0.3111664280200075,0.804079898002442,0.9359556907264175
0.8386409317664301,0.3965075468985185,0.34745559944571874,0.31883009701355003,0.8107097322566688,0.9361483671345895
0.8371218404070162,0.4352927333699525,0.38561632887010017,0.7065283425386919,0.936472588185211,0.9364260869229203
0.8073649522426374,0.40029127316900154,0.3505160496622019,0.3196055811828762,0.8043008924776132,0.10665875687637075
0.8407600264157513,0.3957141430376163,0.3485089072910521,0.3302559899887929,0.8104207394814011,0.9359206435521724
0.8387624674606231,0.3958374439292311,0.34634794006209035,0.32539933622621353,0.8123416914576183,0.9361573365535907
0.837243770342063,0.4394721478156041,0.3829883425733457,0.6720687153071698,0.9381385465362655,0.9364350563419213
0.8228517029215987,0.3988796627423908,0.35283453365180495,0.32783761030318237,0.7942201444963075,0.10513872826295853
0.8404034261771698,0.4040666873613395,0.3541981339777371,0.32838043730890143,0.805150871228193,0.935888586184261
0.8388843316888615,0.39847640626720326,0.35019414362396206,0.33884623728163676,0.8029239269018262,0.9361661952390238
0.8229390576209132,0.43887909203571324,0.3843862435096768,0.7057220439029113,0.9457883552910289,0.9403305525276027
0.822507892669814,0.39988269045574254,0.35121394103234366,0.3239615792842918,0.79694007649789,0.10510777823072628
0.8405249024223465,0.397848396491241,0.3506727784627669,0.311878814009956,0.8057118572035051,0.9358974448696942
0.8390062053037863,0.39802093156136303,0.3480244689934832,0.3069183996792755,0.8117977050573018,0.9361753861251607
0.8384256981627463,0.44011742182614766,0.3876378515126421,0.6853360506186381,0.9435614109646622,0.9365381492936503
0.8221512317306559,0.4031370880707322,0.352871740418328,0.3242542372968851,0.8069358266043309,0.10507802412102753
0.8406467165882532,0.394345798685222,0.34787829575922097,0.33117105257253754,0.8027709307267514,0.9359064142886953
0.8247015013435437,0.4002644184876209,0.3508152575808289,0.3391503315910587,0.8131576710582067,0.9400703286430024
0.838081920138587,0.4365083636241147,0.3857820328900733,0.6796498682423449,0.9414364640882695,0.9365029803124805
0.8222727617928376,0.40230968675533907,0.3530944321014581,0.31773038588726044,0.8070378240544187,0.10507841168851524
0.8407685589142213,0.4003866537740357,0.35033873651132974,0.30573180446457937,0.8084997875052977,0.9359154944412643
0.8401881694196587,0.40023980050440316,0.350621848796039,0.3213637132734546,0.8010539736505962,0.9362782576097538
0.8377252760954668,0.4387246794057027,0.3820257984326411,0.6986960675856553,0.9403654908626322,0.9364709340179258
0.8223945183870645,0.4015995127395069,0.35123900745892744,0.341474679502745,0.7827114322141142,0.10507881032935973
0.8264638853042672,0.4002631401189666,0.3523450864956613,0.33461468832695984,0.8053548661282548,0.9398101601251863
0.8398443112957708,0.3973696894465286,0.34934294975156455,0.30982488686702925,0.810981725456827,0.9362431993621518
0.8378467110392194,0.4384706148102173,0.3834564196324768,0.6999756621308117,0.9420484487887961,0.9364798369967862
0.8225163588356956,0.394711757190484,0.346826043691855,0.3186716169418733,0.8001359966000336,0.10507924219027459
0.8419504979989294,0.3968646605230355,0.3473653603100171,0.3094964904268467,0.8003399915000955,0.9360183659258573
0.8394876040489572,0.3974052835208912,0.3484862113848101,0.33343265968912283,0.8137186570335189,0.9362111530675973
0.8379684970450656,0.43713168902822497,0.38707993151121844,0.7014562654764767,0.939056523586828,0.9364888728559282
0.8082116805323971,0.3997632246700906,0.348035287950935,0.32377990894404607,0.8047938801529426,0.10665884546322507
0.841606595444722,0.3965427154459724,0.3467020351547945,0.30331044657666983,0.8128516787079434,0.935983329824969
0.8396090302318027,0.4015000860529837,0.3520949512254926,0.3094607519992574,0.8137186570335189,0.9362199674596033
0.8380902736642248,0.4392460035066993,0.38693256969672873,0.7069946098906417,0.9457883552910289,0.9364979530084971
0.8236983276449119,0.40227931521921306,0.3509181616253969,0.3360636830188901,0.8014619634508335,0.10514167377586507
0.8412499075970623,0.3971211710042818,0.3485318621617012,0.3141944655709292,0.815979600509877,0.9359513056771279
0.8397307755620056,0.4023921728222829,0.35318968452247645,0.3337665360215356,0.8120696982575737,0.9362290919055994
0.8237855747102154,0.4370767996328597,0.38420998835014303,0.6912186355092174,0.936880577985562,0.9403917328238758
0.8233544063173306,0.39960273308424155,0.35011287749429754,0.3197290375955155,0.80520186995318,0.10511071267027604
0.8413712868464729,0.39843282015384124,0.34869439663440116,0.31452369590775553,0.8000339991499459,0.935960230802702
0.8398525365366867,0.4020846134154188,0.3527540599089587,0.3082394508004356,0.8099107522311897,0.9362380613246006
0.8392721645639396,0.4363446787985223,0.38259651614519125,0.676409663559634,0.9341946451338572,0.9366008244930902
0.8229976680944509,0.39732354480792986,0.3497867527709302,0.3213959572770131,0.8101147471312515,0.10508095856057728
0.8414930415633628,0.4018969471090435,0.3516376931238132,0.3201359791576668,0.8030259243518003,0.9359692002217029
0.8255477656180767,0.39871821282703307,0.3499131406818165,0.32211787351431864,0.8071398215042791,0.9401315643060595
0.8389281762779914,0.4388229260596219,0.3836582702142636,0.6718032979182722,0.9359966000849909,0.936565721952061
0.8231190035393223,0.39464248748870434,0.3466788124662543,0.3006646513634985,0.8124946876328067,0.10508135720142177
0.8416147587335043,0.40046146426526935,0.34910891232868446,0.3266534770690537,0.8099617509561767,0.9359782803742721
0.8410343304406354,0.3988216891709016,0.34997963034667984,0.3220326969285643,0.8049978750530045,0.9363410435427617
0.8385714070790442,0.44067371780249753,0.3883397048168752,0.686910725447591,0.9378325541861159,0.9365337199509337
0.8232407297832611,0.4004829909206504,0.3526057729053907,0.3318257011472474,0.7875223119422117,0.10508175584226627
0.827309959029054,0.4000920961809532,0.3518894087408765,0.3143522308740545,0.8153336166595864,0.9398713404214593
0.8406903265102086,0.39678409469096537,0.3508305608279282,0.3226495818981212,0.8192945176369903,0.9363058302681645
0.8386927081060631,0.4366244180427844,0.3875245269174023,0.6685000744749121,0.9464513387164288,0.9365425786363669
0.8233624219222375,0.39974958456594595,0.3509189495854732,0.31329826493507906,0.8044878878026793,0.10508217662982434
0.8427964838017488,0.39771273565206405,0.3492418938717821,0.3112400491808416,0.8041478963025384,0.936081262592433
0.8403335291512004,0.3985011315261122,0.3484440023998253,0.3303585989853386,0.8031789205269888,0.9362738282670372
0.8388143783427702,0.43651560473327533,0.3846110467487417,0.6956173211769205,0.9331746706332069,0.936551658788936
0.8090576519422967,0.3996017711788765,0.35244904410482575,0.33550945942570665,0.80839779005521,0.10665893405007941
0.8424524485823657,0.40099654647367106,0.35176302304336116,0.3203226131684114,0.8112877178069766,0.93604610468462
0.8404548583382803,0.40129227515971655,0.3519543202722163,0.32150547570289256,0.8077348066296963,0.9362827976860383
0.8389360923840163,0.4445222332267216,0.39077507692902913,0.6727182016645612,0.9463663408414504,0.936560628207937
0.8245441379166847,0.39887049782250017,0.3478429393708546,0.3127467812880105,0.79694007649789,0.10514460821541483
0.8420956293210873,0.3990244902893866,0.3495144550169307,0.313908756697034,0.8002379940501214,0.9360140030232814
0.8405764847704478,0.4010228701403799,0.350641640759528,0.33261718819026065,0.8070378240544187,0.9362917671050395
0.8246312951826829,0.43899599750820023,0.3874214878572032,0.681477213754355,0.9469103272417669,0.9404529131201487
0.8242001195933377,0.4013028239360245,0.3532833521698583,0.3276116640220892,0.8104207394814011,0.10511365818318258
0.8422168928013583,0.4008742039115649,0.35200154696925984,0.30814585582951537,0.8014619634508335,0.936022950295569
0.8406981237181976,0.40207331728512835,0.3519799112677272,0.3250600197109341,0.80520186995318,0.9363007365240406
0.8401177141987035,0.4403267238515235,0.385436116203217,0.6929953912915061,0.9440713982149873,0.93666349969253
0.8238432693559932,0.40049077019619544,0.3506722472537267,0.32406005850698283,0.8096047598809264,0.10508388192677023
0.8423385348780044,0.4032612400161643,0.3560406303202522,0.3433918475960964,0.8056608584785181,0.936031875421143
0.826393276767424,0.39940323605704764,0.350502061157477,0.30304880157735137,0.8111857203570025,0.9401926892355484
0.8397735763515435,0.44584133982475227,0.3921840646407032,0.7116743584366536,0.9416064598384537,0.936628397151501
0.823964508430878,0.40040103944423466,0.3504635396485795,0.31253449502812947,0.8023119422014133,0.10508428056761472
0.842460130646995,0.39934472968295853,0.3512503576254194,0.33058085229558043,0.805150871228193,0.9360407784000033
0.8418797255079538,0.39709378352030117,0.3474988708487839,0.318998504426224,0.8154696132596655,0.9364036080086336
0.839416713285726,0.43937207926286154,0.38682399278228563,0.6907728581890853,0.9532851678707175,0.9365962844168056
0.824086116715451,0.402437568318971,0.35443850606842137,0.3420076982955591,0.7995240118997344,0.1050847013551728
0.828155250842816,0.39590021272411996,0.3478049424308842,0.3136790777357259,0.8064258393540058,0.9399324653509483
0.8415356076857248,0.3990725533749308,0.34831312577254947,0.3275981628383333,0.8134636634083563,0.9363685054676045
0.8395379517348323,0.4414305656836721,0.3883948509553595,0.6913760434280665,0.938716532086687,0.9366052095423796
0.8242076718087974,0.39803968871598117,0.35088623596208174,0.3034757963683168,0.8009009774755214,0.10508509999601731
0.8436416723619526,0.3968870400201621,0.3504669703736307,0.3231673920045275,0.8113387165320773,0.9361437606181642
0.8411786257218732,0.401679545768977,0.3518416508347928,0.33916510347446227,0.8106247343815767,0.9363363927329091
0.8396594968157114,0.4404501302309013,0.38861226596202375,0.6867455344934001,0.9374415639608742,0.9366141678880238
0.8099028057717601,0.3986232559609794,0.3488305455114009,0.30715887958758814,0.8055078623034433,0.10665901156357695
0.843297529508559,0.4024455603579704,0.35488309704786325,0.3212867565260453,0.8082447938800215,0.936108613783708
0.8412998704287702,0.39788612177600347,0.34918885928923254,0.32306629196381365,0.812443688907706,0.9363453621519101
0.839781082572236,0.441474369924273,0.3868910092294472,0.6850613809479316,0.9515682107946759,0.9366230819402411
0.8253891847379151,0.40220642496285314,0.3538920601822657,0.32333921442250446,0.8024139396515011,0.10514752050825098
0.8429405976070385,0.39782633703326004,0.34778436250731903,0.31623532833310386,0.8127496812579693,0.9360765010490126
0.8414213998651716,0.4030931837061527,0.35106803118923047,0.3165270333209613,0.8118487037822888,0.9363543315709114
0.8254761683502045,0.43716983447611146,0.3846664562783751,0.6790867100422637,0.9460943476412922,0.9405140380496377
0.8250449599074559,0.3987869479382846,0.3500194732380648,0.30339081832938186,0.8073098172544633,0.10511658154937553
0.8430617390603774,0.3998979289676871,0.3502239599447135,0.326587360978013,0.809570760730935,0.9360854704680138
0.8415429073993042,0.40023436699064047,0.3501218482869637,0.32106914921138996,0.8158096047598065,0.9363632456231284
0.8409625179047415,0.44059388680891254,0.38667412100508114,0.6863870383553146,0.9400764980874783,0.9367260198649748
0.824687965428021,0.4003383797129653,0.3496598402911167,0.31776612431484974,0.795886102847362,0.10508681636631999
0.8431832559811969,0.4029661514084101,0.35298994549662444,0.32815449102780825,0.8003909902251962,0.9360944398870149
0.8272380326013593,0.39765870446222895,0.35078913537627765,0.29509862952263344,0.7968040798979246,0.9402538141650376
0.8406182498955217,0.44091083283876265,0.38977045439222885,0.70060171996345,0.9388525286867662,0.9366908508838049
0.8248091034395753,0.40288643841808547,0.35070364834811474,0.32097436295955006,0.8107097322566688,0.10508720393380767
0.8433047478708509,0.4018518680756447,0.3532888944508442,0.32616489305454244,0.807785805354797,0.9361034093060159
0.8427242907921428,0.4033304060181091,0.3516524673752434,0.30656323912776484,0.8200934976624694,0.9364661724745055
0.8402612929628352,0.4368672902078141,0.384942711539724,0.6854626837803965,0.9412324691882077,0.9366587381491096
0.82493058781988,0.3991255207474942,0.34927514091758477,0.3300883370540346,0.8071398215042791,0.10508761364800898
0.8289997820220423,0.40234911951152086,0.35410789705540646,0.30213790847682565,0.8035359116021255,0.9399935902804374
0.8423800653359033,0.39874432015443123,0.3517949487066764,0.3351229681860093,0.8052698682532764,0.9364310699334765
0.840382399998322,0.4393306261478276,0.38791635334555674,0.6952984152747312,0.9475563110921712,0.9366677075681109
0.8250520415370071,0.4002056975621492,0.3523353233161769,0.32387421868351796,0.7985720356990669,0.10508803443556705
0.8444860843302542,0.403448909898396,0.354294968959021,0.3232709143164447,0.8115937101572399,0.9362064468909609
0.8420230395675112,0.3992587285491975,0.3517239747521655,0.3225614271100674,0.8094177645558602,0.9363989571987811
0.8405038950168722,0.43574777897302763,0.38503875413418964,0.7197085555055702,0.929281767955672,0.936676676987112
0.8107470293805421,0.40081388815414976,0.3508318799970447,0.3083645352969986,0.7881852953674979,0.10665906693036091
0.8441418119405806,0.4004342895447431,0.3500094466674313,0.31414478915657984,0.8083297917552272,0.9361711339561528
0.8421441466029997,0.39620670473785596,0.3465078339831864,0.3094110358755442,0.807785805354797,0.9364078158842144
0.8406253681331526,0.4455643629295404,0.39693687160460583,0.6885619599303134,0.9425074373140205,0.9366857571396809
0.8262332634788292,0.40319133202402163,0.35665884033436596,0.3210643046689834,0.8084997875052977,0.10515043280108714
0.8437847792886184,0.4000670526708268,0.3521295174404117,0.3208111574735586,0.8115937101572399,0.9361390655148847
0.8422655596444835,0.4008435141242215,0.3513295077724072,0.3286266353656282,0.8114917127070385,0.9364167853032154
0.8263203084174733,0.44820760020380956,0.39659993013715766,0.6777207873397972,0.9446663833404045,0.9405750522455589
0.8258888997254017,0.40222762979116033,0.3539086870252236,0.32653990828804713,0.8020399490011414,0.10511948276885491
0.8439058300039837,0.4046365108023582,0.35579155304142185,0.33407833394757125,0.8164555886102107,0.9361479906404586
0.8423870108584932,0.3987841784375217,0.3502954651082646,0.32375747315339254,0.8115937101572399,0.9364256439886485
0.8418065763078331,0.4401098588899133,0.3867411418789846,0.6914057460323297,0.939056523586828,0.936788517890706
0.8255318304653603,0.4007552745043693,0.35235669562656036,0.30217614859434616,0.8096897577560185,0.10508971758579935
0.8440272186400812,0.40148207446441986,0.3524535306078443,0.3276269124178608,0.8091117722055969,0.9361570043528867
0.8280819473881391,0.40254925482907783,0.3538767613619084,0.3259473651586149,0.8031279218018881,0.9403147176273908
0.8414622094255106,0.4442452652711506,0.3930055749946093,0.6823454987073212,0.9432554186143989,0.9367534817898178
0.8256528561495609,0.4016969190671778,0.3523200200690775,0.32572487359218893,0.807785805354797,0.10509009407993027
0.8441486635963007,0.40327413455425465,0.35339865551877275,0.30605106775104485,0.8160985975349604,0.9361658630383201
0.8435682259167447,0.4015592307174359,0.35198967444721163,0.3170005277771568,0.8298342541436341,0.9365286262068095
0.8411051805282233,0.441359692210308,0.3896522493139324,0.6876030184993618,0.9388015299616654,0.9367213026149815
0.825774184397972,0.4031309089909152,0.3547020964209038,0.3240425863868279,0.7982150446238165,0.10509050379413155
0.82984356914988,0.4031056509294062,0.3552664816790207,0.33047010287941747,0.8140246493837822,0.9400544937427906
0.8432238121009865,0.4053030987048284,0.355044843560487,0.3280287711814216,0.820348491287632,0.9364935236657805
0.8412261686656759,0.4409777549908317,0.39184224047682736,0.6767907940351932,0.9450913727156376,0.9367301613004148
0.8258955761629649,0.39803020018108853,0.351916582296653,0.3182654695670015,0.8065788355290806,0.10509092458168963
0.8453297879165782,0.4012017988417015,0.3561825848693869,0.31018513021713034,0.8015639609009213,0.936268800963054
0.8428667362702651,0.398603544052709,0.3498184172564673,0.3177305844340803,0.8153846153845734,0.936461521664653
0.8413474978527558,0.4399172811448061,0.3868429901455853,0.703956486161267,0.9282617934551354,0.9367392414529838
0.8115904779618694,0.4012314248117732,0.3530675197234596,0.31464393586191175,0.7844283892901558,0.10665910568710968
0.8449853521985502,0.40350091357766615,0.35296434786100045,0.3190820926374194,0.8154356141095604,0.9362335655417433
0.8429876837320736,0.4025331616874595,0.3516640809328845,0.3111960114961785,0.8278453038674343,0.9364703803500862
0.8414688896177487,0.44018167996521695,0.3874489336576128,0.6716709466080997,0.9433574160646003,0.936748100138417
0.8270766044261455,0.4011597002845917,0.3504339889323481,0.3069513981607497,0.795886102847362,0.10515332294720972
0.8446282019001115,0.4031000010763328,0.3519730520309958,0.31542446312046435,0.8196515087122407,0.9362016299807566
0.8431089791270803,0.402164113642289,0.354833761008256,0.3079102601729735,0.8108797280067392,0.9364793497690873
0.827163819889603,0.44651335945305703,0.3940253679762489,0.6897347362863413,0.9410284742881458,0.9406359557079121
0.8267321020626399,0.397816959349915,0.35089969325776643,0.3160874903709756,0.8014619634508335,0.10512237291497749
0.8447491431041296,0.398683366106653,0.3507962624309002,0.3222725811964169,0.8129196770080398,0.9362103779326219
0.8432302770252034,0.40133607403653293,0.3536226707977613,0.31284144841175854,0.8198555036123025,0.9364880977209528
0.8426498624994752,0.44174078910353604,0.3897931458717288,0.6728275215436208,0.9467063323415914,0.9368509716230101
0.8263749286103734,0.39817758804124925,0.34996590965984603,0.315314706438401,0.8000339991499459,0.10509260773192193
0.8448704879356872,0.40352542428519256,0.355224531658443,0.33581601571569597,0.8039099022523715,0.9362192919848391
0.8289251997877085,0.4011792065811205,0.352623716704094,0.32593839084235365,0.8162515937101489,0.9403756210897442
0.8423054568188468,0.4408971909466898,0.3912973815776793,0.6855207785799113,0.9374415639608742,0.9368158247885539
0.8264958491636794,0.4014497844813483,0.3522047189335341,0.2983924815560923,0.8011559711006839,0.10509300637276643
0.8449917451581661,0.40126691161044453,0.34990021016843,0.31736629072885236,0.8072758181044719,0.9362282060370563
0.8444113650502905,0.40309435301118757,0.3533896847261066,0.31147957606441845,0.8172715682107992,0.9365910134989729
0.8419482433167151,0.44265781031934226,0.38963403991070905,0.6769446678206474,0.9463663408414504,0.9367837563472856
0.8266171095150554,0.4017240919997759,0.3497057500324148,0.32441446458057777,0.7921291967700199,0.10509340501361093
0.8306866194227887,0.40461839372603126,0.35712823877598454,0.32352755593590077,0.804453888652688,0.9401155079387118
0.844066818569357,0.40170746784348577,0.35586437294734735,0.3236829783865507,0.8160985975349604,0.9365558666645166
0.8420691501028807,0.4396520419981471,0.3882374603568653,0.6875704568208914,0.9366255843602858,0.9367926150327188
0.8267383754984423,0.4058046125615043,0.3571567381409905,0.30482960771476697,0.8064598385039972,0.10509380365445543
0.846172689254054,0.39702909627846683,0.3492542953894995,0.28089486798959484,0.8099107522311897,0.9363311882552171
0.8437096019383299,0.4013313860888245,0.35294377015080625,0.315274361724589,0.8143306417339318,0.9365237539298213
0.8421903979386727,0.44146669077270645,0.39106690325536847,0.6985141192798612,0.9379855503611907,0.9368015844517199
0.8124332804262422,0.4015741491902348,0.35395723510475463,0.32152961899619736,0.8061708457288432,0.10665912229714486
0.8458281928354507,0.4037850260942756,0.3554651627135344,0.2951558904255045,0.8106247343815767,0.9362959749806201
0.8438304743066438,0.40472432310737344,0.35746939892856017,0.3285404660457738,0.8087037824053596,0.9365327233488224
0.8423116582900483,0.4454200771247855,0.39135991594856423,0.691014291122134,0.9400764980874783,0.936810498503937
0.8279193280423471,0.40230286580930263,0.3511648639571434,0.3113450010298624,0.8035359116021255,0.1051562020199755
0.8454709511732581,0.4000778159985173,0.34965852333537123,0.3185116279143647,0.8088057798554473,0.9362638179524978
0.8439517315291227,0.40065030166460763,0.3520274057826619,0.31414185066364464,0.8097577560561149,0.9365415820342556
0.8280065516409341,0.4382732454175669,0.38627280142870435,0.6873231469019727,0.9442753931151628,0.9406968038034814
0.8275747953285548,0.43689904381242933,0.38939340664224664,0.31125180315258216,0.8199915002124953,0.10512525198774328
0.8455918141548846,0.45851834248043355,0.4228245340842976,0.30500909403999366,0.8305992350191218,0.9362727652247852
0.8440728729824625,0.48981408371773494,0.46333793080001806,0.3172922327650143,0.836617084572822,0.9365504407196888
0.8434925867414571,0.5234123653614088,0.5466735756304665,0.676409306175358,0.928516787080298,0.9369132038881782
0.8272175114262708,0.5235015650986978,0.5482489092397039,0.6898234072961271,0.9408244793879703,0.10509548680468773
0.8472862394405012,0.5245759847845881,0.5495520867506859,0.7224517974979687,0.9290777730556101,0.1056662851272191
0.801996360525512,0.5257894874042068,0.5552406494260707,0.7070907065514933,0.9366255843602858,0.10746472007708316
0.8167319894505569,0.5293618930783901,0.5561163917962377,0.6907989869505899,0.9365745856352987,0.10594589845956123
0.847695646676947,0.5317092818754251,0.55734910664141,0.7014922421602496,0.9383765405864324,0.10571406666177442
0.8473094151706677,0.5321102962886652,0.5597972941716585,0.7116435836795627,0.9329706757330314,0.10568384747109041
0.8165592562624275,0.5367374008008273,0.5664602712964248,0.7623143205030922,0.9424054398639328,0.10588357760753869
0.7861173783699513,0.5374774242777548,0.5643205391488446,0.7341104667649101,0.9195580110496167,0.10598339284565725
0.771745277371374,0.533596511594768,0.5650722663418382,0.748442052740627,0.9308457288567524,0.10766337609792265
0.7870271745580091,0.5305119778851878,0.5589416049427585,0.7577671218140731,0.9366255843602858,0.10603407559969194
0.7869836735216227,0.5231134416476917,0.5511618626260664,0.7471947021990293,0.9389545261367402,0.10603456282739077
0.7871342829143058,0.5209544647230863,0.5483543210336159,0.7176408889227037,0.9272078198044937,0.10603693252574414
0.8159947806440901,0.5206069379695122,0.5451915024083468,0.6991406536248674,0.9339566510836903,0.10596466779932283
0.8481467492640928,0.5204214010856085,0.5479434972421617,0.7015371931602845,0.940127496812579,0.10571796448336504
0.848209160720081,0.5158433144126429,0.5445540294264133,0.703524090896799,0.9326646833828818,0.10571912718582813
0.84825604252823,0.5167242087514865,0.5429482066316402,0.7003041776990864,0.933276668083181,0.10572171835131734
0.8340226342103176,0.5221557021553367,0.5476118346645505,0.6889472598890911,0.9385975350614899,0.10530051000568232
0.8491159225051259,0.5171272524632198,0.5427408137688674,0.6665813577163655,0.9348576285591434,0.10573878239413304
0.848449003088144,0.5209857892249363,0.5454008651713103,0.6853820737715006,0.9350106247343319,0.1057229364205644
0.8484960663722423,0.5256614896252427,0.5501162086176536,0.686782662748729,0.9408754781129574,0.10572556080612401
0.849554563639519,0.5212413378008176,0.5459743495976113,0.687116499371778,0.9367275818103735,0.10572939218757385
0.8476844111255151,0.5221163784627744,0.5444259195128883,0.6920241002483545,0.9339566510836903,0.10566556535902766
0.8477557436888135,0.5186393569694818,0.5467806917200491,0.6813541941447194,0.9427624309391831,0.10566651766771172
0.8336532123830924,0.522757815579427,0.5467513977548537,0.6952579117234632,0.9373905652358872,0.10523267462197762
0.8486175229053754,0.5223101255129163,0.5472572194296612,0.6968713031823044,0.935486612834552,0.10568503785694551
0.8479595371112882,0.5196270353193413,0.5462081258427133,0.6741673949033111,0.9416064598384537,0.10566904239306019
0.848031551773841,0.5258129271427489,0.5509564485169683,0.715385119082625,0.9367785805353606,0.10566998916506586
0.8495377949489988,0.5259998550347825,0.5504857309062332,0.6724966234135066,0.9381385465362655,0.10570411171401886
0.8481639478648773,0.5237063901518912,0.5521391854449431,0.6850151989576134,0.9373565660858958,0.10567160033847901
0.8482352491392198,0.5245498810330463,0.5516849574481638,0.6885924170124924,0.936880577985562,0.10567251942709271
0.8341326418013346,0.5150979629097159,0.5397981812907555,0.6788080297257946,0.9278368040797886,0.10523869852807217
0.8490970064535133,0.5175001338264249,0.5409382886932554,0.6790790064256502,0.9382065448363619,0.10569106729971847
0.8484390153403019,0.5226642425697906,0.5488774070022293,0.6900777060631076,0.9361665958350613,0.10567507737251154
0.8485109173626117,0.5241805129487302,0.5478999602345765,0.6997902194009866,0.9326646833828818,0.10567600753448204
0.8500171980845166,0.5199612348562036,0.5442478228286819,0.6852168828173095,0.9405864853378034,0.10571014669347022
0.848643322840335,0.5268981280356115,0.5525397170612435,0.6722102394804239,0.9439184020399125,0.10567761317121681
0.848714633501364,0.5198360190934996,0.5452226334714727,0.6800433880394681,0.9357076073097232,0.10567854333318728
0.8346120308568219,0.5174741373505743,0.5461085241476784,0.669040082115788,0.9418954526136076,0.10524473350752354
0.8495763251088473,0.520222755112232,0.5448067963947019,0.673395802251656,0.9334806629833565,0.10569708013245627
0.848918331805411,0.5228886811952043,0.5493987886751721,0.6905868198188008,0.9341946451338572,0.10568109020524932
0.8489902432144074,0.5215953654612825,0.545944801094751,0.697149983498774,0.9297407564810101,0.10568204251393341
0.8504964760642082,0.519956335932969,0.5418711581689525,0.6784825320691832,0.9360645983849736,0.1057161705995648
0.8491225854884377,0.5217803623908733,0.5481669813121102,0.6974137728037477,0.9358266043348067,0.10568363707731139
0.8491938554738234,0.529241350959969,0.5527770568336567,0.7106865482980826,0.9309987250318272,0.10568457277596027
0.8350912656577538,0.5207660439110157,0.5441264504164833,0.6998557795609313,0.9361665958350613,0.10525075741361814
0.8500555721124727,0.5201841787736522,0.5438115319904928,0.6834740388318665,0.935486612834552,0.10570312618526442
0.8493975403236189,0.5256392299193047,0.5486927144724405,0.6934734920339245,0.935758606034824,0.10568711411134392
0.849469386025806,0.526608787616981,0.5478487760301836,0.6831239610789464,0.9366255843602858,0.10568805534667118
0.8509756448454415,0.5200663113958002,0.5439863440321342,0.690242182248747,0.9342966425838313,0.10572218896898097
0.8496017351834069,0.5247753745360908,0.5501205689585252,0.6999029939947135,0.9351466213344111,0.10568967205676275
0.8496730301999582,0.5229044507218206,0.5487391598495208,0.6979898762564887,0.9293327666807727,0.10569060221873323
0.835570360909939,0.5234020311364833,0.5477458653455025,0.6685910883371733,0.9398725031873028,0.10525675917299912
0.8505346905184847,0.5202472676076867,0.5483183094874333,0.6794372245981879,0.9406714832128955,0.10570915009135899
0.8498766368273616,0.5236615131543777,0.5458358368403827,0.6837826600087831,0.9333276668082817,0.10569312694408169
0.8499484825295496,0.5233600327033521,0.5481989091887964,0.6644230346555136,0.9364215894602239,0.10569409032612255
0.8514547382202888,0.5251656256216403,0.5519968302756572,0.6997595637719878,0.9383765405864324,0.10572820733839716
0.8500807869439413,0.5255136816019579,0.5503270322054776,0.6933049257837944,0.9312367190819941,0.10569568488950051
0.8501520819604935,0.5205577055789331,0.5443232854995823,0.6716911983837337,0.9403654908626322,0.10569661505147102
0.8360494004677812,0.5165394192215654,0.5407835519265911,0.696552714955027,0.940127496812579,0.10526278307909367
0.8510137641812903,0.5191143290322099,0.5440932055840517,0.6951259575069304,0.935486612834552,0.10571515185073999
0.8503556228810885,0.5239482968356997,0.5474081381313491,0.6751301484332055,0.9377475563110238,0.10569915085017628
0.8504275030011281,0.5230191284357857,0.549247203748813,0.6978975122758522,0.9342456438588442,0.10570009208550356
0.8519336595058751,0.5248534891186154,0.5445970352249583,0.6821385335022148,0.9327156821079825,0.10573423124449173
0.8505597332606936,0.5230829574720899,0.5454118213577641,0.6766430752011567,0.9436124096896492,0.10570168664888152
0.8506310188905579,0.5205302072434048,0.5454064074522962,0.6824900010828745,0.9386485337865906,0.10570262788420881
0.8365283129924594,0.5200649346910955,0.5429152274037286,0.6862004043445697,0.94046748831272,0.10526880698518826
0.8514925916000058,0.5187882288100383,0.5425702292658376,0.7105302522414247,0.9362175945600484,0.10572116468347777
0.8508345566822575,0.5241625979082885,0.5491037905881887,0.7144214522373586,0.9374925626858612,0.10570518582962764
0.8509063272909487,0.5257818171922812,0.548457220651442,0.6729175426717817,0.9395155121120524,0.10570610491824133
0.8524124994401743,0.5242329350031962,0.5492605282422376,0.6803675355777041,0.9405864853378034,0.10574024407722953
0.8510385763238881,0.5244522601539928,0.5469507472274097,0.6913538856029613,0.9417764555885242,0.10570773270168968
0.8511098525670655,0.525668641337994,0.5494316351008236,0.6775918907442913,0.9337356566085191,0.10570865179030338
0.8370071485463044,0.5197663220768831,0.5447494036846519,0.687342564780963,0.9326306842327767,0.10527480874456925
0.8519714158898268,0.5228416855027881,0.5476573526391815,0.66477227851179,0.9407224819378825,0.10572718858957236
0.8513132439264481,0.523872524439101,0.5429752540252697,0.681598287605155,0.9380365490861777,0.10571119866236542
0.851385048952991,0.5269000411187725,0.5518009159548944,0.67578972096905,0.9354526136846744,0.10571213989769268
0.8528911929421561,0.5269633337766204,0.5502036810396044,0.6685387911048009,0.9388015299616654,0.10574627905668088
0.851517276083662,0.5237200141646823,0.5492717411797277,0.6797894069473993,0.9354526136846744,0.10571374553442744
0.8515884897489254,0.5212473094809649,0.545830812488211,0.7111208893213856,0.9358266043348067,0.10571466462304115
0.8374857447396318,0.5233629112677345,0.550091272779959,0.6867099946126307,0.9304887377815021,0.10528083265066382
0.8524500280405212,0.5206010807167689,0.5458279129721999,0.6867432710596528,0.939005524861841,0.10573321249566692
0.8517918992559026,0.526929988915918,0.5519637093920016,0.6771572320460761,0.9340926476837694,0.10571721149510321
0.8518637167980292,0.5191958585575732,0.5463309457995464,0.6832740227654579,0.9318657033574027,0.10571814165707369
0.8533698795605673,0.5268781926363176,0.5529464461163461,0.691968229173223,0.9398215044623157,0.10575228635274028
0.8519958782218904,0.52683918004326,0.5505378469398176,0.6975644301307189,0.9396685082872409,0.10571975836716525
0.852067107531632,0.5306569073440903,0.5585501702812712,0.687882651840567,0.9380875478111648,0.10572068852913574
0.8379643409329582,0.5213307520894891,0.5483896685684984,0.660821752726058,0.9385975350614899,0.10528684548340163
0.8529286333076462,0.5231488247465281,0.5479148783551218,0.6737063294780439,0.9388865278366438,0.1057392142550479
0.8522704388162179,0.5221608156299538,0.5435937274305325,0.6978690406618726,0.9360645983849736,0.105723224327841
0.8523422657450315,0.5204853481251731,0.5449356898415612,0.6946183129977048,0.934347641308932,0.10572416556316826
0.853848372187449,0.5308551349422709,0.5544327247433674,0.6961169443946202,0.9380875478111648,0.10575828257544287
0.8524744271688927,0.5287670136117476,0.5524137098501694,0.695639637839482,0.935486612834552,0.10572577119990302
0.852545578256243,0.5218077534507104,0.5446590317466901,0.693367269485256,0.9389545261367402,0.10572671243523031
0.8384428179153605,0.5255894539985566,0.5495293996979279,0.6755895857745493,0.9370845728856239,0.10529284724278261
0.8534070220551908,0.524741064194167,0.5489602623322724,0.6887866752211227,0.9357076073097232,0.1057452270877857
0.8527488870127806,0.527401447699757,0.5517945857138322,0.6749587628182325,0.9342966425838313,0.10572923716057876
0.852820663879263,0.5287123566470469,0.5534031752223563,0.6982699861100616,0.9337356566085191,0.10573016732254925
0.8543267506096366,0.5223613854140604,0.5455223792392528,0.690903104902967,0.9358266043348067,0.10576428433482388
0.8529527814985847,0.5188957619629649,0.5450921574643479,0.6872932060415256,0.9361665958350613,0.10573177295928403
0.8530239544882052,0.5225523540237985,0.5434912129392606,0.6920785020770182,0.937594560135949,0.1057327031212545
0.8389211525330103,0.5220585103790483,0.5504514347225762,0.6966769655549461,0.9345516362091075,0.10529888222223396
0.8538853895262446,0.5253371952105409,0.5508877233473942,0.6971584018839394,0.9369825754355361,0.10575122884716669
0.8532272419682516,0.527097839614188,0.5517493355570924,0.6859245433929435,0.9360645983849736,0.10573523891995976
0.8532990063191521,0.521658665270843,0.5449090408547117,0.702971892481179,0.9348066298342701,0.10573619122864383
0.8548050304716126,0.5282790522507352,0.5556528012401252,0.6831842001841166,0.9361665958350613,0.10577030824091845
0.8534310551027691,0.5293138156894203,0.5506433893226186,0.6997207677233712,0.9252188695281802,0.10573777471866502
0.853502221834598,0.5271522999067881,0.5532182259415315,0.6959012431294362,0.9319677008073768,0.10573870488063551
0.8393994057993726,0.5200786749192188,0.5483741085703628,0.6878548552857751,0.932528686782689,0.10530488398161497
0.8543636349703676,0.5226920627323927,0.5499514231466459,0.6860871532384754,0.936846578835457,0.10575723060654768
0.8537054686390011,0.5257377984002978,0.5504185772300698,0.6754921389953221,0.9338376540586069,0.10574126282605434
0.8537771463194912,0.5241094249239836,0.5474069539778637,0.7028526055517583,0.9328686782829436,0.10574218191466804
0.855283170159062,0.5274884125268113,0.5520340281886962,0.6868381764395848,0.9389545261367402,0.10577632107365623
0.8539091644399308,0.5234486066657753,0.5464772606895527,0.6675603523761309,0.9397705057373287,0.1057437986247596
0.853980334300656,0.527513658072823,0.5501989222919528,0.6981061055648823,0.9354016149595736,0.10574471771337328
0.8398775107560805,0.5179428248457224,0.5458513968385181,0.6755673485307159,0.935758606034824,0.10531088574099595
0.8548416786007205,0.5226108550341031,0.5538174297388616,0.697537110088295,0.9379345516362037,0.10576325451264225
0.8541834653359182,0.5265616757092326,0.5494464204191088,0.6848861038152878,0.9371865703355979,0.10574726458543533
0.854255195268967,0.5299485480753686,0.5515655593628979,0.6728258140409693,0.9348066298342701,0.10574819474740581
0.8557611912613665,0.5243976925857015,0.5452596963688807,0.6827143986987718,0.9380365490861777,0.10578232283303722
0.8543872346658969,0.5227588776087705,0.5435753874384202,0.6956742644048797,0.9373565660858958,0.10574978931078378
0.8544584013977259,0.5261441408395374,0.5416599361743484,0.6913673867867172,0.9385465363365029,0.10575071947275429
0.8403555315454949,0.5232287451365225,0.5380559484412046,0.6778299880907648,0.9300467488312734,0.10531688750037695
0.831323957008625,0.5207294897192163,0.535938128666532,0.690059598593129,0.9348576285591434,0.10656153280374138
0.8368801235175618,0.5266727239289765,0.5410207588967443,0.6858342045898707,0.9409264768379444,0.10707119512342689
0.8369455196271218,0.5246399210965835,0.5378426237441498,0.7077047721562071,0.9327666808329695,0.10707210313868379
0.8384452809820258,0.5253863274771414,0.5417058414889045,0.7046941670160762,0.9333276668082817,0.1071062090776016
0.8370650741045811,0.5270245166792067,0.5426492687442753,0.6953212481590243,0.9333786655332688,0.10707369770206177
0.8371299051355852,0.5239350840463919,0.5400766809102993,0.693451175371363,0.9298427539310978,0.10707460571731868
0.8230208087809872,0.5211528889933674,0.5364079166614467,0.7086559702611808,0.931100722481915,0.10664075159822776
0.8379787992469212,0.5224653891967443,0.5406212764182983,0.6928098691429532,0.9274628134295426,0.1070930871498037
0.8373143820078015,0.525053629799957,0.5401656008768845,0.6933755687423295,0.9323246918826271,0.10707709722259677
0.8373798497690719,0.5270497622252183,0.5398343256391982,0.6892460331437382,0.9252188695281802,0.10707799416449688
0.8388796086208599,0.5260714615587037,0.5406723300338021,0.679993910171939,0.9275478113046347,0.10711211117677148
0.83749940643676,0.5282327806692351,0.5403547776963207,0.6752107584421017,0.9294857628559612,0.10707957765451806
0.8375642890945412,0.5270501913279834,0.5417252416857263,0.6999037087632649,0.9309987250318272,0.10708048566977497
0.8234551858563726,0.520234798596505,0.5363332463773646,0.6911077669649621,0.939056523586828,0.10664662047732727
0.8384132001019142,0.5199584635675125,0.5364717724148191,0.7081152081423894,0.9353506162344729,0.10709897817561675
0.8377487803596777,0.5257229943549029,0.5414082205572852,0.7023112875018709,0.9303867403314143,0.10708296610169625
0.8378141927394949,0.5286571454246077,0.5456053585180719,0.6681807714790831,0.9318147046324157,0.10708388519030995
0.8393139681744297,0.5220016006248309,0.5401977832912357,0.7065464500086707,0.9330216744580184,0.10711799112922778
0.837933782886366,0.522803325503519,0.5376180772561211,0.7010981664320306,0.9377815554611288,0.10708546868033113
0.8379985663581553,0.5275372229663381,0.5421314505986438,0.6928788840175648,0.9304887377815021,0.10708637669558804
0.8238895485388378,0.523814667082944,0.5439940022957969,0.6871553351297586,0.933684657883532,0.10665251150314033
0.8388474229227443,0.5172356277303228,0.5325020804580721,0.7062231363670786,0.9271568210795067,0.10710488027478664
0.8381829772106739,0.5278694915407576,0.5423598129382778,0.6899880026098584,0.9327156821079825,0.10708883498079574
0.8382483636206572,0.5225415906961081,0.539120602026288,0.6815878837517901,0.936846578835457,0.10708976514276625
0.8397481484422782,0.5268418619355417,0.5443928074827167,0.6995975495669158,0.9318147046324157,0.10712388215504084
0.8383678736677984,0.5256642609139338,0.5396186326351726,0.6959068024403945,0.9319167020823897,0.10709133755943064
0.8384326887414342,0.5212259973769663,0.5389841919715102,0.7043056108894512,0.9302167445813438,0.10709225664804434
0.8243235723619042,0.5162880257907926,0.5322636893344335,0.6812077460103307,0.9388015299616654,0.10665840252895342
0.8392815152686244,0.5227012276522833,0.5386067458147478,0.7127172057537121,0.9393965150870827,0.1071107602272429
0.8386170401449347,0.5210037936617874,0.5385183570572027,0.693134374065465,0.9337356566085191,0.10709473707996563
0.8386823671058998,0.5231490214186287,0.538861239212417,0.7074354235402749,0.9366255843602858,0.1070956672419361
0.8401821056198666,0.5213144461844165,0.5364455218347499,0.7034110383375247,0.9305907352315899,0.10712979532756751
0.838801759193676,0.5288058116534227,0.5403352557640939,0.6878467942848854,0.9317467063323193,0.1070972451952789
0.8388666068078257,0.5279361097450346,0.5426867278350924,0.6925142726374249,0.9341946451338572,0.1070981476738574
0.8247574341081743,0.5236155991585152,0.5409728615482875,0.6928154284539116,0.9337356566085191,0.10666430462812328
0.8397153125596453,0.5220390040825195,0.5380778519606284,0.6940113156597809,0.9356566085848499,0.1071166401796992
0.8390507573362256,0.5228718389116753,0.5400022762307372,0.6874325064903963,0.9334806629833565,0.10710065025249228
0.8391161387399761,0.5268574169107755,0.5417111314455963,0.7044192193798218,0.9290777730556101,0.10710155826774917
0.8406158321978436,0.5299994861494388,0.544413657437544,0.6998750386024657,0.9350616234594327,0.10713568635338058
0.8221436835827616,0.5232338586111396,0.539417437211202,0.6873119091519642,0.9342966425838313,0.10660068819335611
0.8370766359998316,0.524278241103475,0.5392794445961586,0.7016770495402509,0.931151721206902,0.10705234827016777
0.8349420555072107,0.5223666061643688,0.5366051501513259,0.6834321851622229,0.9288227794304476,0.10700223025732944
0.8349955108122558,0.5228922034137342,0.5378260013279339,0.6989232051476677,0.9281767955800433,0.10700287251202335
0.8350488462805972,0.5197255072522122,0.5389183663179471,0.6923628211231738,0.9274968125796477,0.10700352584007405
0.8351022843767164,0.523470329993257,0.5369974922949234,0.7081030173676448,0.9345516362091075,0.10700413487469758
0.8351557659644859,0.5267837721487203,0.5420030750805988,0.6859602818205333,0.9301827454312388,0.1070047771293915
0.8352092112570646,0.5195576637056549,0.5385017346409869,0.6903966119652971,0.9312027199318891,0.10700541938408538
0.8352626249477986,0.5262256703649008,0.5430070468863248,0.7057108061529025,0.9277518062048102,0.10700603949206573
0.8353160599150216,0.5249498226893737,0.5459540308518243,0.7046646629586328,0.9309987250318272,0.10700669282011642
0.8353695017658151,0.4965716119413435,0.4674082802297673,0.6900950193458066,0.9159031024223623,0.10700732400145353
0.8354229314139165,0.4712939189808924,0.42523300488530813,0.6883129425087431,0.9301317467062518,0.10700796625614743
0.8541762394642771,0.4362768984409231,0.3892200554254659,0.6973746193708552,0.9300807479812647,0.10575599039058703
0.8363878825231432,0.43734205665880066,0.3890034283788779,0.6807612539216472,0.9480152996175093,0.1070856458540398
0.8542777004767936,0.4055726109998563,0.34593474353692344,0.3248135436886592,0.7951211219718743,0.10575731919340202
0.8577553916598921,0.4062661608593985,0.34497193821844085,0.30116999272961276,0.8075818104547352,0.9375879035174844
0.8563579351806636,0.4023542329861379,0.34197613614214833,0.31978288349308337,0.8187845303866652,0.9378308086720627
0.8548038649579781,0.44329051161886923,0.37225738432580074,0.6807263891000654,0.9453973650657872,0.938117320705686
0.8543686584123527,0.40398111354241534,0.34240146858051246,0.2314331224620505,0.7385805354865624,0.10575807218166385
0.7368982579397501,0.40481234817584305,0.3526308371186035,0.3050052422316871,0.8054058648532418,0.9219215397960081
0.8377442994682007,0.39933556655099606,0.34806484088053735,0.333168592418601,0.8109307267317263,0.9413237218982322
0.8362189387405503,0.43786978154270956,0.3847822864095877,0.6950378027188764,0.9406714832128955,0.941601330952995
0.8357612272999861,0.40357817710637345,0.3523379638677808,0.3209970767157515,0.805150871228193,0.10701082318219964
0.8393709973040999,0.40272530675394524,0.350587552612382,0.3262083350987457,0.7979090522736669,0.9410544178610629
0.8378456991543621,0.40584372349061226,0.3526271452157742,0.3127502360026775,0.7927411814704328,0.9413320269158257
0.8363204710918875,0.43956550627385793,0.38436012130512565,0.7208524631539792,0.9395155121120524,0.9416096359705887
0.8358627246076926,0.39990847953192327,0.34763106221843426,0.3029573112027224,0.8070718232044101,0.10701105572269226
0.8394725440483577,0.40031876614074524,0.3499519277952341,0.32010778550923513,0.8052698682532764,0.9410627228786567
0.8379472102292089,0.4026500689478747,0.3513843927331134,0.32499978060576384,0.8079898002548589,0.9413401104662836
0.8364219274110609,0.43632058825411996,0.38051101158712997,0.6891418357726333,0.9352486187844988,0.9416177195210464
0.8359642854319813,0.4007234100482065,0.3529358551361075,0.3220718503614566,0.7880322991925368,0.10701131040989847
0.8395740166377883,0.4020231265650406,0.3522543205776615,0.3231916147165603,0.8063748406289051,0.9410709171626821
0.8380487363227562,0.4013776362151863,0.35219574371412593,0.32461678379009773,0.8045898852527671,0.9413485262174451
0.8365234744682084,0.4453799023784058,0.3876902265106334,0.6930623015698263,0.9413854653632825,0.9416260245386401
0.8360657792979018,0.6018868757095617,0.49270597973605723,0.3081036447755958,0.7887462813429238,0.10701156509710466
0.83967559686123,0.693776801267026,0.5842427373874706,0.32580274365497,0.7872503187420534,0.941079111446708
0.8381502464589343,0.703052447550322,0.5968491689920711,0.3121373219695194,0.8149596260093404,0.9413567205014709
0.8366249673954602,0.798270869618591,0.7246568024394181,0.6996824481871227,0.935758606034824,0.9416343295562336
0.8361673351159564,0.7724946307622557,0.7035170509469753,0.1740121908541632,0.8190905227369285,0.1070118087109541
0.8499769676827653,0.7815896426607389,0.7046881676771959,0.18031764076185286,0.8285082872927205,0.5939699045190863
0.845574977567328,0.7605432605495184,0.6650499909760863,0.3232632106998312,0.8154696132596655,0.5934852458390361
0.8365603219079691,0.8131733404602535,0.7455096125153203,0.5447137564395188,0.9507522311942012,0.9416284606771341
0.8463026879852329,0.778933639579209,0.7083376844518257,0.1865755188514846,0.8073098172544633,0.020857357829849845
0.8470356899914822,0.7756472666565088,0.7021493647381756,0.18401208085922505,0.822881427964262,0.5932021443993045
0.8426337217783142,0.7599867679010678,0.6637948325489662,0.31499353710246414,0.8100637484061508,0.592715957596017
0.8364127594338822,0.810983450257281,0.7409297716416443,0.5358556694865744,0.9558181045473475,0.941615726316824
0.8461550979768635,0.7785761969759054,0.70632566381099,0.18567181314584058,0.8166595835103863,0.020857056634545113
0.8468881437876519,0.7721254593500402,0.7014651896281257,0.15913877060682702,0.8317552061197375,0.5931901519538993
0.8424862162501277,0.7608944096456008,0.6582226267870923,0.31991066822639747,0.8011049723755832,0.5927037769035464
0.8362652682986154,0.8113211720126732,0.7399838432770427,0.53513565929874,0.9535061623458887,0.9416027704893779
0.846007634062989,0.7718317742659133,0.6995890478330278,0.1745209075162163,0.8104207394814011,0.020856758761247422
0.84674070709517,0.7782199344052059,0.7068750003596727,0.16067830264865035,0.8164555886102107,0.5931782370219917
0.8423387795576454,0.7642361904628405,0.6647391672864473,0.31110265478144217,0.8068338291541295,0.5926917069446437
0.8361178578888566,0.8121400431226824,0.7405835782834129,0.527661562808877,0.9512962175946313,0.9415901468626355
0.8458602974951686,0.7803890488826362,0.7061689350104252,0.1789383360037219,0.8263833404164416,0.020856454243935656
0.8465933423672873,0.7778610078215064,0.7046380348240283,0.17478970020105256,0.816761580960474,0.5931663110167272
0.842191461763198,0.7565177402347028,0.6599721194935257,0.34240995415275965,0.7967700807479332,0.592679526252173
0.8359704675040289,0.8119275478575632,0.7406502007505363,0.5211427941978426,0.9556311092221677,0.9415774125023254
0.8457129224419297,0.7719133037912767,0.7020622907230051,0.18148080745179573,0.818223544411353,0.020856156370637965
0.8464460808929624,0.7807428441124366,0.708028033848817,0.17758782053448252,0.8172205694856984,0.5931544071581764
0.8420442190622466,0.7635795201980281,0.6597805522334086,0.32143407826644177,0.7989290267742035,0.5926674562932702
0.8358232054039254,0.8098443433295563,0.7412205200563063,0.5371492417278545,0.9592860178495357,0.9415646117018744
0.8455656963241265,0.7795746475930965,0.7086756662036442,0.17651721637199613,0.8158436039099115,0.020855852960661874
0.8462989258010891,0.778594719911931,0.7073412248272762,0.16980025832529655,0.8226774330640865,0.5931424590061983
0.8418970420681049,0.7524675822694595,0.6506224419794672,0.3197686675407756,0.8224394390139196,0.5926553309675836
0.8356760024399494,0.8109837542050731,0.7409038973346452,0.5516278317690557,0.9521801954950888,0.9415517776813531
0.8454185922332522,0.7745176357481794,0.7050298678922957,0.1801896971910827,0.826128346791279,0.020855549550685793
0.8461518770916694,0.771031551246903,0.7018493644327304,0.18072521767382788,0.822881427964262,0.5931305883677179
0.8417500434210146,0.7599471116538625,0.6638716143889831,0.32649583089402023,0.8085507862302848,0.5926432831553944
0.8355290122408778,0.8131508483236509,0.7426785782030676,0.5373870213994159,0.9489162770930761,0.9415392094213947
0.8452715770030159,0.773236567322344,0.7019434327002634,0.18557099107067443,0.8218274543136204,0.020855253892059455
0.846004931635806,0.7783959916938579,0.7029799764736369,0.17592923981942254,0.824615384615413,0.593118629142383
0.8416030979651516,0.7638998632914349,0.6620272787351664,0.31732713729595985,0.8147386315341691,0.5926312464165621
0.8353819882497335,0.809550729762557,0.739334617295095,0.5391081046533934,0.9483212919676589,0.9415264307676575
0.8451246512591952,0.7804814311320993,0.7069114103126355,0.1705733202234193,0.8225244368890117,0.02085495269675473
0.8458580143400041,0.7771236662368606,0.7053078451562832,0.1907681526294529,0.8324691882702382,0.5931067585039026
0.8414562463761581,0.7591721520601455,0.6608805754870843,0.32064807111565874,0.8164895877602021,0.5926191210908753
0.8352351019299977,0.8125921207649658,0.7481745333339649,0.5380060506746285,0.9469103272417669,0.9415136742606336
0.8449777486692027,0.7762574686677206,0.70381574536353,0.19193525054643068,0.8104207394814011,0.020854651501449998
0.8457112503600888,0.7730964295109848,0.7058446540251013,0.18761233034521685,0.8184275393114149,0.5930948546453517
0.841309488654034,0.7648127257862762,0.6660948570244227,0.3200311464367378,0.8198895027624076,0.5926071064987566
0.8350883454594329,0.8068826045279138,0.7357253617389694,0.5440962361201378,0.9471143221419425,0.941501006340464
0.8448310294324961,0.7775815010079088,0.7076870197787275,0.19016071848852523,0.8240543986399871,0.02085434919880959
0.8455644895090693,0.7766279095089494,0.7055918870568127,0.17269844625597686,0.8208584785380708,0.5930829840068712
0.8411627935098243,0.7620659138320883,0.6548413263103365,0.3134220390226303,0.8150786230343101,0.5925950365398538
0.8349415811666279,0.8098961574884387,0.7401118203883075,0.5350277292474199,0.9536421589459678,0.9414883273469378
0.8446843489940945,0.7761399302686551,0.7053032192108916,0.16911185679119667,0.8139396515086901,0.020854050218176223
0.8454178851028336,0.7779498857317216,0.7042030852886658,0.19073455850751886,0.8256693582659409,0.5930711576618178
0.8410162266503365,0.7543793244842569,0.6527026565808367,0.31955161615721606,0.7996260093497085,0.5925830108743783
0.8347950046075634,0.8107185329376958,0.7419661826127577,0.543124627402074,0.9491882702931207,0.9414756483534115
0.8445377298820493,0.774475959142122,0.7035737796457251,0.1821763169620495,0.816353591160123,0.02085374902287149
0.8452713714345714,0.7744168144776699,0.705361541536762,0.19713455641086441,0.8103697407564141,0.5930592316565535
0.8408697630444042,0.7599071514588653,0.6565264320543576,0.32843742024622435,0.8003909902251962,0.5925709741355459
0.8346484577730071,0.8133205048293908,0.7443312359282171,0.5521647420795404,0.9489162770930761,0.9414630247266692
0.8443912997553009,0.7773974338009755,0.7040947629118878,0.18458782692769005,0.8158436039099115,0.020853445612895403
0.8451249797932396,0.7729435080130829,0.7022513568738915,0.19163512717340758,0.8262813429663538,0.5930474163848569
0.8407233995631342,0.7569489169964709,0.6610843826888357,0.3164718770143815,0.8126476838078815,0.5925589373967135
0.83450202013691,0.8119217907287986,0.7417837123074538,0.5318286634658007,0.9516362090946586,0.9414502903663591
0.8442448871503694,0.773901229626156,0.7040999200663196,0.16267667639135763,0.8136676583085318,0.02085314441759068
0.8449786663743,0.7780724660882767,0.7067492808868286,0.171423775671955,0.8065788355290806,0.5930355346730196
0.8405770924019857,0.761435436715227,0.6637135575658177,0.3268493633616074,0.8020399490011414,0.5925469338779517
0.8343556920121604,0.8124056219756972,0.7435171138067116,0.5131827742208557,0.9481172970674834,0.9414376667396167
0.8440986103395085,0.7787958618330577,0.706938457706265,0.1816367858335416,0.8133106672332815,0.020852850973635706
0.8448324155332738,0.7739754286459495,0.7014209886092402,0.18175539770377436,0.8223374415639455,0.593023719401323
0.8404308196586898,0.7585599118107997,0.6569522846349068,0.3251845482764013,0.8032299192519758,0.5925349414325464
0.8342094505578213,0.8096833225169637,0.7423920351933071,0.551161683545198,0.9449383765405628,0.9414249323793065
0.8439523823394199,0.7772655025799982,0.705949014467788,0.17777632088533457,0.8112197195069939,0.020852542026981218
0.8446863117503431,0.7733529435680875,0.704568645643154,0.1800518262793156,0.8148746281342483,0.5930118930562699
0.8402847940981504,0.7600887692041813,0.6566352856401757,0.3287288075591699,0.8187335316616782,0.592522904693714
0.834063314547266,0.8163294806937549,0.7437594779312966,0.5368831889891335,0.9508542286442889,0.9414123087525641
0.8438062838756131,0.7754707802650918,0.7050396288584091,0.18275190419305887,0.8175605609859531,0.020852244153683527
0.8445402079674129,0.7759813589176798,0.7054385668475891,0.1709892361018318,0.8257713557160287,0.5930000556378596
0.840138765408716,0.7638735449885106,0.6614333427608181,0.32187993500530143,0.8027709307267514,0.5925109897618063
0.8339172454950767,0.8126637272888868,0.7400174865162544,0.5362626507580897,0.9506502337441134,0.9413997958593897
0.8436602874138037,0.7772090219285459,0.7053982170942448,0.19111501392388996,0.8143306417339318,0.020851946280385836
0.8443942668870572,0.7750188277777815,0.7069959832185752,0.18498476173011635,0.8258393540160114,0.5929881407059521
0.8399927930394036,0.7586293907001773,0.6613453391298273,0.3195511793542123,0.7981640458988295,0.5924989862430443
0.8337712556039487,0.8102732851810899,0.740512352004608,0.5537676105569249,0.9482362940925668,0.9413871168658635
0.8435143360080914,0.7778969272987992,0.7039827663392486,0.1855657097252641,0.814228644283844,0.02085164176307407
0.8442484040290932,0.7767949020016893,0.7038847361376241,0.19135533499474677,0.8212494687631988,0.5929763586543259
0.8398469677281875,0.7603606058058534,0.6528331348013323,0.3349316881796778,0.8071738206543841,0.5924869605775688
0.8336254096420213,0.8096464554377314,0.7378416100202314,0.5353326971628494,0.9455163620908706,0.9413745486059053
0.8433685388569367,0.782859643811092,0.707368936232206,0.17470662821158922,0.8160475988099734,0.020851340567769338
0.8441026757136423,0.775990423713592,0.6996684857182456,0.1899913183417512,0.814228644283844,0.5929645544559862
0.8397012362838407,0.7603841349408047,0.6549344649620492,0.3424332635494207,0.8057798555034879,0.5924750013522339
0.8334796475344968,0.807928774948437,0.7410230430956171,0.5326728051254626,0.9503612409689595,0.9413619249791628
0.8432227801911973,0.7750605937802484,0.7003241526098056,0.1847071138571107,0.8218274543136204,0.020851042694471647
0.8439570005894175,0.778995448256661,0.7088878178140685,0.19780790809601267,0.8181215469612653,0.5929527502576464
0.8395555924485727,0.7609914941461979,0.6628921977211397,0.3325777170824564,0.8146196345090857,0.592462997833472
0.833334016214812,0.8111329746916263,0.7430334701093321,0.5459368445597199,0.9536421589459678,0.9413491906188527
0.8430771560679724,0.7738083109982365,0.7009347110003696,0.19109976552811858,0.8157416064598237,0.02085074482117396
0.8438114255898537,0.7778932084081686,0.7085938821451654,0.18673761247528442,0.8206034849127946,0.5929410014260906
0.8394100205779051,0.7610755804088699,0.6617875706557823,0.3279896971672571,0.8033999150020463,0.5924510053880668
0.8331884562339469,0.8122041045896509,0.7395240818527614,0.5452892642518001,0.9440713982149873,0.9413367884592462
0.8429316927699846,0.7715960538136347,0.7015562255773876,0.18296021951654096,0.8186995325116868,0.02085043808919083
0.8436659131682043,0.7759088941882286,0.7028564925055036,0.17260584401915635,0.8177645558860149,0.5929291750810373
0.8392645613474814,0.7616806689454646,0.6621768804811089,0.32899859297810585,0.8129196770080398,0.5924390904561592
0.8330429522603149,0.8116330045679063,0.7453611838560084,0.5425560687284909,0.9524351891202514,0.941324054098936
0.842786214766186,0.7777158638112214,0.704639761253409,0.19107609874718157,0.8135996600084354,0.02085013689388611
0.8435205196445885,0.7829694941189499,0.7100568097081285,0.19362722683660483,0.8197195070122234,0.5929174373228383
0.8391191991128228,0.756657127116223,0.6586132646350193,0.32986278786658163,0.8030599235019054,0.5924271644508947
0.8328976163083808,0.8087697090922836,0.7396096950430715,0.5378397875676098,0.9516702082447637,0.9413115854991887
0.8426408806915888,0.7789232874750016,0.7053611431299819,0.1616327966308353,0.8259753506162042,0.020849835698581377
0.8433752262456347,0.7759325484781531,0.7069760628795682,0.18471235549315723,0.8248703782404618,0.5929056441978553
0.8389739244872425,0.7580835541037261,0.6565828951485873,0.3329581327894635,0.8043518912027139,0.5924152716657006
0.8327522878657958,0.8141589895116199,0.7433078838460083,0.5276575124537501,0.942252443688858,0.9412989175790192
0.842495668643922,0.7759875272699277,0.7060778990611632,0.1950572801619126,0.8267913302166789,0.020849537825283686
0.8432300141979683,0.775438812109094,0.7049868620937507,0.1680149253203862,0.812409689757601,0.5928939507330836
0.8388287531152194,0.7567304500512044,0.6545411932026314,0.32961023631161623,0.8028899277517212,0.5924034010272202
0.8326071133648756,0.8124468694789895,0.7428409953671046,0.549641013451269,0.9422864428387356,0.9412864046858448
0.8423505410764376,0.7779352962377092,0.708823563653916,0.16717102191690836,0.809519762005948,0.020849233307971917
0.8430848678571099,0.771937726890322,0.7029645492777614,0.18009296518040763,0.8107097322566688,0.5928821686814574
0.8386836380633187,0.7545661451005994,0.6469399459769258,0.31613577695758543,0.8014619634508335,0.5923913642883879
0.8324620411788457,0.8069259617864679,0.7371740573263974,0.549152905949126,0.9496982575434458,0.9412737810591025
0.8422054197667461,0.7762076033505632,0.7065693338244655,0.20060920517856173,0.8087547811304603,0.020848934327338548
0.8429398404142883,0.7722510255466689,0.7056956941567492,0.1815969176320974,0.8199915002124953,0.5928703201896904
0.8385386794562009,0.779879954210444,0.7220490087263036,0.32838718790077914,0.809859753506089,0.5923794936499073
0.8323170368898514,0.8120250435816436,0.7640777146430915,0.5511645029100412,0.9538461538461434,0.9412613235327121
0.8420605018352707,0.8091212694118493,0.7663176903632969,0.19385662783236457,0.8204504887377198,0.020848632024698145
0.8427949287406045,0.83496496679871,0.7968410282135301,0.20050921700003932,0.831959201019913,0.5928586377982755
0.8383937458802477,0.8229357859512398,0.808567113636282,0.7047118773924148,0.9327156821079825,0.5923675344245726
0.8331808195383057,0.818003696648804,0.811435487517318,0.7293290622470885,0.9355546111346484,0.10696843437240178
0.8247655601630974,0.8336015285212628,0.811039294108179,0.5944769357490975,0.9503102422439724,0.10601693404337868
0.815399434715375,0.7751679231093616,0.7532715504756822,0.545535303471071,0.9450913727156376,0.02037780728928745
0.8450467886906501,0.5440839440866224,0.5704862824782866,0.7105840584296288,0.9304377390565151,0.020673532355761214
0.8371402752344776,0.5451950341796443,0.5734969982483824,0.7141518653652428,0.9389545261367402,0.10710491349485701
0.8236485703816494,0.7788123644102309,0.767883539677796,0.7571277216351346,0.9340926476837694,0.10601117589784712
0.7932132002792609,0.8258491791746845,0.8210492865928991,0.74601295152674,0.9297917552059971,0.10613446665236366
0.7939755541428233,0.8466750561025047,0.8506313220239223,0.7490576670105364,0.9275478113046347,0.1061535349727586
0.7939514147127924,0.8552605442260308,0.8638702465257047,0.7517351900055345,0.9341946451338572,0.10615752138120356
0.7940748205479236,0.852527159612533,0.8612921119840007,0.6243773720636763,0.9440203994900003,0.1061621611176992
0.7857486852625262,0.8511979422806004,0.8566662329935084,0.5766092309102295,0.9466043348916173,0.019854905664222027
0.8129850740046822,0.8453154618706613,0.8558968209662188,0.5463428728064996,0.9304377390565151,0.020166970575977324
0.8417263076185244,0.8487145815448838,0.8552267671631537,0.5324906979822124,0.9409774755630451,0.020433445370486338
0.8381640630363978,0.8486494652002843,0.8608795838968759,0.5339431076794456,0.9389545261367402,0.020183777716915454
0.8367877494438267,0.850525717040554,0.8640930444506427,0.5341262869755232,0.9399065023374078,0.019954439639078093
0.8325316606717696,0.8505120751484812,0.8644057273719226,0.53628087735616,0.9398725031873028,0.01969821655828664
0.8297205700711854,0.8462664787530303,0.8618757557831953,0.5337890353471713,0.9371865703355979,0.019455363448485252
0.8127353321236344,0.84553680738031,0.8622773498175762,0.5292093543984098,0.9347556311091694,0.019401804943691807
0.8248174560265444,0.848693895215751,0.8700419216894288,0.5086553110857388,0.9289247768805353,0.018976409761853923
0.8212770042027038,0.8472863487499109,0.8685718670718432,0.5370102589538956,0.9312367190819941,0.018722720265096367
0.8184665675413125,0.8518083767224767,0.8696903498396655,0.5152873705122314,0.9344666383339018,0.018474514294621967
0.8170902811701324,0.8481189690276842,0.8706166013360703,0.5262096296240117,0.9301827454312388,0.018239857683517647
0.8128341830113892,0.8480393525854819,0.8716717595595602,0.5411393180401189,0.926034849128655,0.017978279527381832
0.8100230955397003,0.849176760981428,0.8745972605461263,0.538058506744457,0.9226349341265632,0.017730065805557672
0.7930380221720612,0.8502437250067754,0.8764320787046396,0.5116817999714649,0.920662983425359,0.017685174417124937
0.8051201535843218,0.8455596034647044,0.8729963293012648,0.5311534057311813,0.9225669358265804,0.017240449583671814
0.8015797853019948,0.8469412786096671,0.8791319707850962,0.5214459751918927,0.9194050148745418,0.01698562506784313
0.798769395574038,0.8480772924216269,0.8786473974718962,0.5399737687883368,0.9204589885251835,0.016737416882697375
0.7973930998161718,0.8450915596237041,0.8765987012735781,0.520818130437875,0.9089672758179859,0.016502760271593045
0.7931370923954022,0.8482877673278937,0.8826032447930336,0.5167908067421896,0.912707182320446,0.016241181008121552
0.790326083146105,0.8511800451194407,0.8846404314621479,0.5329763435037882,0.9115172120696116,0.015992972822975793
0.7733409437587668,0.8483741957764916,0.8864925803155974,0.5271896170178769,0.9129111772205079,0.015948080327207383
0.7854232225420139,0.8438551715232816,0.8823193356947641,0.5145599346733312,0.9017764555885606,0.015491601125520081
0.7818828864873115,0.8475998619576406,0.8838426882860482,0.5067046679985454,0.9096472588184952,0.015226245847382684
0.7790724936304594,0.8479984269092633,0.8880354769728185,0.5315340994037363,0.9095622609434031,0.014963629010379825
0.777696263579402,0.8519819845495114,0.8909959049537766,0.5315937428684465,0.9099192520186534,0.01471449952194901
0.7734403156076501,0.8484244008000048,0.8903934253673653,0.5190545978737939,0.90293242668929,0.014438473957207328
0.7706293407762055,0.8480680309536139,0.891199889225208,0.5192417083969063,0.8971015724606559,0.014175853798197437
0.7536442257942539,0.8540722156352962,0.8965310588850974,0.4915426400937428,0.8920356991075096,0.014173610336111479
0.7657265646522968,0.8456488210812754,0.8910935146149108,0.5003083233566865,0.8882957926051631,0.013657308431693781
0.762186295243072,0.847784769490822,0.8950943819022037,0.5106443134185448,0.8895027624308796,0.013388074156672324
0.7593759618352371,0.8465853378660413,0.8937101618120284,0.4943808668848009,0.8964555886102517,0.013125461749012187
0.757999740232199,0.8523044552774617,0.8973674696525806,0.5120723812756531,0.8849468763280584,0.012876337797259763
0.7537438620348205,0.8478586109249779,0.8990401805189974,0.49746513289513006,0.8909817254568679,0.012694614046290159
0.7509329435234968,0.8498120118665509,0.9015450524805757,0.5022866835799438,0.8944156396089511,0.01253862588383968
0.7339478786038764,0.8468278882039972,0.9011715903916147,0.4863759356171433,0.8810029749255364,0.012568744306976881
0.7460302362352933,0.8460064424773976,0.9059726798305283,0.47900202585262286,0.8822099447513665,0.012233222703530153
0.742490034723104,0.846928691595225,0.9038903403929979,0.4935932316500946,0.879932001699899,0.01207062042506811
0.7396797326042264,0.847994940449297,0.9058796739810757,0.5054605339154303,0.8753761155970778,0.011914634477288986
0.7383035548057264,0.8488174231742456,0.9070548854476479,0.4731940151476133,0.8707692307691559,0.011771958704373243
0.734047729799574,0.8463385143797164,0.9060354952995304,0.47026691879994975,0.8776540586484316,0.011602618288303574
0.7312368550927903,0.8517153508188657,0.9092360740340726,0.500185502293871,0.8758181045473066,0.011446627911181735
0.7142518834142599,0.8453564948225711,0.9102855217603807,0.48659199426660327,0.8627624309391422,0.01147674633431893
0.7263342667026214,0.8469770729319868,0.9110293472189015,0.4737324741232938,0.8693922651932553,0.011141219194193811
0.7227940933504939,0.8507901158609648,0.9144892444998947,0.48685828526150843,0.8637484062898011,0.010978618023067443
0.7199838350361558,0.8476780838158564,0.9149854380108486,0.48042941865054334,0.8637484062898011,0.010822636504631038
0.7186076853977164,0.8485601581873041,0.9158467492020905,0.4902709477120202,0.8571865703356707,0.01067995630237258
0.7143519564486613,0.8469892308436637,0.9148056016170356,0.4803658439587981,0.8623544411389048,0.01051061588630291
0.7115411224175205,0.8474501587304766,0.9164074624777174,0.4735993683352051,0.8446238844028358,0.010354623294509712
0.6945561585612294,0.8467251538503267,0.9199432562503271,0.47610197158183487,0.8437569060772603,0.010386078271811643
0.7066386122497432,0.8492760803922601,0.9200861293484273,0.4650769843454172,0.8472078198044528,0.010052436924348113
0.7030984983466335,0.849201380752574,0.9211139745737678,0.466274618763302,0.8489587760305994,0.009895719027685074
0.7002883057391038,0.8450628991348539,0.9216952500659916,0.4696106024319524,0.8460688482787191,0.009747035958709942
0.6989122174270195,0.8491215676382708,0.9229604350637453,0.4647408048698931,0.8479388015298355,0.009614450228502616
0.6946564750237125,0.8476939606181639,0.9249194233354021,0.4649092917012949,0.8494687632808109,0.009449579019233996
0.6918456754104243,0.8471049634352594,0.9253175423773117,0.4565626613565188,0.8473098172545406,0.009300885984237752
0.6748607600520158,0.8478510479887436,0.9282445041887382,0.4615146175926699,0.8374330641732968,0.00934509414655645
0.6869432747539959,0.8457475147172415,0.9302591587410647,0.45064477484135423,0.831109222269447,0.00901145501376428
0.6834031796242601,0.8437113863384194,0.9285872446882084,0.444385387795891,0.8443688907776732,0.00885473711710124
0.6805930339501649,0.8495064906978209,0.9315167076088655,0.4642505927714584,0.838028049298714,0.008706049618783393
0.6792170144737852,0.8520152221345223,0.9322275317057647,0.4839807859094658,0.8183255418613271,0.0085734672105831
0.6749613096172267,0.8493692314508441,0.9326355666497579,0.4652484890884825,0.8341691457712841,0.008408591571971765
0.6721505725818524,0.8534812874899487,0.9337500874834888,0.4636502666066844,0.8256183595409539,0.008259899644311196
0.6551656888252895,0.8481665815553252,0.9361717588291478,0.4623169452920517,0.8226774330640865,0.008304108913965581
0.6672482626633967,0.8484139414201062,0.9361788637500603,0.46905768924778046,0.8290692732680327,0.007970467566502049
0.6637082175959916,0.8457404524008998,0.9357772697156794,0.44774539562975413,0.8130896727581103,0.007813750777174687
0.6608980813085834,0.8455018533842389,0.9362106477576315,0.43406611537627193,0.8177135571610279,0.007665062171521163
0.6595221150234307,0.8495758623115073,0.9369202987679004,0.4578101310262088,0.8185295367616163,0.007531373534977401
0.6552664790025768,0.8501590129692378,0.9382477458919058,0.4495772282998949,0.8030599235019054,0.0073652698610978855
0.6524557669983668,0.844753963023285,0.9386452451899352,0.43478116189360794,0.8078198045047884,0.007215352112840503
0.6354709448810483,0.8447158801528851,0.9402715195327556,0.4411693264064849,0.8126476838078815,0.007258332239891024
0.6475535415600948,0.8472767296962607,0.9421504501753144,0.45960944172724316,0.7950701232468873,0.006923461749823639
0.6440135465550196,0.8502942518573624,0.9424254836558708,0.4450751394483663,0.8040458988524506,0.006765513603221065
0.6412034884900035,0.8506322775605466,0.9440748434582291,0.4317883862579075,0.7969910752229907,0.006615600284306398
0.6398275722671807,0.8485990813839523,0.9447234054288767,0.44749085860658977,0.7966510837228498,0.006481788733502252
0.6355719831797613,0.8479323629627245,0.9454193114052305,0.43868089940279886,0.7833404164895228,0.006315685059622736
0.6327613118511959,0.8500805586803575,0.9473054797709621,0.4262067189276313,0.7922311942201077,0.006165763989358318
0.6157765210228345,0.8459951427712509,0.9466673427777283,0.40771716544870773,0.781351466213323,0.0062087474384158745
0.6278591771508975,0.8462651020483256,0.948377393212928,0.43794305971053404,0.7790055248617591,0.005974870391629674
0.6243192415948404,0.8477296655440743,0.9485098413336144,0.4160545435116747,0.7877263068422735,0.006016236023259993
0.6215092367210509,0.8466721775381223,0.9493191161726282,0.43642707532155556,0.7689247768805672,0.006065632053235512
0.6201333236271238,0.8518896916964573,0.950895611801641,0.40955014969040415,0.7731406714831337,0.006130626013587533
0.6158777814731398,0.8464475422406079,0.9506635619859196,0.42237448733722016,0.7657458563535329,0.006163952388187228
0.6130671539491126,0.8452688863413693,0.9517350770211053,0.43481392211889824,0.7555631109221395,0.006214656181599818
0.5960823975386038,0.8404336491088662,0.95069361956411,0.42059677853019517,0.7757246068847508,0.0063116676457787785
0.6081650912134151,0.8462027569924173,0.9535945742662775,0.41672126373303686,0.764419889502733,0.00632376528807349
0.6046252526531233,0.8502634637339685,0.9567336876881283,0.40369500397034086,0.7534211644708648,0.0063665084452886765
0.60181520710369,0.8476464374869326,0.9561079234387888,0.41049797249943887,0.7667998300041745,0.006417285322856092
0.6004394316811719,0.8499810425974248,0.9568257639217603,0.4251201118914574,0.7531831704206979,0.0064814111320356605
0.5961839208161441,0.8443907632912169,0.9548430261792653,0.3969433002301517,0.7436464088397088,0.0065050903981986015
0.5933733621278217,0.8460841458364392,0.9585723349784729,0.4141911816065271,0.743901402464985,0.0065448426417444
0.5763886733014596,0.8456798237560517,0.959422490779871,0.41620861584394886,0.7392435189119624,0.00662268391064592
0.5884713870012028,0.8422820807865339,0.9613524174902877,0.3896760895266673,0.736302592435095,0.006619818125908281
0.5849315390542236,0.8450821730007181,0.9588609585569741,0.4153298079095258,0.744241393965126,0.00664347081601492
0.5821215717271819,0.847583663328259,0.9609373882939323,0.3988150011017364,0.7377815554610834,0.006675159441145151
0.5807458338514118,0.8449125164949784,0.9612956887915378,0.40267574401549133,0.7263918402038598,0.0067224936120860905
0.5764903793065059,0.8459046736049485,0.9621496737247675,0.39755125059281116,0.7250998725030513,0.006738134728554084
0.5736798612938276,0.8432267147652723,0.9624496740302126,0.3904942215529166,0.7267318317042282,0.006774670161951953
0.5566952265973599,0.8417258026894661,0.9642593040267371,0.3900370476453201,0.7173140671482088,0.0068506212088491605
0.5687779756536249,0.8425628927877087,0.964127674853321,0.4062828235120892,0.7108712282192755,0.006855050551565761
0.5652381633760561,0.8444215514146105,0.963911295704285,0.3731858231058227,0.7214109647258056,0.006880862546246745
0.5624282501789089,0.8495324871736714,0.9671375716761463,0.39724918146095267,0.7050403739906415,0.006914711583286996
0.5610525848935186,0.8506142552444136,0.9689395434090082,0.3951904097756196,0.7124861878452293,0.00696418955610277
0.5567971610117906,0.8455049465000037,0.9677089533999967,0.3711523065759861,0.7064173395664284,0.006981971152438559
0.5539866085812593,0.846065283194058,0.9693800706392928,0.3834209513831506,0.6964385890352105,0.007015811330793378
0.5370020924699372,0.8444641935018895,0.970701165388526,0.3892411925722683,0.6918827029323893,0.007089066015311858
0.5490848825147352,0.8942905517042192,0.9672283420208883,0.3730181304617004,0.74067148321285,0.007091093546940381
0.5455451109128107,0.9010088527833877,0.9472711725204501,0.389069568701111,0.7365575860602576,0.007116905541621365
0.5427352850118523,0.8900049951137712,0.9253860462097858,0.3804807112360069,0.7631109222268151,0.007150751256654581
0.5413595743574744,0.8824915844902093,0.893190683638146,0.3789299414441747,0.7647258818529963,0.007200229229470352
0.5371042506004073,0.8466696208008138,0.8404746715766906,0.6097421285815414,0.9098682532935527,0.007218010825806142
0.7318072261763335,0.8605954001113307,0.8532772742530901,0.559816220298339,0.9427624309391831,0.09759695285954546
0.8302807969621031,0.8610086797119392,0.8519446699746529,0.5407459570804516,0.9346026349340946,0.020915302491268394
0.8423636364434519,0.8615244612355535,0.8551829645510485,0.5625345645195166,0.9338886527835939,0.020626238048904722
0.8388238604610732,0.841606440603649,0.8440531834096157,0.7131641743547639,0.9296387590309223,0.02038744443170309
0.8341924963237877,0.8641055680052969,0.8551118489407936,0.565719414348828,0.9427964300891745,0.10703166323968125
0.8458950407525969,0.8662899156308872,0.8553205698261666,0.5406110246616198,0.9540161495962138,0.020858534927676777
0.8416397664320816,0.8594659837543839,0.8526945600697158,0.556990422538209,0.9422014449637572,0.02061822315325904
0.8388292725118998,0.8487812712662883,0.8464943766875015,0.7114530978605114,0.9382405439863533,0.020386105662867002
0.8200232115935688,0.8627832520761691,0.8542217417928313,0.5598940903611198,0.9438164045898247,0.10659753228667056
0.8451842504637623,0.861909724001459,0.8557964445913335,0.5654914031808074,0.9424564385890335,0.020850373863721443
0.8416445777349404,0.8675064934869889,0.8531383630890814,0.5667182239812236,0.9476753081172546,0.020616815729610834
0.8388348012705338,0.8442955918737804,0.8412912948074271,0.7132542351922888,0.9337356566085191,0.020384754713338442
0.8356375586376208,0.8656271306516723,0.8515785784111245,0.5611527580714546,0.9382065448363619,0.10706615674608676
0.8444604367725139,0.8665513107319425,0.8584758629900331,0.5677746916101301,0.9388865278366438,0.020842367826761188
0.8416500783335144,0.8648862847277785,0.8557374582541628,0.5575488950333394,0.9400764980874783,0.020615427130669186
0.8246656407574737,0.8436955095361116,0.8404599969269555,0.7167687918707943,0.9375265618358526,0.020492139698159672
0.8349269010139619,0.8613897408466034,0.848879217539708,0.5614440262563081,0.9442753931151628,0.10705026647909097
0.8444653710409731,0.8663046124005909,0.8563110533490139,0.5451434514672353,0.9363705907352369,0.02084096040311299
0.8416556727989577,0.8628630830697539,0.8559757276423963,0.5551263061551461,0.9410284742881458,0.02061401749234962
0.8402801811672767,0.8450453059214857,0.844456238268857,0.7178194619325586,0.9377815554611288,0.020395571168252375
0.8342031796251352,0.8614672475335441,0.8497870095219662,0.5575288815138895,0.9327156821079825,0.10703398864460745
0.8444710446674768,0.8594233774256688,0.8525193274875844,0.5518321761561393,0.9397365065872236,0.020839558516143185
0.8274866712337969,0.8599262501077674,0.8503843762213656,0.565294325607334,0.941538461538471,0.02070321005929811
0.8395695764219537,0.8424276538995841,0.8433111065141854,0.6997443153762164,0.9334806629833565,0.02038746325640964
0.8342083301002847,0.8702016164372677,0.856553948682639,0.5532320900741798,0.9366255843602858,0.10703464197265815
0.8444767705465379,0.8629777429044372,0.8510911055819135,0.5528396027205205,0.9479813004675179,0.02083816438052314
0.8431013249096226,0.8623429211220794,0.8508106050749851,0.5537729316116997,0.9427624309391831,0.02062475421909466
0.8388460255579413,0.840204758542265,0.8346598582194216,0.6975055014345606,0.9331066723331105,0.02037950151287655
0.8342140490957752,0.8675833386405001,0.8538598777679145,0.564643449422203,0.9346026349340946,0.10703528422735206
0.8303078644126942,0.8638665577651525,0.8523774061390146,0.5785861615963832,0.9473183170420043,0.02090918446164109
0.842390876609084,0.8610707029407736,0.8531828075787771,0.5646888769346055,0.938291542711454,0.020616592047803643
0.8388512226536364,0.8423476262338985,0.8411439285661955,0.7155314083795574,0.9339566510836903,0.020378146134005272
0.8342198760381665,0.8651722102035704,0.8542760800509004,0.5586827562126591,0.9460943476412922,0.10703593755540276
0.8459226041331509,0.8620771277176822,0.852139003948521,0.5566816822332006,0.9367275818103735,0.020848890033911386
0.8416673467086722,0.8636562974102684,0.8532068005204254,0.573584250980335,0.9357076073097232,0.020608583796172038
0.8388571290699769,0.8416440407334382,0.8412918260164672,0.7141837122751613,0.9380365490861777,0.020376799613819427
0.8200511175881982,0.8649474676303648,0.8560102562300087,0.5675893680083972,0.9476753081172546,0.10660181767574886
0.8452122478221447,0.8639054273239553,0.8540676469037574,0.5644005869520512,0.9346366340839722,0.020840733399298768
0.8416727096358363,0.8675724680371184,0.8567875921254808,0.5747607600165778,0.9403654908626322,0.020607177479859518
0.838863127162961,0.8450705693467793,0.8389908719251904,0.7133685584512108,0.9421164470887788,0.020375448664290863
0.8356660375330449,0.8691862341401384,0.858453441541795,0.5730794655453169,0.9321716957075523,0.10707044213516506
0.8273969739303002,0.8636061817831644,0.8541428351166536,0.5595465142981311,0.9417764555885242,0.020880172266847366
0.8394550078397311,0.8664230090051865,0.859610835371811,0.5545956302148074,0.9377815554611288,0.020586399433175945
0.8344454425068837,0.849051552370437,0.8445171723725082,0.6895524703056355,0.937594560135949,0.020334983296567695
0.8298022054621197,0.8649792212349801,0.8557654131299026,0.5592019164374411,0.9397365065872236,0.10693489317468036
0.8400587586079737,0.8639737440600108,0.8528768754390497,0.55975907852356,0.9416914577135458,0.02079240373358227
0.8372372497235046,0.865221771572936,0.8565691324077045,0.5655992935227634,0.9371865703355979,0.020565613635142626
0.8344157639928622,0.8415165972122123,0.8412699136435595,0.7312142245930655,0.9256268593284176,0.020334025451205228
0.8297725285125455,0.8667285480531983,0.8553732037885651,0.5598733223637542,0.9471653208669295,0.10693467170754452
0.8400291217082647,0.8667987599931328,0.8543991877459636,0.5732538690719529,0.9331066723331105,0.02079145253223388
0.8372076306585008,0.8644282532846297,0.8570328336323672,0.5493356484421998,0.9442753931151628,0.02056467018514399
0.8343861249029261,0.8352085720142968,0.7668357741134486,0.7259047649529284,0.9131661708456704,0.020333077571863874
0.8297429513747434,0.8403073856202443,0.7763367798028302,0.5446846494757154,0.9461453463662792,0.10693447792380066
0.8399995045205984,0.8283694248689155,0.7623003777294681,0.5809186896370513,0.9334806629833565,0.020790507974899567
0.8371781063990347,0.8112998599086747,0.7382780203804544,0.5665282940932679,0.9299447513811856,0.020563723413138318
0.8343565849989822,0.7641179011339363,0.6573608729216501,0.3338945987203976,0.8017679558009831,0.020332124155844126
0.8332703428752035,0.8111013283627022,0.7355811827519788,0.5763068838128234,0.950208244793771,0.9403215831086015
0.8399329144244545,0.7806828412424541,0.7077921549012642,0.19371216516617573,0.8181215469612653,0.020789776026015647
0.8406683998351903,0.7802913207278913,0.707586222863352,0.18504329333263503,0.8098087547811019,0.5926972768431098
0.8362684935642632,0.7599011797787181,0.6591405781422441,0.3505253568710325,0.7939651508712586,0.5922063838631858
0.8300468754032999,0.817730536980273,0.7409696123196583,0.5717229936714789,0.9453973650657872,0.940848342691173
0.8397920962849659,0.7757288855782816,0.7059024230082216,0.19192603797398555,0.8098087547811019,0.020789481474724994
0.840527561983659,0.7741232187899525,0.7045608545772313,0.1943724524705719,0.8203994900127327,0.592685948799112
0.8361276901305841,0.7623539669424235,0.657693985257267,0.3482736373860802,0.7972800679982583,0.592194845425409
0.8299061148354916,0.8103884813942293,0.7398808108569566,0.5611882979522238,0.9455843603908534,0.9408218773684415
0.8396513576194264,0.7778962836446517,0.7040636207819069,0.19311279202613751,0.8177645558860149,0.020789171420734835
0.8403868743191194,0.7814551547024531,0.7096893901219996,0.2078725243643753,0.8098087547811019,0.5926745432416168
0.8359869899504617,0.7648261531269667,0.6614734490433523,0.3579539861391292,0.8010199745006048,0.5921834066478434
0.8297653667832656,0.812897641933696,0.7355686329384045,0.5537614556055068,0.9465363365915209,0.9407954120457098
0.8395107084403035,0.7774772647945605,0.7056388326557392,0.20018082055985675,0.8071398215042791,0.020788865796087387
0.8402461647523105,0.7768616096023758,0.7035161434648649,0.18477962315575314,0.8084997875052977,0.5926631376841215
0.8358463773794185,0.759138127786732,0.6584689307120586,0.3422332871923759,0.7944581385464744,0.5921718682100666
0.829624775175823,0.8144588787065583,0.7417961293187681,0.5530754763426105,0.9456353591159541,0.940769057456546
0.8393701637662958,0.7780432513416882,0.706196757083905,0.18470306350198407,0.8060688482787555,0.02078856460078266
0.840105658563719,0.7785233458186742,0.7056587529947462,0.1940893247053357,0.8120696982575737,0.592651909300335
0.835705843030766,0.7626054569213185,0.6667039545901263,0.34336428929748863,0.7913302167444272,0.5921603851390739
0.8294842971472924,0.8099612380744743,0.7369650929702141,0.5673913771195518,0.9435104122396751,0.9407425921338143
0.8392296597679314,0.7723705843045866,0.7028706138124885,0.20847892606183938,0.8137186570335189,0.02078825897613521
0.8399651774062926,0.7737654722388569,0.6964770260722266,0.18849526805349526,0.8130896727581103,0.5926404373026989
0.835565380646714,0.760612739438896,0.6579527061935476,0.3518370762916554,0.7932001699957709,0.5921488909947243
0.8293438454014854,0.8068432701077823,0.737532379957713,0.5635443736457371,0.9471143221419425,0.9407162375446505
0.8390892953183138,0.7798286049128905,0.7095247595869618,0.1974930128395862,0.8227794305142879,0.020787957780830483
0.8398247650845714,0.7757786614990297,0.7048286724683251,0.17756153293552235,0.8202294942625485,0.5926291756988421
0.8354250058717398,0.7593928539156468,0.6563745948037043,0.356656363542722,0.7964300892476786,0.5921374079237315
0.8292035400879958,0.8114583239839588,0.7406020599312695,0.5713644181146653,0.9465023374414159,0.940689772221919
0.838948988440376,0.7729525549297132,0.6991159619153219,0.19233798291599924,0.8123416914576183,0.02078765104884736
0.8396844654030939,0.7748606855295713,0.7100599969623695,0.194530773704793,0.8260093497663092,0.592617814434774
0.8352847906704453,0.7654376424464736,0.6576074424511366,0.36127706426448314,0.7999320016998581,0.592125913779382
0.8290632210073654,0.8112701266629119,0.7399289516762233,0.5480099513254528,0.9449383765405628,0.9406633511926145
0.8388087325634381,0.772394542542303,0.7029198170498357,0.21260909701025432,0.8077348066296963,0.020787349853542633
0.8395442470729026,0.7747936382225291,0.7066065184572785,0.2098933736070998,0.8133106672332815,0.5926065860509874
0.8351445785980469,0.7635257035595755,0.6614057641581486,0.3412384882057431,0.8044878878026793,0.5921143864149621
0.8289230292727883,0.810799633360294,0.7389933376204854,0.5614053096264195,0.9428644283892709,0.9406370630435914
0.8386685621053509,0.7714756189709051,0.7004056931974743,0.1834402263084305,0.80839779005521,0.020787045336230863
0.8394041288673737,0.7717852166159032,0.6991010659284866,0.19712045958664848,0.8074798130046474,0.5925952137135625
0.8350045073259524,0.7589554909223488,0.6542480543472886,0.3457103185219128,0.8052698682532764,0.5921029365640396
0.8287829088770318,0.8133211484835383,0.7426036555946913,0.566912601317946,0.9479813004675179,0.9406107084544275
0.8385284805079007,0.7760220700425159,0.7047772337262672,0.19823668980835762,0.806323841903918,0.020786740818919097
0.8392641295598802,0.7732835719544011,0.7030704812138586,0.20017704817027804,0.811644708882227,0.5925839631830623
0.8348644923739799,0.7621462633248477,0.6506511936687673,0.357848637196468,0.7886952826178231,0.5920915310065444
0.8286428679552253,0.8136044993427398,0.741750224004212,0.550970085863955,0.9489842753930589,0.9405844645988317
0.8383884852679713,0.7792991636179214,0.7109998385567191,0.1961633447864406,0.8116957076073277,0.020786441838285725
0.8391241615413425,0.7759030297837727,0.7066862219470165,0.2034331365985842,0.811644708882227,0.5925725576255672
0.8347245775466692,0.7613421068638242,0.6547633713836892,0.3485289685965247,0.7792605184870354,0.5920800368621948
0.8285029559439208,0.8124246991694608,0.742645466172896,0.5662537435506534,0.9393965150870827,0.9405579992761002
0.8382485713793288,0.777353861991039,0.7070750005633029,0.20442813413203687,0.8032299192519758,0.020786130676959884
0.8389843218075272,0.7706004817608261,0.7012791779292205,0.19330403232310456,0.8082957926051222,0.5925613735352077
0.8345847378128535,0.7618357538364737,0.6535107140658001,0.32936427651107336,0.8030259243518003,0.5920686313046996
0.8283630764731305,0.8107845790049528,0.7404520597785469,0.5674788568484179,0.9425074373140205,0.9405318107872881
0.8381087713824886,0.7818962365863817,0.707702978183643,0.188701041977682,0.7931491712706702,0.020785835018333556
0.838844563424999,0.7809558578767302,0.7076856917561269,0.19582422681798106,0.811729706757319,0.5925501451514211
0.8344449950748034,0.7591362325828529,0.6548752351540685,0.34187506901983844,0.8063748406289051,0.5920572257472044
0.8282232996301171,0.8108147592327628,0.738758498957303,0.5632153815650947,0.9466553336166044,0.9405054561981245
0.8379690514853766,0.7790075882890561,0.7049995225758751,0.18614248823719315,0.8021079473012378,0.020785528286350427
0.8387049208116104,0.778777195862777,0.7047719437695752,0.19728950234914655,0.8099617509561767,0.592538894620921
0.8343053806214766,0.7598216884914889,0.657579996650727,0.35444344010638607,0.8069698257543223,0.5920457980429955
0.8280836204086497,0.8128221019677615,0.7364962124574097,0.543852976556346,0.9438164045898247,0.9404792677093124
0.8378294016755281,0.7744471913775804,0.706288589846727,0.20434732557632085,0.8040458988524506,0.020785228198381377
0.8385653376472395,0.7745351038065742,0.6996384060063452,0.21765667339488903,0.799031024224405,0.5925275444302096
0.8341658131015834,0.764049691673572,0.659456536852605,0.3263174167216212,0.8027199320016507,0.5920343371187163
0.8279440050166533,0.8154365357189255,0.7405349062551059,0.5557373141388329,0.9456353591159541,0.9404530238537167
0.8376897850319738,0.7757492322010586,0.7049962246530839,0.2019611898942686,0.8043518912027139,0.020784921466398258
0.8384258264474687,0.7734112300270095,0.7038679809191483,0.1938608370249475,0.8134636634083563,0.5925163049730663
0.8340263050307084,0.7631480216091862,0.6529076811366386,0.34316594102436726,0.7882362940925987,0.592022931561221
0.8278045188480485,0.8147346845088073,0.7414141900188742,0.5690150533036662,0.9422864428387356,0.94042671355798
0.8375503573737171,0.7747273597246076,0.7025876343300392,0.17411202019522964,0.8161495962600611,0.020784620271093526
0.8382864185012546,0.7707707819207134,0.6993439391284019,0.19844707001876705,0.807785805354797,0.5925050322958525
0.8338869659201986,0.7580362276445952,0.6538787976632291,0.3652499464221408,0.8000849978750466,0.5920115813705097
0.8276651062084905,0.8108075181236023,0.7416520610003277,0.5720487692936382,0.9496982575434458,0.940400425408957
0.8374109847840243,0.7780811911778331,0.701063994000525,0.19864954806574286,0.804453888652688,0.02078431686111744
0.8381470981641193,0.7761433452114939,0.7035414644291138,0.18618152254199338,0.8186315342115904,0.5924938260587794
0.8337476925164986,0.7633836347857734,0.6579499394797967,0.34943799535694287,0.792180195495007,0.5920001204462305
0.8275257464472703,0.8095912442152926,0.7408692138110631,0.575235525172421,0.9438674033149255,0.940374292286929
0.8372716478637416,0.7759259331438582,0.7058447646936514,0.1918338328308049,0.80266893327655,0.02078401345114135
0.8380078310182095,0.7780217246863071,0.7072086439043297,0.18814661983767844,0.8212154696132075,0.592482597674993
0.8336084159839019,0.762262961397665,0.6579499394797967,0.33952367903127567,0.8000849978750466,0.5919887148887354
0.8273865274863539,0.8131004466280372,0.741099957737894,0.577528423267829,0.9421164470887788,0.9403481591649012
0.8371324379766234,0.7755383460713086,0.7027529288763773,0.19149074392594656,0.8166085847852855,0.02078371447050798
0.8378686577391701,0.7775407720037908,0.7067040174498628,0.19893370827444268,0.8021079473012378,0.5924713471444928
0.8334693177983592,0.7636306549441989,0.6540101833658352,0.34923408777286347,0.8014109647258465,0.5919773979180943
0.8272473504526392,0.8140159731358783,0.7424817431199686,0.5523606283720943,0.9416064598384537,0.9403218710158782
0.8369933732702628,0.7744847021109604,0.70230478764985,0.20001288965955055,0.8079898002548589,0.02078341106053189
0.8377296346471228,0.7755977052871432,0.704115347262195,0.19896523750944928,0.7995240118997344,0.5924601630541334
0.8333302915774157,0.7616547797453053,0.6505546242920034,0.3449426173879284,0.7916362090948041,0.5919660255806696
0.8271083342441625,0.8126075505852264,0.7388565291589273,0.5841285960750391,0.9394645133870654,0.9402957821872773
0.8368543439204239,0.7769890710028836,0.7016774740408102,0.20566448517981017,0.7973480662982411,0.02078310543588445
0.837590674132989,0.7768739820654353,0.7035281399356892,0.18905814828802825,0.8121886952825434,0.5924489789637739
0.833191331063281,0.7620199819569439,0.6547489844721842,0.34507020357442264,0.7777985550360427,0.5919546643166015
0.8269693023912073,0.8109208191328627,0.7390633908126598,0.5723930097700523,0.9409774755630451,0.9402696490652495
0.8367153843449588,0.7777089445291346,0.7047774771970772,0.19248959326770643,0.8103697407564141,0.020782798703901324
0.8374517605522902,0.7796490254057087,0.7093301600085735,0.1862758719908293,0.8224394390139196,0.5924377395066306
0.8330524831893906,0.7538181474639544,0.6492807407462167,0.3495737219630546,0.7903102422440043,0.5919432587591063
0.826830429173262,0.8089052519282001,0.7402823827576274,0.5654355321056761,0.9455163620908706,0.9402434052096535
0.8365765042434425,0.7742012439760677,0.7066281652256661,0.18908634193645968,0.8087037824053596,0.020782500830603633
0.8373130378342255,0.7729991304590051,0.7012303730986533,0.2091117741957198,0.8084997875052977,0.5924265443429143
0.8329137229245793,0.7611126620394846,0.656211137355297,0.3506013208843419,0.7921291967700199,0.5919320303753196
0.8266916779822471,0.8112059936788156,0.7451359954903893,0.5544971907014806,0.948746281342892,0.9402172720876257
0.8364377480461958,0.776404758191831,0.7065628707811433,0.22696303935789652,0.7955291117721117,0.020782195205956186
0.8371743026005789,0.7792432014656434,0.7085279236893423,0.1985638949676205,0.8122906927326312,0.5924153934726253
0.832775056526637,0.763516853315046,0.6555356607932801,0.332639266596638,0.8031279218018881,0.5919205362309701
0.8265529565157417,0.8122091107885767,0.7381809197946505,0.5726913859310598,0.9395155121120524,0.9401911389655976
0.836299174576455,0.7815589618130364,0.7090798941495158,0.20578281908449525,0.8065278368040936,0.020781892903315783
0.8370356768782803,0.7735585195511199,0.7006209877947197,0.20067194597366322,0.8128516787079434,0.5924041983089091
0.8326364464488165,0.7620896753977041,0.6549662711033304,0.36347053011246455,0.7961920951975117,0.5919092967738266
0.8264143495668179,0.8106569209323444,0.7363451498866067,0.5507960000122305,0.9439864003398952,0.9401650058435698
0.8361605582408433,0.7792408771589993,0.7050146841672303,0.2104257570500898,0.8063748406289051,0.020781586171332654
0.8368971293783738,0.7815088640652145,0.7080167013892931,0.21470459985727675,0.8025499362515802,0.5923930031451929
0.8324979552690319,0.7633463386037761,0.6588829196240438,0.33377646336253264,0.7984190395238784,0.591897968729829
0.8262758586999217,0.8108493914017605,0.7382131022090017,0.5746653384149141,0.9500042498937091,0.9401388727215418
0.8360221233811798,0.7805672159265495,0.7049119173516644,0.19572813015712964,0.8028219294517385,0.020781287190699282
0.8367586757453367,0.7744981294516506,0.7045826341478789,0.19663628331154026,0.8070718232044101,0.5923818965683311
0.8323595016359944,0.7573221291263907,0.6513577902270551,0.3507447511070674,0.8134636634083563,0.5918866739059017
0.8261374153922398,0.8118445343518039,0.737272729405612,0.5745636824431044,0.9432044198894118,0.9401127395995139
0.8358837708114728,0.780332675506875,0.7071585110511621,0.2065027101442376,0.8118487037822888,0.02078097935138048
0.8366202815613168,0.7768067380862924,0.7039778747893368,0.2137065447027966,0.8164555886102107,0.5923706571111876
0.8322211637720964,0.7626173108852037,0.6564116687679673,0.339220021524858,0.790106247343715,0.5918753347885473
0.8259991447995993,0.8129173627816071,0.7415593207553951,0.5767410659986705,0.9473183170420043,0.9400867172110539
0.8357454235608883,0.7777921725862764,0.7028533273849724,0.20044210817489927,0.8072758181044719,0.02078067815607575
0.836482021919811,0.7779651367591636,0.7068230304085745,0.19290677984576665,0.8006459838503588,0.5923595948277529
0.8320828853572171,0.7635438152721179,0.659379489408068,0.34884132245365596,0.7935061623459205,0.5918640621113335
0.8258608917287749,0.8112561629437651,0.7405009974113741,0.5762497023286803,0.9454483637908879,0.9400606505291668
0.8356072255586264,0.7799859068348526,0.7079260638468112,0.19817160616078078,0.8159456013598856,0.0207803780681067
0.836343874918549,0.7744510175439023,0.7053350253521726,0.2018951532219564,0.8000849978750466,0.5923483996640367
0.8319447540004332,0.7617512205917549,0.6544798606921998,0.35841660022959165,0.7957501062472829,0.5918527340673357
0.8257227387826105,0.8141069071635096,0.7429366351280481,0.5623182279045089,0.9411814704632206,0.940034561700566
0.8354691223619035,0.77739148000011,0.7067391215139351,0.20810375199087883,0.7973990650233418,0.020780074658130615
0.8362057623351391,0.7764500464128279,0.7013717853718929,0.20039334507592188,0.80839779005521,0.5923372930871749
0.8318066820926666,0.759649582524132,0.6552682413089663,0.3508448187043176,0.8018189545260839,0.591841461390122
0.8255846287023165,0.8132202378166193,0.7408905728412206,0.5657586472004481,0.9431024224393241,0.940008428578538
0.835331098326241,0.7761679649826398,0.705004790398857,0.18286368605268544,0.8061198470038562,0.02077976792614749
0.8360677185874335,0.7751930613796819,0.7026943630796967,0.19264164042241716,0.8049978750530045,0.592326142216886
0.8316687134384573,0.7590641075597574,0.6523332670945171,0.3364761044732718,0.794390140246378,0.5918302219329787
0.8254466566063225,0.811623081566464,0.7393653831520057,0.5634529229804721,0.9395665108371531,0.9399826276572137
0.8351931453165098,0.7761951414910943,0.7078904507074087,0.19452557177811025,0.8099617509561767,0.02077946673084276
0.8359298218978242,0.773378206993381,0.7016393376584668,0.19021750287902828,0.8096897577560185,0.5923151020801648
0.831530816748848,0.7738969743570692,0.7174847278507631,0.35329695134931827,0.8216234594134448,0.5918189049623376
0.8253087999665771,0.8111125207931578,0.7643079273608822,0.5722639146277266,0.9418954526136076,0.9399564945351859
0.8350553102661453,0.8071860874585097,0.7615267602972768,0.2039239046281145,0.8272503187419034,0.020779161106195317
0.835791940852693,0.8340622239774114,0.7948216149135521,0.2101120530745828,0.8184785380365156,0.5923039179898052
0.8313930045394211,0.8238881974175951,0.8088427225932988,0.7272494828550256,0.9257968550787155,0.5918076655051944
0.8261791914684493,0.8191382086010859,0.8074643458025654,0.7539407275001682,0.9382405439863533,0.10688112095410082
0.8177283693780377,0.8326470966960553,0.806408257963255,0.6208051970980237,0.9362175945600484,0.10593416070136225
0.8084381287239126,0.7718017191930766,0.7386690566351617,0.5793286472842352,0.9432554186143989,0.020332723224446545
0.8380509087150139,0.5447011905348942,0.5677397104034235,0.7080601709639016,0.924606884827881,0.02060404814923024
0.830142970359756,0.5450277198598308,0.5677577715107899,0.7440108053944536,0.9313047173820905,0.10701765544333999
0.8165290542841621,0.7764816927417517,0.7629765183027852,0.7804747230639175,0.9188950276242167,0.10594030641438153
0.7863259874757396,0.8300958125684843,0.8175189155792411,0.7861175031053718,0.922838929026625,0.10607486984611182
0.7871570609618348,0.8516889073609684,0.8502069302682336,0.7723057127042605,0.919167020824375,0.10609010678505691
0.7871372753901174,0.8577820951078388,0.8657486459592234,0.7704357987540553,0.9237569060773012,0.10608548919527487
0.787124362124831,0.852172434660075,0.8583201966075484,0.6344226895811407,0.9367275818103735,0.10608775923341712
0.7787549557768787,0.8487683981833363,0.8544539244108127,0.6035776072066459,0.9344666383339018,0.019809163841987703
0.805193421056698,0.8450810108473961,0.8504721142478364,0.568858360153369,0.936506587335316,0.020107380413739547
0.8347562920330973,0.85083710261374,0.8553487903064265,0.5698571697857644,0.93106672333181,0.020359857377928437
0.8311772171212062,0.8507602753395107,0.8547378335090823,0.5823162607026167,0.9301827454312388,0.020110020301998644
0.8298030655955371,0.8477420380071337,0.8594641331418795,0.556128054280477,0.9361665958350613,0.019880673365475846
0.8255486539115551,0.8495940812997409,0.8600807561689858,0.5601484288374643,0.9328686782829436,0.019624454714027118
0.8227394656795326,0.8502006716960133,0.85952192425871,0.5651820672353394,0.9254228644283558,0.019381600496890045
0.8057564173331659,0.84836332517311,0.8617963400316875,0.5543054738921456,0.9272078198044937,0.019342019890374505
0.8178402033054524,0.8459222668183164,0.8629179657863306,0.572795265627253,0.9279558011048721,0.018902650132265754
0.8143017258147736,0.8502501257896877,0.8651870030677764,0.5566936347517613,0.9243688907777141,0.018653187335795515
0.8114931164284482,0.848955630023162,0.8657268442548656,0.5624763505919099,0.9267488312791556,0.018410338655336842
0.8101190015108592,0.8491487441467254,0.8695253208978477,0.5609546877638811,0.9201869953251389,0.01818099171881404
0.8058646117291466,0.8511130156916802,0.874756844595282,0.5471978948318938,0.9158521036972616,0.017924775282036665
0.8030554829461423,0.8510051678633925,0.8737736209293174,0.5480633604200171,0.9206969825754641,0.017681915528221202
0.7860724896683391,0.8485443707814058,0.874588274259863,0.552571008582504,0.9154951126221249,0.017642259622879485
0.798156320696723,0.848739719815204,0.8689328014809399,0.5445977653873093,0.9186910327240412,0.017197530360083643
0.7946179026550615,0.8470794854585832,0.8732089678533093,0.5251768684854059,0.9081512962176248,0.016942696985569532
0.7918093830680424,0.8506659621276045,0.8796195764165673,0.5510499811042993,0.9146961325966458,0.01669448769308809
0.7904353119549912,0.8527535113211078,0.8835537769693169,0.5091357943899961,0.9097152571184779,0.01645981668661994
0.7861809096576966,0.8520899396534902,0.8848006131214741,0.5359189662127715,0.9013684657883232,0.016198237423148444
0.7833718121636486,0.8531033015917675,0.8838714621090582,0.5471980139599859,0.8993285167870226,0.015950018164645894
0.7663888655063906,0.8512059521988817,0.8846507457710115,0.5488718430708175,0.9019974500637318,0.01590511238084933
0.778472784456743,0.8504731877103966,0.885368032911233,0.5274310499509252,0.9082022949426118,0.015460384225389166
0.7749343914462474,0.8501653064764587,0.8859660636219326,0.5291828682526296,0.8899617509562177,0.01519976723662285
0.772125847766731,0.852466227019893,0.8874654232715684,0.5375649987688111,0.8982235444112803,0.014944977048200223
0.7707518235871151,0.8535550395276952,0.8922155830437541,0.5443250017660739,0.8980875478112011,0.014703644310286305
0.766497549574543,0.854181779874644,0.8911106903738768,0.5377313810039219,0.8931576710581339,0.01443548636554498
0.7636884927561378,0.848839468328801,0.8922343302961309,0.5104343700111389,0.8947216319592144,0.014180690640443958
0.7467056083639041,0.8493775453169172,0.8927897314813555,0.5254975613089747,0.8793880152995825,0.01412912312520163
0.7587894806937108,0.8501563668355199,0.8941687722833893,0.5068093815913823,0.8881427964300883,0.01367781075179324
0.7552511324264226,0.851028393050552,0.8945157403214707,0.5481884449165799,0.8798980025500214,0.013416404232687695
0.752442707644942,0.8533605486994271,0.898993345588621,0.5233008790025104,0.884589885252808,0.013161611829593713
0.7510687053675964,0.8522913318845633,0.899829114478514,0.5138633530102499,0.8777560560985194,0.012983041770638325
0.7468144939329364,0.8508128940660773,0.8972770977146192,0.5321696874837316,0.886425839353933,0.012813858596235093
0.744005421470054,0.8510640979764623,0.9010275220731743,0.5249133968553439,0.8743561410964276,0.012657860467763498
0.7270225646121014,0.8483907162329469,0.9019181825638865,0.523599612547794,0.8696982575436323,0.012664394855606165
0.7391065064033917,0.8492399642428665,0.9032272808422956,0.5162828842674161,0.8725371865702982,0.012352425174719274
0.7355682354198265,0.850403583666046,0.9031526238384395,0.5139847842453258,0.8829239269017535,0.0121898140375718
0.7327598669584683,0.8517554182895541,0.9054081816904902,0.5187529258355754,0.8781640458987567,0.012033819231107242
0.7313858459077474,0.8484993149910733,0.9069174129747897,0.508283115217077,0.8725371865702982,0.011891126848156314
0.7271316532464622,0.8524388359600561,0.9081271751626838,0.503354825761863,0.8652783680407765,0.01172177868073689
0.7243227028105101,0.8488847923083616,0.907292070284091,0.5297484487239139,0.8664003399915146,0.0115657750155869
0.7073399019597906,0.8496697464206482,0.9125810530927057,0.49750253911600684,0.8569485762855038,0.011595874614017551
0.7194238816107186,0.8512871420178894,0.9134714258451877,0.5273853444729748,0.8602804929876129,0.011260343044549714
0.7158856137560492,0.8516516111789709,0.9113132341834609,0.4951349477069371,0.8489587760305994,0.011097728585395199
0.7130772578102724,0.850860560231564,0.9159176213415354,0.5236047747651122,0.8583425414364001,0.010941734886266319
0.7117034047812498,0.8487841677099526,0.9144875180705141,0.49490431572089344,0.850250743731408,0.010799040288644035
0.7074491714443205,0.8516964881764846,0.9179374330482939,0.4962119053676619,0.8494687632808109,0.010632293252734935
0.7046402898440736,0.8499941481110413,0.9168730450677305,0.4924578218055793,0.8498087547810655,0.010483584715039185
0.6876575115214019,0.8535240368529189,0.9237880144809354,0.4963922255895321,0.8526306842328495,0.010527781804001091
0.6997415718978384,0.8478403919367443,0.9183734450017367,0.4883162542696997,0.8474628134296154,0.010194132705187806
0.6962033384610207,0.8510252999347871,0.919569240818616,0.4775360355529057,0.8385380365490391,0.010037401520496616
0.6933950138042011,0.852392707412811,0.9249690249795295,0.4998714012247243,0.8386910327241139,0.00988870405615766
0.6920211804872212,0.8495293940579065,0.9223659678803569,0.49552846750406054,0.8378240543985385,0.009756103930586499
0.6877670034704138,0.8510420349426249,0.9265989735182112,0.502323136776085,0.830837229069175,0.009591219433289729
0.6849581844480799,0.8504279888858093,0.9280628528307044,0.47011995444382926,0.8267913302166789,0.009442516432272376
0.6679754011191754,0.848846941868626,0.929638706582127,0.4824949806371186,0.8272503187419034,0.009486709091891567
0.68005946963074,0.8457145632007406,0.9260391013235649,0.488568091056113,0.8268593285167753,0.009153062207749644
0.6765212925140451,0.8503134363268174,0.928156257086937,0.4807168747364541,0.8208074798129701,0.008996329915722773
0.6737130773685731,0.8496264785585037,0.933471468341911,0.4989597139369186,0.8248703782404618,0.008847633558719495
0.6723392471804885,0.8499260459263684,0.9344272683411761,0.4806853852108115,0.8324691882702382,0.008715032325812656
0.6680851264838035,0.8543656861680404,0.9347640770063643,0.4731405266343214,0.8217254568635326,0.008550147828515885
0.6652763231059473,0.8498196999577583,0.934988357889873,0.4795365138919041,0.8161495962600611,0.008401444827498529
0.6482936467852745,0.8476170260682432,0.9344131691679012,0.4646145290924104,0.8158436039099115,0.008445640809124761
0.6603777741200783,0.8515157286366988,0.9384705880842639,0.48323154962973613,0.8153846153845734,0.008111988388304438
0.6568396564524006,0.8511326292639003,0.9386056701164414,0.4717437497560355,0.8134636634083563,0.00795525609627757
0.654031431920242,0.8541344534155131,0.9422599235050129,0.48943169030412914,0.8101657458563523,0.00780655752460293
0.6526576267633222,0.8510699623809181,0.9383684631462883,0.45054681184039524,0.7986740331491546,0.00767304938377487
0.6484035655156544,0.8502250769157766,0.9432423946248374,0.4848051523058612,0.8043518912027139,0.00750693685120992
0.645594809071234,0.8530987066163247,0.9427679806845308,0.45790841170207996,0.7928601784955163,0.007357003600253031
0.6286121490208187,0.8494586457395155,0.9438115187102669,0.479476155658642,0.7930301742455867,0.007399970439275404
0.6406963070187994,0.847877795394433,0.9445410679258326,0.4650495451749015,0.7972800679982583,0.007065091090522584
0.6371582362845567,0.852242879030674,0.945403087395795,0.45958232023163914,0.7880322991925368,0.006907132977898896
0.6343500555569372,0.8483647197570963,0.9453876601999196,0.46213213791205066,0.7884402889927742,0.006757205263620401
0.6329763076588089,0.8484332331652527,0.9458034862098352,0.4636638869185321,0.790055248618728,0.006623377102781069
0.6287223143081766,0.8530210211365652,0.9488134051663708,0.4545622227268842,0.7809604759880813,0.006457265677551799
0.6259135516059646,0.8527991392484602,0.9481176319922768,0.4497161713644897,0.7826094347640264,0.006470710947368035
0.6089309622685914,0.8476911714501911,0.9496205330355139,0.462637241021981,0.7842753931151947,0.006564954072349122
0.6210152247716874,0.8488352130597141,0.9506067004849097,0.4378846869454711,0.7743986400339509,0.006576956483775427
0.6174772040997749,0.8482033592381482,0.9522377114416716,0.46601150451751616,0.7665108372290206,0.006618268963293148
0.6146690296299471,0.8488515368440686,0.9517477375032297,0.4549230617174451,0.771661708457259,0.006667619592505821
0.613295303634088,0.8474613332816503,0.9530626569473708,0.4455136896642522,0.7706587335316044,0.006732559293409564
0.6090413728613693,0.8514832419815266,0.9531977389795483,0.44565807291171344,0.7520101997449729,0.006765839159910732
0.6062327008971313,0.8501445128716347,0.9535567256221642,0.43387773415351183,0.7528771780704346,0.006815179823102291
0.589250058994311,0.848005489225605,0.9561438243164213,0.4468573751228857,0.7541861453463525,0.006905652470095873
0.6013343552894796,0.8491065311622117,0.9571382919070701,0.4517479009729468,0.7474033149170509,0.006905780921034654
0.5977964190977505,0.849949396268501,0.9574298371352923,0.4527311048252953,0.7512112197194938,0.006936084269230271
0.5949883072058357,0.8507210481950704,0.9593670458363015,0.4368142813298046,0.7454823629408338,0.006972690572111606
0.5936146084313689,0.8519355341751924,0.9588660050428559,0.4357441139703222,0.7517552061198103,0.0070223446113003634
0.5893607286596496,0.8567686258938703,0.9606789329621717,0.4315197524105272,0.7260518487037189,0.0070410818383272586
0.5865520504376205,0.8505452412163648,0.960443186816879,0.4266927615428471,0.7279218019548352,0.007075876540037505
0.5695695174203692,0.8500262056634484,0.9608782912882115,0.42915049320817,0.733055673608078,0.007152206295736984
0.5816538205991084,0.848972901409456,0.9610562463166739,0.42595182452019076,0.7410114747131047,0.0071492607828304465
0.5781159188252314,0.8524960496620655,0.9639928141582437,0.43644919343729716,0.7339226519336535,0.007172870286845596
0.5753078601245436,0.8495527622793209,0.9624292224821653,0.42987570532268693,0.7229239269017853,0.007204802525825243
0.5739341895101369,0.8499921277521891,0.9659123601586668,0.42843477163164634,0.7249128771779851,0.0072542406345565665
0.5696803629296441,0.8470119375316487,0.9635231589655888,0.40666109491344105,0.7180620484487008,0.007271982366807906
0.5668718129923369,0.8486110962613742,0.9633309498278815,0.41775168201916735,0.7065703357415032,0.007305780466406917
0.5498892621403804,0.846163529847977,0.963999299335276,0.41847050092608207,0.7127921801953789,0.007378995286840949
0.5619736632535539,0.8459004183358616,0.9683590868640546,0.42740256642413654,0.7005864853377943,0.007380980739713663
0.5584357345711739,0.8518024050423294,0.9688563206593792,0.4063584301411227,0.6921206969825562,0.007406756192317233
0.5556277080981111,0.8483978500664162,0.9680078912873615,0.3918211893693111,0.7061113472162788,0.007440560935930321
0.5542540640793181,0.8485862619388458,0.9699557905703047,0.4146956096572696,0.6898937526560758,0.0074899957226546065
0.5500003172856647,0.8477153799978538,0.9698568528865699,0.3904256831906727,0.6852868678282675,0.007507737454905946
0.5471917298016096,0.8495848198317282,0.9700573842992402,0.41519193699775836,0.6797110072246824,0.007541534447169281
0.5302092706262949,0.8466171987463478,0.9712242734908494,0.41285905157281455,0.6855418614534301,0.007614750374938989
0.5422936895741746,0.895860406290947,0.968904461478646,0.4127853112838884,0.7221759456012933,0.007616735827811703
0.5387558453719778,0.8978614555187245,0.9489196027069882,0.42177535245336584,0.7333616659583413,0.007642507958408237
0.5359478842928342,0.8929544866073273,0.9249711498156903,0.4071313332017896,0.7399915002123407,0.007676309380014286
0.5345742699985494,0.8804930741204582,0.8891943316276947,0.40030997923716494,0.7408414789629205,0.007725745274074255
0.5303206108139751,0.8498627532685206,0.8367603915665782,0.6226566064846106,0.8996175095621766,0.007743483684318553
0.7250351132415198,0.8678820656821167,0.8533989211232929,0.5699808247452236,0.9322566935827581,0.09755540562486376
0.8234997291279047,0.860542334402717,0.8512143239455268,0.5911920977412639,0.934398640033919,0.02086938349532541
0.8355842425684323,0.8670851324509716,0.855646953513941,0.5983002327326115,0.9377815554611288,0.02055652905323088
0.8320464503059037,0.845267187809591,0.8421500163545983,0.7434487987659284,0.9239609009774767,0.02031370141215011
0.8274142754717517,0.8642604204656417,0.8541044552635002,0.6180869720049382,0.9317127071822142,0.10694802617583506
0.8391200908480863,0.864611444406751,0.8522223816341203,0.5791087765358323,0.938342541436441,0.020788820395324537
0.8348665051925588,0.867374651662421,0.8517926777880296,0.5834506381036682,0.9323246918826271,0.020548511942913832
0.8320580012500183,0.8455650387663953,0.8373664568140109,0.7446215354125927,0.9300467488312734,0.020312352677292905
0.8132513211232366,0.8601819238386217,0.8488899081216417,0.5767350301753442,0.9345516362091075,0.10651399488303548
0.8384153196158359,0.8628507106066945,0.8504116892195153,0.5753280479905136,0.9395155121120524,0.020780656009362165
0.8348775273533069,0.8666664175486725,0.8533899348370297,0.58254768687594,0.9337356566085191,0.02054710230459428
0.8320695625194889,0.8445976980996719,0.8383714600506231,0.7338678425509424,0.9248788780280393,0.0203110039424357
0.8288718033059013,0.866497619248463,0.8532615814526947,0.5921325346085968,0.9335826604334443,0.10698270792930602
0.8376976761068331,0.8648144636524748,0.8518917704077344,0.5589684253771905,0.9334806629833565,0.020772634469702407
0.8348891605873776,0.8692673524420185,0.849932118124777,0.5766988152353871,0.9367785805353606,0.020545694880946073
0.817906731449463,0.8434055075840516,0.8386783439398808,0.7476958343725606,0.9241648958775386,0.020442176712316434
0.828167106854258,0.8644980540010812,0.8558562056083545,0.5750967012359185,0.9331746706332069,0.10696692839587814
0.83770877117085,0.8711213088177865,0.8551172716997453,0.5822054715770897,0.9199490012748583,0.02077122704605421
0.8349008939461102,0.8638680238662668,0.8501647434169586,0.6007760718679132,0.931100722481915,0.020544287457297878
0.8335273203274696,0.8469969189348712,0.8363223875792347,0.7253747243624136,0.9327156821079825,0.0203218170753426
0.8274495271747258,0.860012142177909,0.8488525685528585,0.5796566863401418,0.9330726731831192,0.10695077236831936
0.837720502339355,0.8641942313641295,0.8499467706408022,0.5978625958320973,0.9338376540586069,0.02076981519306329
0.8207381792710033,0.8650662933377253,0.8507971699130104,0.5791403057708389,0.9383765405864324,0.02065725452127771
0.8328227699952535,0.8452442665702236,0.8451047559720843,0.7472291302176071,0.9258308542285931,0.0203137124855069
0.82746076867106,0.8632520468470084,0.8497160267139714,0.59730733979545,0.928975775605636,0.1069514921365108
0.8377323264360612,0.8607793421632908,0.8530854635221627,0.5651554619614674,0.9327156821079825,0.02076840998408645
0.8363588404264992,0.8695697804949836,0.8543961554276924,0.5794765646650912,0.9317127071822142,0.020555000929993655
0.8321053548956332,0.8464880388140616,0.8380866434702434,0.7245976915278922,0.9255248618783298,0.02030574963463814
0.8274726018415639,0.8659687143319501,0.851132274282528,0.5898837933259442,0.931151721206902,0.10695226173480782
0.8235696708970814,0.8682112232614894,0.8537002273176284,0.5775332678102356,0.9373565660858958,0.020863213420921185
0.8356544362137104,0.8686419887997743,0.8537164734607741,0.5672660146574413,0.9282617934551354,0.02054683211468856
0.832116722173573,0.8448570013247476,0.8352102350524748,0.7469340896431746,0.9218869528260711,0.020304393148431178
0.8274845348238391,0.8663884841118801,0.8501367442737988,0.5833082006150425,0.9354016149595736,0.10695299811303444
0.8391905557686186,0.8663759149767201,0.8537465310389647,0.5872221143671776,0.9427114322140824,0.020779123456782227
0.8349370890111256,0.8674557699643013,0.8545134419570237,0.5788352584366812,0.9317127071822142,0.02053881721904288
0.8321286767452283,0.850914895369191,0.8390068524638161,0.7423348319779668,0.9265958351040808,0.02030304662824533
0.8133220050664649,0.8656448311407314,0.853513950014203,0.5818439178179768,0.9337356566085191,0.10651901111366203
0.8384862110048465,0.8654028350605136,0.8518896677052836,0.5787294726910168,0.9267488312791556,0.02077096350016257
0.8349485282536664,0.8686422033511567,0.8562655685749481,0.592439289445406,0.9375265618358526,0.02053740425871629
0.8321407918292305,0.8480144288665439,0.8399994608228241,0.735044828099553,0.9188950276242167,0.020301700108059484
0.8289429400003323,0.8696473586990519,0.8507533673009051,0.5757976509290383,0.9256778580535183,0.10698774630664616
0.8206771194979403,0.864190172767143,0.8548171385920402,0.5818433221775172,0.9272078198044937,0.020834184616092273
0.8327369988300335,0.8663726073095726,0.8523295087905578,0.5828499545546186,0.9272078198044937,0.0205166162460116
0.8277293430622068,0.8442304576498993,0.839904883479961,0.7443352308982374,0.9204079898001964,0.020261226988986556
0.8230852968850253,0.8671116474259966,0.8542105200018575,0.5861895914847557,0.94046748831272,0.10685226378630217
0.833345059026271,0.8653550794986178,0.8528344008495448,0.5801470969853961,0.9269528261792175,0.020722615009739532
0.8305253921226772,0.8694792934493993,0.854637080861127,0.5807597727623706,0.9369825754355361,0.020495827125971245
0.8277057605756037,0.8498222566950671,0.8416469613935418,0.7260099947674972,0.9068933276668076,0.020260274680302486
0.8230616446240493,0.8680864258739813,0.8537549861161875,0.5731096446619475,0.933225669358194,0.10685217519944784
0.8333214774783362,0.8644692683572577,0.8501969036976,0.579571470045023,0.9335826604334443,0.020721662701055462
0.8305018252805518,0.8651814001544555,0.8512239521093801,0.5586436821984946,0.9304377390565151,0.020494874817287175
0.8276821646347492,0.8386067440865796,0.7680919949586491,0.7417426065234465,0.9085592860178622,0.020259321264282742
0.8230380790334824,0.8426463532755148,0.7833456625475979,0.5870757456515168,0.9345516362091075,0.10685205339252313
0.8332978824761499,0.8284348272820248,0.7612097391688357,0.5720423760860363,0.9293327666807727,0.02072071149970707
0.8304783335319228,0.8151610696230323,0.7337386841960927,0.5858660395869799,0.9293327666807727,0.02049391918659607
0.8276586634994327,0.7561625325416339,0.6414131143205679,0.36789455035439245,0.8005949851253717,0.020258365633591634
0.8265721016025172,0.8113635816692877,0.7385449086557281,0.5810824907635026,0.9371355716106109,0.9380351563982929
0.833237584589182,0.7813685117024727,0.706159815921902,0.21543549041084398,0.8143306417339318,0.020719972906809075
0.8339755042807426,0.7740086841102424,0.6929508825971802,0.21513111813587416,0.8013089672757587,0.5920626295453186
0.8295776568231608,0.7821590441507054,0.7240728930357033,0.3624775180472113,0.8123416914576183,0.5915383393213114
0.8233553944225811,0.818171529467792,0.7666323431847673,0.5737056822154107,0.940178495537566,0.9385620267144323
0.8331035896324628,0.7405065930030719,0.7368859206895164,0.22195227355367875,0.8291202719931334,0.020719668389497306
0.8338415187107109,0.6914468805283858,0.7051405585760445,0.21166429211288262,0.8208584785380708,0.5920507256867678
0.8294437056709816,0.5467991097118865,0.5705591023842123,0.7213145213133461,0.9202549936251216,0.5915142769170035
0.8394355398509239,0.5557871141083304,0.5783296282240571,0.8097287306421317,0.9265958351040808,0.10540846416104264
0.7850364722648346,0.5221337463971907,0.49377524819967716,0.7906892421813354,0.9085082872927615,0.10607007508262109
0.7848250365147051,0.48663364554016153,0.44545414986478293,0.7986369125461221,0.9074373140670104,0.10606885701337404
0.785040133698538,0.45760739128082495,0.4116004478446348,0.7969374311861541,0.9160560985975508,0.10606891238015799
0.7850718237795795,0.4166436143125654,0.3651541566421249,0.8040286499884428,0.9220569485762553,0.10607072841067179
0.7852269994825929,0.3747311680116476,0.3281029369795285,0.407810403035352,0.7912282192944531,0.10607426081148827
0.7827441707125797,0.3701152452023719,0.32421082146298774,0.3825968232429393,0.7876243093921858,0.9289068347272211
0.8274926358475967,0.37009329302008215,0.3228350830104873,0.35217281896417596,0.7985720356990669,0.9382626031467902
0.8417374871627241,0.369466027022246,0.3208289986306759,0.3494377571007592,0.7943051423713996,0.935023867752413
0.8397410327077641,0.37152152760298296,0.3256865578039322,0.35424449619280507,0.7901402464937064,0.9352613358888064
0.8382235151828694,0.36736406712754927,0.321622144635207,0.3614343133458766,0.7919762005949451,0.9355400522792485
0.8367059945290776,0.36875926437339607,0.3230875932277399,0.3733007022958408,0.7943561410963866,0.9358187133029066
0.8207623477997634,0.3676701300385202,0.3205888921445117,0.35198288907622,0.7824564385889516,0.9399598608356503
0.8341434978177231,0.37063274313704664,0.32562138509481436,0.3575981902377945,0.7811984700381345,0.9364167853032154
0.8321470934250939,0.36817057828999616,0.3239189973500194,0.35292050657871,0.7961410964725246,0.9366241892759202
0.830629497677807,0.3693332429595232,0.3241242764434864,0.38042321207695196,0.7820994475137013,0.9368634845161844
0.8300507352089883,0.36359216800202854,0.3193020736585964,0.3791367081024615,0.7851423714406565,0.9371874909359037
0.8275885396285276,0.3663282130526696,0.32096936840617407,0.3615439111904839,0.7766765830853046,0.9373417427960093
0.8260706278627792,0.36561590961436574,0.32128441299431154,0.38008615899541986,0.7677688057797241,0.9375809273027056
0.8101270142997592,0.3635448504825386,0.3177788428027173,0.36413673411209513,0.78393540161494,0.941682277191141
0.8235081029913638,0.36014573259624444,0.31607566267110404,0.3530061993861966,0.7682787930300492,0.9381002234427998
0.8215117205010047,0.3659162207603565,0.32082530451447555,0.3717373843449885,0.7645218869527071,0.938298414382654
0.8199941810738398,0.36227860040552357,0.3185938878999301,0.3768243921280634,0.7773395665108183,0.9385376653294912
0.8194153904449601,0.3611253134193415,0.31700337499236936,0.3755615152251459,0.7712707182320173,0.9388617824827783
0.8169532073800827,0.3603107011542757,0.31711762256331644,0.37848094766555995,0.7645218869527071,0.9390160343428839
0.815435254938691,0.36080347561796966,0.31953874941970944,0.3807518467733184,0.7505992350190809,0.9392552188495802
0.7994916304245354,0.3612497818280629,0.31858175198673283,0.3747144350725491,0.7677688057797241,0.9433561258037437
0.8128727488406491,0.3600702820267196,0.31704717317773273,0.38301563790492277,0.7566170845727811,0.9397745039163174
0.8108763381902282,0.3571786425255358,0.3145577084916908,0.35835056355727923,0.7687207819803916,0.9399725509025336
0.8093588106528671,0.35964272760745997,0.31620600587596875,0.362838357037772,0.7598810029747938,0.940211624675662
0.8087799884221414,0.357845763230606,0.3133959587475454,0.36248561875746454,0.7677688057797241,0.9405360740296528
0.8063178056701528,0.35698937602343245,0.3125355284779617,0.38374545630566237,0.7538801529960892,0.9406898829554867
0.8047998845177178,0.3555777655968217,0.31304476759759425,0.3837563366713952,0.7546111347216993,0.9409290674621832
0.7888562212052563,0.3542656909203536,0.31321442469817473,0.387943768522681,0.7551551211219021,0.9450300187097739
0.8022373721618847,0.352890527409851,0.3122458159209281,0.37872936944667024,0.755053123671928,0.9414487400964082
0.8002409740270471,0.35659464260191615,0.3139532191644108,0.3837501817199769,0.755053123671928,0.9416462887815686
0.7987233782797603,0.3543196148344974,0.31249304724834376,0.39280506828084705,0.7297917552059516,0.9418854732882649
0.7981445435334522,0.35364886999899053,0.31089672866864804,0.37477161655669233,0.7409094772630169,0.9422101441093916
0.7956823858126292,0.3521839757365272,0.31266296995344434,0.39635679292404546,0.7356906077347958,0.9423637315680897
0.7941644615312975,0.35391209593851014,0.31273790362867565,0.39593837535570175,0.7247598810029103,0.942602916074786
0.7782207472178375,0.3539430002772362,0.3142769667273233,0.3884842526759249,0.7354016149596418,0.9467038230289497
0.7916019460465695,0.3513365406857899,0.31167404464378157,0.37956318667169486,0.7351976200594663,0.943122920909715
0.789605510364983,0.35097953433696416,0.30854472760198026,0.41085571415960875,0.72693582660429,0.9433200931007443
0.7880879615511316,0.34910328428462256,0.30654207394722,0.37345159787899584,0.7346876328091412,0.9435593219008679
0.7875090986447622,0.3507261133956264,0.3094442083761307,0.39710066843963676,0.7188780280492892,0.9438843249226982
0.7850469190216698,0.34844319550111497,0.30666977881385177,0.38587784915183,0.7205439864002301,0.9440375137405519
0.7835290041270255,0.34726113538660675,0.3065296724295027,0.4004561891153695,0.709307267318195,0.944276653953821
0.767585305770933,0.3462338115171111,0.30513282727113883,0.40553680369084244,0.7301657458563113,0.9483775609079845
0.780966472997819,0.34858429342991104,0.30801912945728094,0.4063866237895546,0.7212919677007221,0.9447971017230213
0.7789700154139632,0.34734766932296773,0.30879486287214897,0.39168840125613436,0.7254568635783016,0.9449940303002017
0.7774524759867987,0.34616049215798605,0.30694629746634977,0.3950048082083386,0.7189800254992633,0.9452331262200435
0.7768735827301412,0.34561017143763983,0.30608534041446783,0.4058977221001314,0.7154781130470838,0.945558616469573
0.7744114522307108,0.34743931852187404,0.307996437977781,0.40310897317660266,0.7030174245643366,0.9457113180597276
0.7728934935315275,0.3444995104473829,0.30667479209916854,0.4148753739480444,0.708882277942962,0.9459505468598511
0.7569497601318025,0.34407621844892294,0.3048597371303211,0.4052865155696248,0.7184700382490519,0.9500515202541555
0.7703309373711549,0.33955770017939,0.3019412436763437,0.399834419894042,0.7268338291542022,0.9464712825363282
0.7683345204629428,0.34210810643422074,0.30502306398983936,0.4147433006034196,0.7022524436889626,0.9466678346193772
0.7668169341023434,0.34205759209913106,0.30458163591755755,0.4081649679464028,0.7005864853377943,0.9469069083925057
0.7662381190680776,0.3421886722662909,0.3041642184938922,0.3901550241657292,0.7098512537185115,0.9472327972828796
0.763775910346256,0.342471506414246,0.3036098598064088,0.4042466067455013,0.6960815979600739,0.9473852774058984
0.7622579766782374,0.3429461638016131,0.3056502447966193,0.43022860244045,0.6878028049299019,0.947624129711891
0.7463142069833233,0.3386201088497833,0.3034789876058749,0.41129053169527974,0.7118402039949387,0.9517253024266176
0.759695423646761,0.33735961232567657,0.30065046768307907,0.4267836562770162,0.7000764980874692,0.9481451311489311
0.7576990255119234,0.34075063089728,0.3026256821775427,0.40694104592955793,0.6954186145345602,0.9483415724984122
0.7561814235068445,0.3373374455920043,0.2998338400256007,0.41666281154924634,0.6942116447088438,0.9485806462715407
0.7556025002127895,0.3385811051963666,0.3041074897951423,0.4165190239422447,0.6800679982999327,0.9489069780961861
0.7531404153952352,0.3383408970443366,0.3025306953610444,0.43082225743207414,0.6829069273267123,0.9490590152849334
0.7516224817272179,0.33577813084194363,0.3006393875478492,0.4211021198963094,0.6721631959200067,0.9492980890580619
0.7356786485157212,0.3339864962790175,0.29731139168490517,0.413397391420403,0.702813429664161,0.9533991621125772
0.7490598974067844,0.3350221322266583,0.3008631350089466,0.4151986875896365,0.6689672758179768,0.9498190240549612
0.747063439822929,0.3350138201485132,0.30026286658016516,0.4319171240159574,0.678623034424163,0.9500154211110152
0.745545822173372,0.3347039167677949,0.3008618158398302,0.41391416908334544,0.6747131321716324,0.9502546056177115
0.7449668913699674,0.33115261758586856,0.2970480647235718,0.42735682123682195,0.6682532936677035,0.9505812696430607
0.7425048297062409,0.33133954011411776,0.2975850086080211,0.4472779369968849,0.6777730556735833,0.9507327974573957
0.7409868491047877,0.33176069911424966,0.29735835720417064,0.42857760621391194,0.6779940501487545,0.9509718823038807
0.7250430668942918,0.333069576975118,0.298026700071452,0.4238645812208779,0.6645643858903441,0.9550728446248284
0.7384242585265635,0.33242781981931985,0.2975921334492726,0.4347010681064436,0.6635444113896938,0.951492717640569
0.7364278635206207,0.32882174388150415,0.2953158606580254,0.4143823424847666,0.6688142796430157,0.9516893140170453
0.7349102802889167,0.32862714935340115,0.2948863051077918,0.4364497890777568,0.6666383340415223,0.9519283988635304
0.7343312837787033,0.33001382354557673,0.2976807878113377,0.41764637278587036,0.6488737781554619,0.9522552289892315
0.7318691845682292,0.3289577247598267,0.29615227917230724,0.4574446857494252,0.6660943476412058,0.9524066017765714
0.7303512258690459,0.32564002375942014,0.29246069241239153,0.452412159213742,0.6283042923927269,0.9526456755496998
0.7144074070504702,0.3271539412248646,0.2948005524751087,0.4340089338921287,0.6463238419038362,0.9567466932374312
0.7277887110100969,0.3252180119175426,0.29334856339163157,0.4344090851530382,0.6452188695282075,0.953166566253172
0.7257922628129276,0.3260172775010085,0.2947939566295264,0.45911867369771264,0.6519337016574127,0.9533630076026531
0.724274645163371,0.3253456807177202,0.2934905157273954,0.4392557321558923,0.6478028049298246,0.9536020813757815
0.7236956398922496,0.3282590614256675,0.2963475305884552,0.4371759542170095,0.6444538886527198,0.9539294651693222
0.7212335807316403,0.3223133714965413,0.2909403635072315,0.44253167526619297,0.6455758606034578,0.9540803396556062
0.7197156376769351,0.32126899704988277,0.2911258530719177,0.4707964034593686,0.6111347216318563,0.9543194134287348
0.7037717647284643,0.3201990453965337,0.2897139682789407,0.4414870807371185,0.6437399065023328,0.9584204311164662
0.7171530627431886,0.3211543282755587,0.29028283871205357,0.45689026360942164,0.6278793030173802,0.9548403594989908
0.7151565895148551,0.32062212463153933,0.2896292709815508,0.45027003757339745,0.6194305142371377,0.955036701188261
0.7136389499630287,0.3210688599443976,0.2885899485422229,0.4341489491095514,0.6220144496387547,0.9552758746216005
0.7130599340536619,0.32085124762880496,0.2913218968748839,0.4376682709117352,0.6104547386315744,0.9556032584151413
0.7105979136913589,0.3209185988836391,0.2905527615189692,0.4642527767864777,0.6286952826178549,0.9557541329014254
0.7090799549921751,0.31766356119035827,0.288002608413457,0.4519721397513885,0.6284402889926923,0.9559932177479107
0.6931360097662149,0.3180838673487446,0.2893005085839618,0.458163147272064,0.6288142796429383,0.9600941689955013
0.7065174269918639,0.3181966176761232,0.2886155424151162,0.4515244563817853,0.6250063748406092,0.956514042011242
0.7045209287323653,0.31366744335459096,0.2853986298879366,0.45907070478601475,0.6054908627284021,0.9567104833607232
0.7030033392428692,0.31658529745886416,0.28790023336455806,0.4501362964354849,0.6150106247342819,0.9569496678674195
0.7024242056870253,0.31556841687791337,0.2887326939288163,0.4574055323165327,0.6272843178919629,0.9572769298540353
0.6999621903309556,0.31159553138101825,0.284798361237818,0.4688965089393524,0.6054908627284021,0.9574278154136763
0.6984442410184584,0.31286029032592466,0.2860326719234818,0.46024967580282516,0.5846153846152902,0.9576669999203727
0.6825002717000017,0.3142213882053739,0.2873041858342751,0.46365284771534365,0.6150106247342819,0.9617679622413203
0.6958816629558164,0.3140334000719248,0.2860569468485957,0.44634337711542216,0.5856353591159404,0.958187779890277
0.6938852022430657,0.3131314015651309,0.28889654734929565,0.4688900363130224,0.617254568635758,0.9583842212397582
0.6923675971090919,0.30848691910615467,0.2837793555522433,0.46109203054110726,0.6058988525286395,0.9586233393063137
0.6917885104866826,0.3121592806936046,0.28420336948550234,0.4529319150789839,0.581929451763699,0.9589507341732112
0.6893264920017175,0.3097964366877286,0.28614586548715826,0.46238254516136035,0.5954101147470965,0.9591015532927113
0.6878085082713681,0.30914274350214155,0.2845709183324976,0.46912019178669784,0.5770675733106145,0.9593406824326238
0.6718645461493713,0.30641436848463327,0.28098724845979256,0.4672370943276485,0.5744836379089975,0.9634417554871393
0.6852458707597084,0.3067988686991668,0.2832830453966376,0.46965475924470734,0.579685507862223,0.9598615177693121
0.6832494256914363,0.30429045193782633,0.27940359434628903,0.46759261226343507,0.5833064173395996,0.9600579591187931
0.681731848717523,0.30709449082469226,0.28303818857363156,0.47545677383575446,0.5575180620484161,0.9602971436254896
0.6811526794922687,0.3061724573310044,0.28148725251026147,0.465681241737226,0.5594560135996289,0.9606244720522462
0.6786907561257314,0.30386673441245765,0.2817326370009141,0.49295311670260444,0.5621249468762244,0.9607752911717463
0.6771727317197387,0.3032465037332477,0.2809297282595728,0.49243578310856595,0.5640968975774285,0.9610143649448748
0.6612287267318706,0.2994494564447999,0.277415979330125,0.49112807433370564,0.5376965575859458,0.9651154379993903
0.6746101849460535,0.30126389716351987,0.2769914376185509,0.48973094007114404,0.5662218444538212,0.9615352556483469
0.6726136929443456,0.30149898808628356,0.2804605949798001,0.4761941767250155,0.5685677858052713,0.9617316416310441
0.6710960127168764,0.29832131887309465,0.2744597548063019,0.4744655089825165,0.5467063323417278,0.9619707264775293
0.6705168822899275,0.2965718849579778,0.27427927837199656,0.48565425763602144,0.5499362515937491,0.9622982099312812
0.6680549201250843,0.2959970528149338,0.27245366982888025,0.47886836413343836,0.5637909052273926,0.9624490290507813
0.6665369676836912,0.2978822553097802,0.27727138710676863,0.47547567549301273,0.5291967700806026,0.9626881028239098
0.6505929464255669,0.2995295962010674,0.27795635316494566,0.46919508364717966,0.5349256268592626,0.9667985328649141
0.6639743082697627,0.29712923992419327,0.2743621286112863,0.4845495431298692,0.563450913727138,0.963230874480402
0.6619778819748636,0.2953572135697027,0.2724497121001938,0.47246308488468247,0.5345176370590252,0.9634665598063522
0.6604602392941419,0.2938961549495806,0.27066843118078426,0.47940070786706435,0.5229579260518449,0.9637665370418339
0.6598811170023224,0.29338270631466556,0.2708188281909273,0.47511964133549434,0.5389205269867716,0.9642858774753551
0.6574191686046196,0.29455219264540033,0.2705507519994376,0.4935218342136436,0.5316277093071449,0.964630081697862
0.6559011598431055,0.29009463182070916,0.2642282732293176,0.4897374524068383,0.5152571185720944,0.9650626734542788
0.6399571454685509,0.29291295106880383,0.2735937847568415,0.47631370191062006,0.5262048448788619,0.969357076245017
0.6533384691402193,0.2915559035618712,0.2712032641733101,0.5050802770458791,0.5225159371016161,0.9659703565104779
0.6513420146852593,0.29357516963236874,0.2734088228598019,0.4946473961358899,0.5175860603484352,0.9663602494031066
0.6498243845201204,0.28735879703042294,0.26535308446750516,0.49777295988476666,0.5011474713131747,0.9667928854529504
0.6492452309393446,0.2933313402105872,0.2726787377871168,0.49829545569612366,0.5152571185720944,0.9673135989827139
0.6467832950572241,0.2928613716648926,0.27281119254791625,0.496248993913627,0.5215469613259529,0.9676579360855022
0.6452653113268747,0.2896240239118946,0.2699979772002424,0.5110257218596517,0.5117722056947969,0.9680905056952053
0.6293213251123819,0.3746043538411438,0.33896819593928756,0.4780127067582203,0.46774330641733286,0.9723849306326573
0.6427026988463811,0.4274256079733587,0.3901282413877623,0.48227225081450875,0.5254568635783698,0.9689578374392562
0.6407061599112382,0.47001572911943934,0.4405856411451857,0.4896136783192868,0.5223629409264277,0.9692932051230436
0.6391885547772644,0.5094344750959304,0.5006498457258278,0.4989885429351739,0.5433744156396187,0.9696713491841165
0.6386093930613597,0.5654483271053239,0.5818597336331949,0.5399348536116282,0.84593285167864,0.9701375264316817
0.6498160835599296,0.5512554849613963,0.5751558534123341,0.7553024013006884,0.9263918402039053,0.1026853374789477
0.8176922938368354,0.5571340498086041,0.5798965178229265,0.8047235241488726,0.9178070548235837,0.1058706439268062
0.773127486742041,0.5565942742887094,0.5806011666147335,0.790235284732222,0.920611984700372,0.10768554495821923
0.7877512222906531,0.5512473856467057,0.5758318611833911,0.7883047345832068,0.9209689757755086,0.10607864586077773
0.7873208824293401,0.5456270512676608,0.5660160698702792,0.8057486213802285,0.9161070973225378,0.10605376402806722
0.787387869895233,0.5385210558402513,0.5593504588340218,0.794783992377073,0.9150871228218875,0.10605432876926359
0.788584893073037,0.5384420830521965,0.557942533540428,0.769017300853668,0.9168720781980255,0.10610817850334064
0.8167155671287856,0.530771477782364,0.5514415530392085,0.7062566113609205,0.9284147896302102,0.10588351116739793
0.8485584415330405,0.532779231740846,0.5516964315634318,0.7394425210331568,0.921376965575746,0.10563051818478256
0.8342044618465776,0.5355298698613559,0.5543777224739981,0.7117587408351285,0.9214279643008467,0.1071660052042757
0.8491757789049155,0.5369738900622267,0.5556220575169244,0.7407848960827785,0.9227369315766509,0.10566558750574125
0.8487693519415878,0.5320789717868151,0.5501631763502901,0.727591856991332,0.9245218869527889,0.10563314257034215
0.848841748329412,0.5350738766563411,0.5535766592413971,0.7075433138822311,0.916719082022837,0.1056339952188151
0.8498525937673165,0.5327583487396126,0.5510278297317434,0.7110236013796145,0.9249298767530263,0.10570261681085202
0.848980611847781,0.5293177670107153,0.548331766783118,0.7208286772449501,0.9234509137271516,0.10563578910261533
0.8490526358970207,0.5353382575974701,0.5530813953462634,0.7471569783032401,0.9166170845727493,0.1056365863843043
0.8346986355598469,0.5351437846484839,0.5562356482257595,0.7182021807826771,0.9283127921801224,0.10717206233044066
0.8496699638822087,0.5324068778164562,0.5531192661240868,0.7213996978991006,0.9265958351040808,0.10567166677861975
0.8492634327266564,0.5326127756265624,0.551063974080186,0.7121824000395189,0.9335826604334443,0.10563921076986389
0.8493358322433755,0.5355854029108686,0.5522496105241719,0.7220697934164018,0.920662983425359,0.10564005234498004
0.850346709283127,0.531883730028708,0.5550137346310711,0.7120136749519328,0.9216319592010223,0.10570868501037374
0.8494747292409275,0.5304179865003555,0.5483880970750877,0.710395438950685,0.9263918402039053,0.10564184622878026
0.8495466594232979,0.5334186306193645,0.5505857310080484,0.7423652493507815,0.9205609859752713,0.10564266565718285
0.8351927222898161,0.5316289145033839,0.5516414204405785,0.7272470208744584,0.921376965575746,0.1071781305299624
0.8501640030529649,0.5325407221205944,0.5566266844804666,0.7213593134759246,0.935860603484798,0.10567773497814152
0.8497574218350805,0.5320304831743621,0.5503288693034083,0.7087146209917914,0.9249468763281357,0.10564529004274242
0.8498298620274434,0.5386348574694044,0.557497402498462,0.7274280955742445,0.9243178920527271,0.10564612054450179
0.8508407105942446,0.5387547559336777,0.5533302225141707,0.7208847865762655,0.9269528261792175,0.10571474213653871
0.849968612905569,0.5417310127122051,0.5586447697578443,0.7108892248918783,0.9254568635783471,0.105647914428302
0.850040628506791,0.5321470560922062,0.551722949961392,0.7397611092604341,0.9176370590733995,0.10564873385670458
0.8356867101466827,0.5327547192453913,0.5562756217060336,0.7440707665340758,0.9242668933276263,0.10718418765612735
0.8506579477310718,0.5281599941127101,0.5471479785039178,0.706669985840038,0.9238079048022882,0.10568378103094965
0.850251394673248,0.5342528600325067,0.5538923523472379,0.7066060934733811,0.9217169570760007,0.1056513360955506
0.8503237409987414,0.5330422359772703,0.5522203143456055,0.732793426289513,0.923858903527389,0.10565218874402353
0.85133462773807,0.5365697825332217,0.5521481495974963,0.7233566150658042,0.925728856778619,0.10572082140941723
0.850462504392449,0.5347860380973883,0.5537254641737792,0.7276396670655736,0.924572885677776,0.10565397155446694
0.850534447090403,0.5302349026539255,0.552743679198965,0.7429284472602267,0.9077773055673788,0.10565479098286953
0.8361805152760438,0.5319876265357008,0.5553401183188456,0.7307718622782367,0.9266468338291816,0.1071902447822923
0.8511517563022166,0.5357167977533897,0.555275886292403,0.7299915335665041,0.9237569060773012,0.10568984923047142
0.8507451969866024,0.5381760929756987,0.553667540254689,0.7240645536069863,0.9250148746281184,0.10565740429507232
0.850817524538722,0.5340624278012249,0.5509772984717957,0.7427232292671357,0.9294857628559612,0.10565824587018847
0.8518283849953261,0.5344370166358493,0.5521985480551839,0.7002218204781747,0.9280577985550735,0.10572685638886861
0.8509562619625957,0.5319099410559411,0.5517246653239177,0.7289532925356681,0.9203569910752094,0.10566003975398869
0.8510281952738614,0.5335675113995619,0.5529645072237125,0.7457535302518048,0.923858903527389,0.10566085918239128
0.836674298816023,0.540860452598287,0.559735939527517,0.741791607878608,0.9205269868251662,0.10719631298181402
0.851645448165554,0.5364292156190975,0.5550030440491374,0.7270817107921752,0.9263408414789183,0.10569590635663637
0.8512388982366268,0.5304050776588396,0.552096303595174,0.7192342271527312,0.932222694432653,0.10566345034788048
0.8513112101442677,0.5366894485668308,0.5584478018724852,0.7229279127721875,0.9290777730556101,0.10566429192299663
0.8523220946933683,0.5400250610318227,0.5581664160171566,0.7289664363351482,0.9215809604759215,0.10573291351503354
0.8514499203467492,0.5334885386115071,0.5493824318634764,0.7251622792650767,0.9295877603059353,0.10566609688015365
0.8515218505291191,0.535049578712269,0.5542300906282462,0.7243780987450374,0.9176370590733995,0.10566690523519943
0.8371679521939437,0.5365398168567943,0.5562636031014994,0.7322919764410696,0.9288567785804389,0.10720237010797899
0.8521390158117326,0.5337711742994334,0.5503370587761112,0.7209956551205206,0.9250658733531054,0.1057019634828013
0.8517324815272844,0.5366497029232161,0.5541886784568217,0.7280643190040639,0.9175690607734168,0.10566951854740222
0.8518047465014904,0.5363243536308835,0.5525911779370116,0.7365200309717155,0.9196770080747001,0.10567036012251838
0.837450386967094,0.5350682268032678,0.5568601951210486,0.714926197963013,0.9164470888227925,0.10720591358215227
0.8528907339331626,0.5323253482910929,0.5517684679360231,0.7476892426181385,0.9272588185294808,0.1057384501934293
0.8529488015433033,0.5350257992673714,0.5548807553013444,0.7193754336510731,0.9278028049297973,0.10573916996162075
0.8530007552913204,0.5345907963392814,0.5551348502922335,0.7374608649326886,0.9261368465787427,0.10574202688767295
0.8530397310059112,0.5356412399081735,0.5575340780559448,0.7216291386042246,0.923858903527389,0.10574569216877093
0.8531424598469504,0.5360747588558675,0.55723514016858,0.7322264162811252,0.9239609009774767,0.10574240338180387
0.8532054836278196,0.531657592871516,0.5522852236635742,0.7258903504538006,0.9301317467062518,0.10574345535069905
0.8532524905917955,0.5367812050414282,0.5574394785793717,0.720788928171598,0.9220569485762553,0.10574595792933394
0.8532799134849336,0.5384566904254908,0.5575183631218392,0.7184239575805516,0.9208159796004338,0.10575076376618144
0.8533949867580266,0.5341248622535426,0.5553435490438967,0.7214975814813316,0.9336166595835493,0.10574632335010807
0.8534551444704697,0.5390778703157757,0.5582939725879312,0.7216369613489304,0.921325966850759,0.10574712063179705
0.8535056964732304,0.5356705440511713,0.5568589999007081,0.7165936338662422,0.9227369315766509,0.10574986682428134
0.8531316172848129,0.5385589956763963,0.5587371115959967,0.7205844249470585,0.9255248618783298,0.10571758798923411
0.8527060186390965,0.5375488162502934,0.5572992393927625,0.7283283068558575,0.9251678708030795,0.10568382532437685
0.8527782398087629,0.5385895692484075,0.5594801402409573,0.718398503878235,0.9221929451763344,0.1056846558261362
0.852850539200821,0.538666843504684,0.558067721804232,0.7311018073836149,0.928975775605636,0.10568549186457395
0.8529227478549055,0.5341071796437653,0.5551178294692376,0.7355058538154564,0.9229919252018135,0.10568631682965492
0.8529949752823645,0.5360742403566932,0.5529824576625287,0.7249007533938501,0.9289247768805353,0.1056871473314143
0.8530672496432579,0.5298975027256071,0.5522686012473584,0.7042724535705212,0.9341946451338572,0.10568799444320884
0.8531394301372806,0.5315056189755536,0.5535903821416019,0.7186303271451984,0.9290267743306231,0.1056888194082898
0.8532116481780521,0.5330817849487843,0.5538626710421175,0.7409488957560499,0.9229069273267214,0.10568964991004916
0.8532839569567972,0.5340842762836797,0.5504476166575999,0.7150289260876506,0.9267488312791556,0.10569050809520052
0.8533561624819859,0.5363539796009552,0.5542070051687081,0.7241305902792985,0.9252188695281802,0.10569134413363826
0.8534284055539225,0.5351620036367175,0.5559302472950725,0.7367756401477079,0.931100722481915,0.10569215248868404
0.8535006079502154,0.538588192543703,0.5574984427828323,0.734765671270716,0.9327156821079825,0.1056930106738354
0.8535728175429687,0.5399091138888443,0.5613359632902679,0.7183572061396872,0.9238079048022882,0.10569385778562994
0.8536450168103658,0.5324354489088972,0.5528655695399778,0.7197460808545393,0.9303867403314143,0.10569466614067571
0.8537172473667201,0.5366984060870515,0.5547002770299412,0.7295034657737249,0.9308967275818532,0.10569552432582706
0.8537894841808655,0.5374808392205934,0.5571772162494897,0.7126104669833118,0.9274628134295426,0.10569634929090803
0.8538616208703491,0.5384933429533406,0.556624825248826,0.7084409837645487,0.9284657883551972,0.10569717979266739
0.8539338670711811,0.5346463115095124,0.55543854692725,0.7152885459094054,0.9242668933276263,0.10569802136778353
0.854006097627535,0.5403505175998466,0.5583194484881502,0.7177575550341011,0.9234169145771602,0.10569887401625648
0.8540782875082455,0.5360296851862533,0.5521804648141075,0.7286122288083734,0.9265958351040808,0.10569970451801586
0.8541504961623301,0.5294685608740738,0.548616981770278,0.7337577681939671,0.9301317467062518,0.10570053501977521
0.8542227204608923,0.5371705979214477,0.5558493707187041,0.726404070495716,0.9197620059497922,0.10570137659489136
0.8542948759237508,0.5352113504547006,0.5526742678843808,0.7082171023703829,0.931100722481915,0.10570222924336431
0.8543671127378958,0.5329492100736595,0.5546415784310006,0.730922400477116,0.9231449213768883,0.10570304867176689
0.8544393307786669,0.5403472099326991,0.5619161763644115,0.7331160251625533,0.9247258818528508,0.10570389024688304
0.8545114665294822,0.5418349092191979,0.5616706471192954,0.7194816959091055,0.9221419464513474,0.10570473182199919
0.8545836376368192,0.5345345302392116,0.5546575368359161,0.7233524852919495,0.9227369315766509,0.10570555125040175
0.8546558769540806,0.5400229333972791,0.5617269774112652,0.7179077358487045,0.9253718657033687,0.1057064149722315
0.8547280637058954,0.5337155339742293,0.5536868187161057,0.7308103406519413,0.9240118997024638,0.10570722332727726
0.8548002348132311,0.5407115718180895,0.5619552202288651,0.7196946175188106,0.922838929026625,0.10570805382903663
0.8548724716273761,0.5386821839285353,0.5573925108467352,0.7106867071355385,0.9317127071822142,0.10570889540415278
0.8549446208324434,0.5393769013051841,0.5585458320741097,0.7188587354068585,0.928516787080298,0.10570972590591216
0.8550168013264665,0.5349391741466729,0.5541521135678888,0.7300309252555803,0.9210709732257101,0.1057105674810283
0.8550889411448463,0.5342256835240522,0.5527546132517089,0.7222948263821232,0.9254568635783471,0.10571140905614446
0.8551611288353298,0.5363427871704997,0.5582780141830157,0.7160837259232697,0.9352486187844988,0.10571222848454703
0.8552333062004576,0.54397033912957,0.5662804570363218,0.736087000357424,0.9271568210795067,0.10571307559634158
0.8553054278712424,0.5394470238487092,0.5572751136488541,0.7185689364684724,0.9324776880577019,0.10571391163477933
0.85537762713864,0.5402950024296157,0.5613950602959887,0.7159142463577679,0.9267488312791556,0.10571475320989548
0.8554497606992282,0.5406692694371663,0.5599437307970698,0.7248250276367247,0.923858903527389,0.10571558371165486
0.8555219286776681,0.5409107470182096,0.5631396614525106,0.7151111244711064,0.9251678708030795,0.10571641421341421
0.8555940997850051,0.541696916921664,0.5632350577426439,0.7446310656599497,0.9189460263493174,0.10571725578853039
0.8556662521189677,0.5412084013029134,0.559975913211421,0.7297180154673533,0.9265448363789801,0.10571809182696812
0.8557383659675128,0.5382912891888381,0.5561760200109986,0.7202075036640825,0.9215809604759215,0.1057189167920491
0.8558105589771192,0.5099363036279674,0.473726932081427,0.7304949291737828,0.9039524011899402,0.10571975836716525
0.8558827019243949,0.4818504191386413,0.43156498123039255,0.7171757731423096,0.9210709732257101,0.10572059994228139
0.8559548480005654,0.4515962694377742,0.3967094300273081,0.7267312756549793,0.9239609009774767,0.10572144151739757
0.8560269784322583,0.419444242905206,0.3624588905070598,0.7231389680417848,0.9251678708030795,0.10572228309251372
0.8560991338951163,0.3769812613325594,0.33078897335752044,0.35134027243879884,0.7970420739480915,0.10572309698423789
0.855329738451867,0.37634035701850677,0.32935545264167376,0.3606147914918878,0.7989290267742035,0.9349591993487505
0.8538119361974656,0.3759720545393906,0.3293253729297732,0.3474773058006606,0.7875903102421944,0.9352376942720567
0.8522941464586475,0.37321618851685956,0.3285660007533429,0.34878707946244814,0.7972800679982583,0.9355161891953628
0.8507763535909345,0.37431192567053295,0.3273063602499462,0.3409252210332401,0.7895452613684029,0.9357948502190209
0.8492585513365336,0.37488142907240607,0.3314449147070844,0.36396697658104515,0.804453888652688,0.9360732897755433
0.8477407615977159,0.37222765374939804,0.32778842138706027,0.3596065310308627,0.7973480662982411,0.9363518400656333
0.8462229781166895,0.3719966123051869,0.3257646588130656,0.3678677068243361,0.7887802804929152,0.9366302796221555
0.8447051664756016,0.37031879188691114,0.325249614021298,0.3512537457346685,0.7830684232893645,0.9369088409856026
0.8431873923812621,0.3698330529206362,0.3258327332515655,0.35667991119556697,0.7831704207393386,0.937157039204727
0.8416695744823834,0.37311494529529765,0.3307723509413046,0.35502688979146524,0.772426689332633,0.9373963344449914
0.840151734681235,0.3698746133113614,0.3280599289676125,0.36694235951531873,0.7787165320867189,0.9376354082181197
0.8386339543291035,0.36975312537892907,0.32580529187789786,0.35963051548671143,0.7768295792604931,0.9378744819912482
0.8371161458169118,0.3672466252766059,0.32199365231757426,0.35634428765113824,0.7830684232893645,0.9381134450308087
0.8355983904959468,0.3695427577483533,0.3260527888098336,0.34971175171227786,0.779566510837185,0.9383526295375052
0.8340805506947984,0.3650214699780575,0.32468021769123534,0.3741131558830397,0.7730386740331596,0.9385917033106337
0.8325627859871454,0.3691081731954593,0.3248862869581496,0.37620699093677445,0.7592520186994989,0.938830832450546
0.8310449993772226,0.3653079264685211,0.3204250385026952,0.3820997811338984,0.7698427539311297,0.9390699172970313
0.8295271689627617,0.3647767866417735,0.32248204590912155,0.3664949144018994,0.7745516362090257,0.939309035363587
0.8280094042551087,0.3654692744719721,0.3236221621651053,0.3750272257326843,0.7652358691032077,0.9395481091367153
0.8264915300361082,0.3638882167272196,0.32274537287045485,0.3596486626660542,0.7580960475987695,0.9397871829098438
0.8249737434261859,0.3618599981427002,0.3205160678118441,0.3722727856996415,0.7573310667232818,0.9400262566829722
0.823455984976325,0.36377823411267574,0.3214245193786607,0.35566168368418083,0.7749596260093767,0.9402653304561006
0.8219381264018026,0.36252072521657086,0.3190500924370131,0.37544040166498194,0.7638589035274208,0.9405046256963651
0.8204203554363589,0.36229970153399593,0.32021157879000933,0.3775689824122066,0.7536251593710404,0.9407436994694935
0.8189025093774185,0.3599701079862139,0.317672508033098,0.3677055734911723,0.7613259668507908,0.9409827732426218
0.8173847133808092,0.3637319857742421,0.3222820457054914,0.3818562436045587,0.7566170845727811,0.9412218470157503
0.8158669048686171,0.3619929967568056,0.32124958338824333,0.37957243895350445,0.7502422439438305,0.9414608654220948
0.8143491120009041,0.3580367318403442,0.31665112806445084,0.3808643831108611,0.7451253718655835,0.9417000388554344
0.8128313066176078,0.3588080798191218,0.31865853161337876,0.3927406994018221,0.7528771780704346,0.9419390683351356
0.8113135012343116,0.3603053713403479,0.3176762021492983,0.3818152635409229,0.7436464088397088,0.9421782971352592
0.8097956895932246,0.3578123003666433,0.317199154297501,0.36200640615285495,0.7408414789629205,0.9424173266149606
0.80827787482324,0.3562159004101114,0.31638014947956783,0.4073471933044295,0.738886527836712,0.9426564003880891
0.8067600725688404,0.3564723054035946,0.31712764913395,0.38985418602415445,0.7422864428388039,0.9428954741612176
0.8052422352708084,0.35720443338964475,0.3166767212733328,0.391463924221509,0.7390395240117869,0.9431347694014818
0.8037243798251819,0.35783872952111523,0.31931104445126257,0.3663109012091781,0.7506502337440679,0.9433738431746103
0.8022066276331117,0.3542671820524622,0.31517275117190247,0.39997042446570163,0.7233829154271234,0.9436129169477387
0.8006888097342326,0.3578334014951156,0.31776591228933077,0.38778088071160144,0.733055673608078,0.9438518799872991
0.799170982448667,0.3555886362002035,0.3159793544721183,0.4017613564909346,0.731593710157199,0.9440909537604276
0.7976531582919968,0.35564746261343827,0.31732976089351483,0.3903940745369383,0.7326816829579457,0.9443301382671241
0.7961353810687615,0.3548034371417551,0.31689466527566623,0.38447348778502244,0.7296217594558811,0.9445692120402526
0.7946175475254043,0.3550504626639651,0.3161289606448027,0.42225039557475674,0.7255078623034024,0.9448083411801649
0.7930997171109428,0.35313265043297004,0.3126656082916773,0.38519846164335547,0.7144921376964248,0.9450474260266502
0.7915819211143331,0.3525548349529519,0.3119418558947625,0.39052817305912635,0.7249128771779851,0.9452865440932057
0.790064059410915,0.35285130920505176,0.3130004382031907,0.41883487405003783,0.7264768380789519,0.9455256178663342
0.7885462728009931,0.3504066195681088,0.3128497784659099,0.4102838993181783,0.7157331066722463,0.9457648023730306
0.7870284298709493,0.3518312318085012,0.3123202228138612,0.39070094850183934,0.7221759456012933,0.9460037654125911
0.7855106025853833,0.3520420249659856,0.31392260824347007,0.4089831793913803,0.7188780280492892,0.9462429499192874
0.7839927878154,0.3496808852132582,0.3130365869783754,0.3924313634563541,0.7110242243943503,0.946481912958848
0.7824749980765815,0.3484242273709707,0.3101745566186278,0.41522092483346995,0.7210029749255682,0.9467210974655444
0.7809571833065987,0.3508996085831853,0.3141292087194245,0.4029709831367436,0.7083722906926369,0.9469601269452457
0.7794393184742852,0.348395239691262,0.3089025145975137,0.40592269929007996,0.7134721631958882,0.9471992450118012
0.7779215318643624,0.3470899859608303,0.31091335108486384,0.4205864938049224,0.705958351041204,0.9474383852250704
0.7764037640278145,0.3448454334293725,0.3067323131847367,0.40431300080208943,0.7096982575435504,0.9476775032916261
0.7748859179688741,0.34527234777034094,0.3096238920473447,0.4118151321029282,0.708882277942962,0.9479165770647546
0.7733680500076647,0.34631501742747245,0.30984737611729307,0.41092786607397525,0.7044623884403336,0.948155540104315
0.7718502452501479,0.342497935568718,0.30559483526698583,0.4104827241036675,0.6937526561836194,0.9483948353445792
0.7703324085778949,0.34475996509821144,0.3094663708599614,0.4041690940669962,0.6970845728856148,0.94863379838414
0.7688146532569298,0.34537444025779207,0.30951940544251105,0.40942526374066124,0.6869018274542213,0.9488729828908362
0.7672968228424679,0.3433272535431284,0.3071431325494488,0.39157856515534273,0.7000424989374778,0.9491120566639647
0.7657789298500934,0.3392226495887104,0.30250642132127886,0.4016311097770531,0.6981725456862478,0.9493511304370932
0.7642611025645274,0.34023654432958755,0.3054903486621522,0.40449574329516347,0.6864428389289969,0.9495902485036488
0.7627433315990837,0.33786666697180645,0.30302832534977786,0.41791790541682183,0.6748831279217029,0.94982927798335
0.7612254949268307,0.34131992332362693,0.30612808503523486,0.4212331210881066,0.6765830854228625,0.9500684624900465
0.75970767077016,0.3363096961955999,0.30404231708602447,0.4452174975182641,0.6617254568635644,0.950307536263175
0.7437633788625608,0.33835816306684613,0.30499456683820436,0.42773548973181397,0.6814789630258247,0.9544084432173385
0.7571445889553172,0.3377451772514459,0.3031378230265573,0.42129748996713157,0.6735911602208944,0.9508283162330792
0.7551479561533045,0.3372460091565524,0.30363228789475966,0.42939581765888923,0.6877688057797968,0.9510246468489923
0.7536301501442297,0.33545053769973526,0.30005785087784725,0.4211137150305939,0.6755121121971115,0.9512638313556888
0.7530507262268675,0.3376339198441041,0.30429192336052396,0.40872010485495824,0.6713132171695406,0.9515910490488776
0.7505886288937318,0.33147807772974885,0.2997987470283834,0.42826199618893357,0.654738631534201,0.9517418681683778
0.749070397980625,0.33742184831796546,0.3050821676356731,0.4369727614014818,0.6546536336591089,0.9519809419415062
0.733126150503344,0.3336156352746646,0.30117738499689484,0.40917370491979566,0.6772290692731531,0.9560819596292376
0.7465073630992163,0.3329922079586477,0.3005649806549161,0.43027915246080717,0.6566085847853174,0.9525017219114104
0.744510749070578,0.3353188192422124,0.3039256923546225,0.4439217412619645,0.6709052273691896,0.9526981632608916
0.742992884238264,0.3326049373493872,0.29964228161896755,0.4386727986925454,0.6661283467913108,0.952937126300452
0.7424134040007813,0.33422030722399154,0.3002810715566465,0.4393586588273499,0.6486017849553036,0.9532645654607766
0.7399513442143935,0.3345950033343073,0.303097189961725,0.44029464824591646,0.6540246493837003,0.953415273846709
0.7384331571058258,0.32647680275815816,0.2979504472271043,0.4458057917457494,0.6338631534212027,0.9536543033264102
0.7224888795911455,0.3298328691216184,0.29778606458961865,0.43912481038282336,0.6351041223969105,0.9577554760411368
0.7358700909354603,0.3291580764166944,0.2987633829817533,0.4480569950089699,0.6479558011048994,0.9541751275897415
0.7338734174578048,0.3276279603218686,0.29636679355627493,0.4432670529778908,0.623374415639546,0.9543714582056548
0.7323555870433429,0.3278413120045897,0.2985710321883019,0.4340340699195335,0.6435359116021573,0.9546105319787833
0.7317761255792337,0.3255419809293143,0.29549554654261045,0.4448836211858511,0.6297662558436059,0.9549378604055401
0.7293139969571407,0.32608377680806117,0.29549106003959186,0.4525527303622603,0.646884827879262,0.9550886795250402
0.7277958511499971,0.32794489562414947,0.29905256654311774,0.44060493721612026,0.6130896727581785,0.9553276425646008
0.7118515511072676,0.32641350116066936,0.2976351414611887,0.4291553774599406,0.6416149596259402,0.9594286602523323
0.7252327974952144,0.32349117008421396,0.2939393320320777,0.42558590273103936,0.6176455588609997,0.9558484225345051
0.7232360676974356,0.32512955953423617,0.29630979925300494,0.4546664598073533,0.6342541436463307,0.9560448638839861
0.7217182560563487,0.3216147054804898,0.2947815551118091,0.45651131714888216,0.6332341691456804,0.9562839376571146
0.7211387970953558,0.32021503126246076,0.29243879265569855,0.45410409579455213,0.628134296642429,0.9566112660838713
0.7186767066457902,0.3203925743194368,0.2927614866540147,0.44261462812756425,0.6278793030173802,0.9567619744698037
0.7171585101505364,0.3199059825114162,0.29347547587144507,0.4538850589427932,0.6007649808753968,0.9570010925363592
0.7012141694321641,0.32232637241635886,0.29519264008104124,0.4362354379309483,0.6257033574160005,0.9611020659306635
0.7145954314645881,0.32042859570863624,0.29334935356507885,0.45630423281568344,0.6249553761155084,0.957521938946404
0.712598751729141,0.318959437237445,0.29280950795124755,0.4307748841608361,0.6159286017849581,0.9577181588287496
0.7110809119279922,0.31799072701772974,0.29117202731105035,0.4563513281213736,0.5880662983424827,0.9579572768953051
0.7105014373225211,0.3175130855782172,0.2902532866677996,0.4654347260055869,0.6032639184020354,0.9582846717622026
0.7080393187128946,0.31637386422308855,0.29106595814595115,0.4722212548579938,0.6084827879302566,0.9584354908817028
0.7065211222176404,0.31723366190328034,0.28990104106790365,0.47236528072117934,0.5829494262643493,0.9586744539212633
0.6905768240522496,0.31680312432583935,0.29151134438959364,0.4549554645584597,0.6006799830004184,0.9627754716089948
0.7039581029807103,0.31334176865932817,0.28794324137647415,0.45279595021668806,0.6076668083296681,0.9591951231575995
0.70196138194384,0.3137360729780794,0.28912900309725853,0.45508634662216463,0.5890352741181459,0.9593916309472216
0.7004435734316483,0.31018882345349846,0.28619652556529823,0.45940847263609874,0.5949851253718634,0.9596307490137771
0.6998640368740427,0.3104245533817965,0.2871432350285261,0.46457402554114235,0.5997110072247551,0.9599579667069659
0.6974019645720722,0.31051812049126976,0.2846677533137816,0.45623879178383087,0.5611559711007885,0.9601087193863254
0.6958837274011742,0.3129523659457037,0.2890424589631056,0.46859590905396153,0.5732256693581803,0.9603477488660267
0.6799393882472504,0.31232147849932324,0.28741025566338557,0.471035215574394,0.5789545261367266,0.964448877287326
0.6933206987775571,0.3088437114399763,0.2832450504487012,0.45768484798282594,0.5703867403315144,0.9608685288359308
0.6913239376908229,0.30834901906571527,0.28616116895559474,0.471402209516373,0.5860943476412785,0.9610648594518441
0.6898061041474657,0.3085410563201313,0.28627858430311814,0.46418396045868615,0.5861453463662656,0.9613039885917565
0.6892265506938235,0.3065731561749193,0.28248673294355275,0.47525167497075516,0.5669868253293089,0.9616313723852971
0.6867645453502198,0.3079621741621563,0.28648650151348093,0.4695615216580631,0.5738206544835975,0.9617821915047973
0.6852463269526963,0.306035409774725,0.28377645315885003,0.4715918614387806,0.5481002974925104,0.9620210438107899
0.669301988424551,0.30301077344736405,0.2815669365223346,0.4659592469945075,0.5510242243943821,0.9661221722320893
0.6826832607823312,0.30292679732106853,0.28207195385812034,0.46405486531636053,0.5492052698681391,0.9625420009544028
0.6806865435001357,0.30198963098199205,0.2811025526940554,0.47719096117984794,0.5687037824053505,0.9627382651301754
0.679168681796718,0.30301418356279664,0.28175770320616084,0.4744114248287643,0.5472163195919393,0.9629774496368718
0.6785891189563884,0.3032552422322656,0.28328146239369784,0.47004184612486455,0.5644538886526789,0.9633068266346348
0.676127141772846,0.3009478141666061,0.2817062518478881,0.48136929958678043,0.545108372290656,0.9634701032805254
0.6746089064792855,0.3003207631492553,0.2813289398214084,0.4707798049452214,0.5252358691031986,0.9637216899468283
0.6586645156985833,0.299119945629819,0.28092682586617945,0.45854443658507904,0.5377645558860422,0.9678622395183054
0.6720458058910683,0.2986770456017163,0.27869804781120405,0.4929598672944826,0.5432214194644303,0.9643428388226907
0.6700490792221863,0.2998714689893332,0.281895962975084,0.48949732988280137,0.5301147471312788,0.9647312921789365
0.6685312707099942,0.2999503299246006,0.28103949154087227,0.47898824670331863,0.5465363365915437,0.9651639282287803
0.6679516653166848,0.29795344327971257,0.2798001675698917,0.4960353575353702,0.4971695707606614,0.9656846639052572
0.6654896399481487,0.29440811155842295,0.27636214490169686,0.4900652532065608,0.5388865278367803,0.9660288681277642
0.6639714121639382,0.2965963958442971,0.2775845823127664,0.4820532139627496,0.4978325541860613,0.9664615041776081
0.6480270022969714,0.29140734675426133,0.27157213241075895,0.490526676016104,0.5344156396089375,0.9707559291150599
0.6614083240913029,0.2949040828377167,0.2787542488423073,0.4823489295963699,0.5229579260518449,0.96736914294038
0.6594115755201515,0.2953109627281696,0.2763777123367589,0.4868929515362699,0.5184870378238884,0.9677589250994408
0.6578937138167329,0.29426871967070367,0.2766924905899638,0.48737863676720994,0.4934296642583149,0.9681913396821489
0.6573141209390063,0.29215396786499453,0.2726257029832301,0.48839142409572966,0.5135911602209262,0.9687123411191889
0.6548521299883223,0.29238415646746013,0.2761500059738883,0.4800048064214173,0.506502337441475,0.9690565010482685
0.6533339178485895,0.2952035411419619,0.27709829863925933,0.5096174292658093,0.46298342541422244,0.969449162280095
0.6373894876438015,0.29221833578285455,0.2750726885423566,0.5141554153823833,0.48644283892895146,0.973689194888987
0.6507708110025807,0.28984121123695705,0.27166975845083857,0.4767599557431197,0.5025074373140797,0.9702478835054659
0.6487740843336987,0.2888317913227483,0.2704979812507113,0.5006237745442093,0.5006374840628496,0.9705831847491125
0.6472562038569065,0.2884562427282726,0.2703219905890121,0.5030952059401079,0.4813769655758051,0.9709611184164062
0.6466766234947623,0.28822605412580704,0.2714354558661126,0.4885186528979477,0.4792180195494211,0.971427583571248
0.644214573095061,0.28952320979309776,0.2720621101119315,0.4821153194080272,0.4934296642583149,0.9717172072181299
0.6426963484397459,0.28747154682142306,0.2711233161060766,0.5138665694687328,0.44589885252855765,0.9720952516189916
0.6267519373212211,0.2876676335543916,0.2725571008770836,0.5018420578313676,0.4747301317466963,0.9763352842278835
0.6401333054232086,0.28515942902012703,0.26717473528193497,0.49849046838266986,0.47445813854653807,0.9728939728443624
0.6381365286919962,0.28274351429943845,0.26842487710368185,0.4988498778361272,0.47286017849557993,0.9732292740880091
0.6366186544729944,0.28601794815287174,0.2711109150310334,0.5015501145873262,0.4773140671481997,0.9736072077553027
0.6360390509570228,0.28274926964027497,0.2702043111863283,0.5070382663654103,0.47229919252015407,0.9740736729101447
0.6335770550001056,0.2814934628518048,0.26740481630415114,0.5243434880633853,0.44620484487882095,0.9743631858234584
0.6320588240869993,0.28337653385018285,0.27146949308536256,0.5184169449068712,0.426009349766332,0.9747413409578881
0.6161143359976418,0.28377488782627946,0.26924282614364764,0.5035962586949112,0.4782830429238629,0.9789812185397849
0.6294956922098254,0.28023850711715215,0.2670823861396583,0.5030635178676452,0.41931151721200877,0.9755398407161231
0.6274989811854219,0.27902383608646264,0.2674591700558172,0.510319808496033,0.4533616659583686,0.9758752526933375
0.6259810944508377,0.27784944707784415,0.26502696085082333,0.5103599149536611,0.4339481512962493,0.9762532528007721
0.6254014702841535,0.27544056606664635,0.2625087342939747,0.5010661368590377,0.440832979175525,0.9767197068822572
0.6229394730756792,0.27261585229338803,0.2617873559587953,0.5094548194202775,0.4636294092647404,0.9770092751623549
0.6214212077447208,0.2770388844701237,0.26692143511257227,0.5188899628506987,0.42821929451758933,0.9773872641964326
0.6054767396802947,0.2737930116967335,0.2632111146018431,0.5148004145816438,0.4164215894602421,0.9816273078786815
0.6188580758675459,0.2712820399860127,0.2603527801289926,0.5087993369489239,0.4607564810879694,0.9781859300550194
0.6168614117765778,0.26931371341992794,0.25978997898050094,0.5065745007033919,0.39507012324691004,0.97852128666545
0.6153434874952461,0.2703150336618604,0.26249290337922876,0.507537969001838,0.4062388440288487,0.978899430726523
0.6147637976217535,0.2671957640834478,0.2585018413254692,0.5096536839151307,0.4193795155119915,0.9793656854875858
0.61230187863567,0.2681442260164363,0.2606129406417722,0.5091712945614018,0.3992010199744982,0.9796580885470221
0.6107835945313371,0.26670533359360804,0.25964512270198414,0.5320592954518444,0.387080322991892,0.9800404958504597
0.5948390951779556,0.26711477272446893,0.2593073888477177,0.5180724661742733,0.3909392265193219,0.9842874603807031
0.6082204470096855,0.26982417764511196,0.2593770465104944,0.5244467721191184,0.3973650658732595,0.9808479650276958
0.6062237359852807,0.26579885936618164,0.2580028921676193,0.5291293797393375,0.41992350191242167,0.981187695614059
0.6047058492506978,0.2655266830581539,0.25905831046220185,0.5207438342178528,0.39615809604754304,0.9815702800912053
0.6041261718927879,0.26469139697945265,0.25855777874408636,0.514068451875249,0.3917042073948096,0.9820407870212761
0.6016642153599561,0.2623402749883615,0.255270153661511,0.5401020300340189,0.37399065023373623,0.982335006111226
0.6001459093533539,0.26543823246277565,0.2593039590080149,0.5334148143009463,0.33875053123676935,0.9827173691212365
0.5842013993617261,0.2597082390841889,0.25069201487013465,0.5270928452978374,0.38779430514227897,0.9869643336514798
0.5975828337963018,0.26211349596495004,0.2556770166255592,0.5240922072080678,0.3377815554611061,0.9835248382984726
0.595586058942426,0.2587152291324733,0.2529025881699658,0.534296004797209,0.38232044198889525,0.9838647903519717
0.5940681941101129,0.2541519536566153,0.25176801419496797,0.5393908353249897,0.36192095197623075,0.984247208728766
0.5934884303946824,0.25431905342504646,0.2518864848777845,0.5174040781596234,0.36586485337863905,0.9847176602920528
0.5910265664771619,0.2585815922280049,0.2551165899814772,0.5412350573166946,0.3636719082022637,0.9850121008491387
0.5895082510838732,0.2534475331936914,0.2508310676898874,0.550008880999256,0.331916702082367,0.9853944638591492
0.5735637019810498,0.2550379668338606,0.25016166904463866,0.5355584846064865,0.32554186145341646,0.9896414283893925
0.5869451348511778,0.25141483942491794,0.2508833098856187,0.5407917816864942,0.33288567785803025,0.9862018223028174
0.5849483800222344,0.250627721919524,0.2470690319870622,0.5345292178919117,0.3258308542285704,0.9865416636227484
0.5834304995454418,0.2516654890775646,0.2506748656716206,0.5232678408116722,0.3366255843603767,0.9869242480998947
0.5828507502229314,0.24590352575505192,0.245043684639431,0.529431409161832,0.3040543986400053,0.9873946996631815
0.5803888906858665,0.24768770108157856,0.24649884105681025,0.5333258256162487,0.3229409264768037,0.9876888633863476
0.5788705721636807,0.2457477221169113,0.2461344582156945,0.555497668127164,0.26838929026769165,0.9880714478634939
0.5629259923976804,0.2509399692740965,0.2496600815485558,0.5217626573696987,0.29193370165739907,0.9923184123937373
0.5763074046170971,0.24965688048940887,0.24917801930475625,0.5312849628540741,0.3405864853378944,0.9888788063071622
0.5743106948442507,0.24610067880839165,0.24659039936162835,0.5375121058959789,0.3340926476838604,0.9892186476270932
0.5727927220650373,0.24530183785787038,0.2472492446539454,0.5409514133297268,0.3201019974500241,0.9895997925678566
0.5722130525293654,0.24426471077812104,0.2473334125129919,0.5555184758338938,0.32902677433060035,0.99006166227963
0.5697511660837971,0.23813060987052936,0.24269801934725296,0.5456310427476467,0.3165660858478532,0.9903366137287629
0.568232830665576,0.241787840221726,0.2452339238769477,0.5494143524016244,0.28576285592862405,0.990638429141472
0.5522882718631759,0.24165611818834673,0.24539830430106235,0.5393720925051873,0.303034424139355,0.9948044917269967
0.5656696424682797,0.23766809966727015,0.23856606184238255,0.5436511338591938,0.32122396940076214,0.9912842716029794
0.56367291360917,0.23704317943121644,0.24071990423009282,0.5507724523593855,0.297254568635708,0.9915433217117596
0.5621550565990958,0.23733347460349924,0.2431653051262513,0.5398795384675927,0.2769910752231226,0.9918451371244689
0.5615752099679305,0.23553757583184523,0.24168086138378977,0.5341258104631554,0.27547811304714287,0.9922349192835296
0.5591133879776122,0.2329059672425095,0.2395035373431323,0.5326608923162659,0.2881427964300656,0.9924484800426104
0.5575950835354582,0.2332742679336975,0.23999193093467955,0.561138065606779,0.2372290692732122,0.9927501625750379
0.5416504515169001,0.2352523977100359,0.24261068304761885,0.5403880565828258,0.28028899277512664,0.9969164023342714
0.5550319231853336,0.3682351582561393,0.34620704129092295,0.5646262949769603,0.14041648958777841,0.99339612684347
0.5530350854406554,0.4266363538937804,0.39581008205541773,0.5613693726520104,0.26655333616645294,0.9936552323190343
0.5515172440750589,0.4512821036362562,0.4174717265095046,0.5483963631464224,0.22597535061618146,0.9939569369981754
0.5509374534511258,0.4968376198971234,0.4703458972091914,0.5436049915782397,0.3512112197195165,0.9943466084236683
0.5484755629379934,0.5454001810599117,0.5183642285248895,0.42509299039585335,0.7824564385889516,0.9945603242097443
0.5488629924984205,0.5173703302399911,0.48814485291419285,0.757056244779956,0.9176370590733995,0.10203842090183156
0.8012310367141873,0.5185069984336677,0.4939211536160484,0.38091274911619877,0.8105397365064846,0.10706787311638945
0.8289494552997692,0.5509054086222265,0.5729625576865349,0.7192889466563068,0.924606884827881,0.9335193861319359
0.8608490334285457,0.5588270926474708,0.5833044672865315,0.7184784785373073,0.9284147896302102,0.10568837647401814
0.8609209010330026,0.5602918885738838,0.5822511682946822,0.7657427475711074,0.9189970250744182,0.1056891959024207
0.8314003105107926,0.5669042727872073,0.5918011116168909,0.7861032077343357,0.9300467488312734,0.10602809598702452
0.8001587901407028,0.5689932344439789,0.5910336916235018,0.7987725597335058,0.9235529111771257,0.10619744083243692
0.8000785430407742,0.5590028281090489,0.579111036722171,0.7905655475125122,0.9215469613259302,0.10619854816811608
0.7859322015637753,0.5506202340762736,0.5730664090538914,0.7862070874305289,0.9237059073522005,0.10778258078378312
0.8008984294733192,0.5484057419814371,0.5685841778413496,0.7669052392018627,0.9299447513811856,0.10622759358298016
0.8004820989294426,0.5451829835436587,0.5661899522961,0.7551909768253373,0.9273608159795685,0.10619794467017094
0.8289943380564804,0.5446758198339093,0.559713252474759,0.7123660161386005,0.9318147046324157,0.10598299420481275
0.862264030183963,0.5416333918331517,0.5589926674117462,0.7304550609723386,0.9235869103272307,0.10576055261358513
0.8613919844349556,0.5424967108379093,0.5594310698058701,0.7307336618700799,0.9278368040797886,0.10569365846520767
0.8614634649950186,0.5407743459767629,0.560046896019416,0.7333653602590355,0.9257968550787155,0.10569446682025348
0.8471085913830656,0.5470663692173977,0.5673249246778781,0.7289843849676709,0.9279558011048721,0.10722998705981698
0.8620797917335956,0.5396071864557717,0.5682703218334395,0.7265238339375049,0.9268508287292434,0.10572953614121215
0.8616727787281095,0.5407453457815569,0.5607339706454769,0.7240364790866467,0.925320866978268,0.10569708013245627
0.8617446306880892,0.5440769175288445,0.5616935997765735,0.7239860879037454,0.9229919252018135,0.10569791063421563
0.8627545449666449,0.545462830063612,0.5638188343440986,0.720168906162286,0.9296387590309223,0.10576656544632293
0.861882499217637,0.5434662685355857,0.562732932397408,0.7139676139163373,0.9329366765829263,0.10569968237130227
0.8619539162611201,0.5445649861655482,0.5616284381343106,0.7356345915735063,0.9203059923501087,0.10570050179970483
0.8475990820732515,0.5465810718693851,0.5665112009631528,0.7103215795336668,0.9234169145771602,0.10723599989255478
0.8625702858655666,0.5405175100925864,0.5639213355551447,0.708598788777038,0.9210709732257101,0.10573554897394992
0.8621632227977507,0.5455349908452714,0.564547188339324,0.7056733205132977,0.9302167445813438,0.10570307081848045
0.862235081015521,0.5374464037236966,0.5583010996425538,0.7221395627689293,0.922838929026625,0.1057039234669534
0.8632449746433646,0.5469428770174669,0.5684290205341953,0.7062436263988963,0.9204079898001964,0.1057725782790607
0.8623729088694256,0.5410659213056281,0.5603643155546374,0.7121070316666691,0.925728856778619,0.10570569520404005
0.8624442914950547,0.5429993868479073,0.5639726636286526,0.7272111633187768,0.9179260518486672,0.10570649248572904
0.8480893897230408,0.5488262626912059,0.5660928517102961,0.7260645554336169,0.9265958351040808,0.10724200165193576
0.863060624491423,0.5395569993115403,0.5616706471192954,0.7329943556712935,0.9294347641308605,0.1057415507333309
0.8626535654911711,0.5451984312432012,0.5642966568757461,0.7183919915425407,0.923858903527389,0.10570908365121826
0.8627254080644629,0.5435156153535687,0.5658188363804,0.7028398191365541,0.9251168720780925,0.10570992522633439
0.8637352954345161,0.5436384817786338,0.5607771092462821,0.6996181190174617,0.9290267743306231,0.10577858003844168
0.8628631889849334,0.544573943685769,0.5620575886376511,0.7084051262088673,0.9267488312791556,0.10571170803677782
0.8629346122862058,0.546483987368788,0.5662378496445568,0.7225516268390351,0.9261368465787427,0.10571251639182361
0.8485796225922231,0.5441497040853694,0.5657655384067013,0.7150905947299242,0.9265448363789801,0.10724801448467353
0.8635508795757652,0.5450497828936681,0.5643475865424741,0.7198402714659193,0.9252868678282766,0.10574756356606871
0.8631437789612009,0.5467145943464495,0.5651213367769254,0.7231865398598427,0.926034849128655,0.10571509648395602
0.8632156027611195,0.5440466479046251,0.5625098467342396,0.7181776801050965,0.9300467488312734,0.10571591591235859
0.8642254294305967,0.5472725888545777,0.5667964159503127,0.7298510418367139,0.9244368890776968,0.10578459287117949
0.8633533836815888,0.5429723176151442,0.5615408329100999,0.7159563779929594,0.9227369315766509,0.10571769872280203
0.8634247256315746,0.5446579226727495,0.5634589180856624,0.7228743051308033,0.9229069273267214,0.10571851815120462
0.8490697324958076,0.5441665284896166,0.5650059094792349,0.7135495140229053,0.9284657883551972,0.10725402731741134
0.8640410389159001,0.5443891613075605,0.5653020806528488,0.7128986378377744,0.9264768380788837,0.1057535653254497
0.863633944559127,0.5447117393112021,0.5626766021054381,0.697901880305891,0.9317127071822142,0.10572109824333703
0.8637057057811317,0.5431334635827099,0.5653993140409128,0.7319347112932677,0.9235019124521386,0.1057219287450964
0.864715573126253,0.5458033231076953,0.5652078795830557,0.7117521093713424,0.9293327666807727,0.10579060570391725
0.8638435023460804,0.55027069411556,0.5650045814566345,0.7160836067951775,0.9264768380788837,0.105723700482183
0.8639148317804839,0.5427913614032576,0.563934128839529,0.731047842357955,0.918827029324234,0.1057245088372288
0.8495598520989667,0.5464931415611095,0.5682105608164186,0.7242984814702409,0.923858903527389,0.10726001800343554
0.8645310333632339,0.539758749128251,0.5638895515475735,0.695750824058649,0.9313557161070776,0.1057595560114739
0.8641239640376259,0.542474647804072,0.5646995789327276,0.7184661686344709,0.9298427539310978,0.10572710000271801
0.8641957315174222,0.5420294000474659,0.5609259363123742,0.7293516171658339,0.9286187845303857,0.10572793050447739
0.865205539413525,0.5441921137419838,0.5622504839203687,0.6986846709981906,0.9219379515511719,0.10579659638994146
0.8643334811489352,0.5474780575619189,0.5665931178238914,0.7309635790875717,0.9195580110496167,0.10572971331492081
0.8644048262278163,0.5462474981073886,0.5633712021929016,0.7267343729853704,0.9126051848702446,0.10573052166996659
0.8500497899132893,0.5438981962271926,0.565602080958294,0.7160285696166899,0.9232469188270898,0.10726601976281652
0.865020987134923,0.5414261173183409,0.5619463888785721,0.7232019073837062,0.9308457288567524,0.10576557991756846
0.8646138614891941,0.5396790254103573,0.5592174795042951,0.7266030144092974,0.9272078198044937,0.1057331128354558
0.8646856477423635,0.5483801567290698,0.5680048722493165,0.7168704478426042,0.9278368040797886,0.10573394333721516
0.8656954306073019,0.54465259464675,0.5670064427245765,0.7128401459446196,0.9282617934551354,0.10580262029603603
0.864823312893694,0.5455149481702861,0.5652511509861209,0.7175026606266608,0.9297917552059971,0.10573570400094501
0.864894695519324,0.5420843967185225,0.5630770009194785,0.7299084218676768,0.9226859328516639,0.10573652342934757
0.8505396479407716,0.5457788106122407,0.5669436493892844,0.729948210650393,0.9211729706756842,0.10727202152219752
0.8655108639357798,0.5393618827084066,0.5621206697111731,0.7174504031036522,0.923858903527389,0.10577158167694947
0.8651036976144066,0.5394785629019418,0.5614850338271703,0.7214133976296766,0.9342966425838313,0.10573911459483679
0.8651754744808899,0.5426917201653519,0.5626669739415847,0.7264456064904479,0.9272588185294808,0.10573994509659614
0.866185238572454,0.5496868998036819,0.5683817871970387,0.7115771896229743,0.9181470463238384,0.10580861098206025
0.865313120858846,0.5445566901787567,0.5595866033860946,0.7153265477707422,0.9259328516786809,0.10574171683368279
0.8653844252620844,0.5479695411414613,0.5685692597208045,0.7383045697893464,0.9190990225243922,0.10574251411537179
0.8510293801866484,0.5441570524702213,0.5631853011625465,0.7150106597802157,0.9264768380788837,0.10727802328157851
0.8660005736536078,0.5408504402004354,0.5625635431147185,0.7229999058490979,0.9337356566085191,0.10577757236297368
0.86559345426567,0.5400439236742038,0.5593582277662345,0.7204376591377581,0.9295877603059353,0.105745105280861
0.8656651560386575,0.5497316695255043,0.5679214945637173,0.7165342286577159,0.9229409264768265,0.10574592470926356
0.866674948290282,0.5436459374391769,0.559154531233033,0.7084266883935129,0.926034849128655,0.10581460166808443
0.865802786772135,0.5430029090664372,0.5620632770011231,0.719726662975549,0.9300467488312734,0.10574771859306377
0.865874097433164,0.5458695122092073,0.5640655145421352,0.7374806004865906,0.9242668933276263,0.10574851587475277
0.8515190723826609,0.5484683909851373,0.5678109366822285,0.7236409738213239,0.928516787080298,0.10728400289424592
0.8664901957623581,0.5499652623432394,0.5700985662800807,0.7160130432553706,0.9280067998299728,0.10578355197564107
0.8660830826322115,0.5442482725663624,0.5629297674805069,0.7290680923069579,0.9196090097746037,0.10575110704024197
0.8661547687607198,0.547150240928687,0.5673439154010648,0.7156401723275212,0.9254568635783471,0.10575192646864456
0.8671645200238118,0.5439819606627907,0.5649168655638737,0.7150968291000701,0.9288227794304476,0.10582059235410864
0.8662923284682664,0.5455586451351958,0.5647388884017013,0.7107418237327541,0.9271568210795067,0.10575369820573119
0.8663635796802787,0.5491178201407894,0.569654364853935,0.7370678613572972,0.9171270718230744,0.10575451763413377
0.8520085912378543,0.5443706204922532,0.5648787291815304,0.7188434075923589,0.9300807479812647,0.10728999358027011
0.8669796924023916,0.5443693331839579,0.5625411216664806,0.7279259715799289,0.931100722481915,0.10578954266166528
0.866572541725497,0.5487846933608398,0.5668605373082053,0.721432934636759,0.9277518062048102,0.10575707557955259
0.8666442747874408,0.548899049247731,0.5723529289117912,0.7089433469283637,0.9291967700806936,0.10575792822802554
0.8676540182282935,0.5471125156439247,0.5660214704955211,0.7029251148504008,0.9277518062048102,0.10582658304013283
0.8667817897517791,0.5424719837910722,0.5633639423360192,0.723907145688137,0.9280577985550735,0.10575969996511218
0.8668531567329301,0.5484664779019764,0.5665867875828292,0.7238123594362971,0.9262388440288305,0.10576049724680116
0.852498057214711,0.5441120681970164,0.5660822939306224,0.7184982538005733,0.9263918402039053,0.1072960064130079
0.8674691173907143,0.5494363574267265,0.568764501176783,0.7061428837424581,0.9261368465787427,0.10579555549440305
0.8670619448115509,0.5390517665642339,0.5620225067072888,0.7240104694532343,0.9286187845303857,0.1057630773389336
0.8671336268724947,0.5467872736272833,0.5664676639555675,0.7292729529157733,0.9226349341265632,0.10576389676733616
0.8681433828289298,0.5517332372524564,0.5692187291735622,0.7143133633485828,0.9265448363789801,0.10583257372615704
0.8672711606102061,0.54898472676649,0.5690741517797915,0.7112030082861134,0.9269018274542304,0.10576571279784996
0.8673424650134449,0.5420004177315418,0.5612603545368815,0.7180503321747864,0.9226349341265632,0.10576649900618217
0.8529873855201568,0.5424819961889238,0.5645800347649755,0.7262296272597162,0.9224309392265013,0.10730199709903208
0.8679584507023947,0.5426844790561913,0.5646105128836563,0.7123728461492065,0.9265958351040808,0.10580153510707047
0.8675512405764829,0.5418531460867133,0.5629123482507308,0.7017840662761992,0.9287717807054605,0.10576907909831458
0.867622951736156,0.5432725286371565,0.5652606684814243,0.7270207569184535,0.9307947301316517,0.10576989852671714
0.8686326939254512,0.5491884790627709,0.5664850831853436,0.7117082305241356,0.9216829579260093,0.10583855333882444
0.867760414447937,0.5529389623844583,0.5700588584043267,0.7149344972200864,0.9230769230767919,0.10577168133716058
0.8678316656599487,0.5473784163240132,0.5661882480004294,0.729921684795249,0.9242158946025256,0.10577248969220637
0.8534766356032129,0.5425686391889042,0.5659309878890093,0.6864620096345242,0.9299447513811856,0.10730799885841309
0.8684476482200028,0.5492580652278398,0.5706056938437786,0.70662300966244,0.9276668083297182,0.10580753686645147
0.8680403880317598,0.5511007576560247,0.5730628233928701,0.6998038397128348,0.9327666808329695,0.10577506978433879
0.8681120866758518,0.5441527793218524,0.5641867630055577,0.694182899821574,0.928516787080298,0.10577588921274135
0.8691218551478692,0.54731297815234,0.5681253238991788,0.6949192305580076,0.9318147046324157,0.10584456617156225
0.8682495859957124,0.5493689167754829,0.5683922121744523,0.7126108243675877,0.9269018274542304,0.10577769416989835
0.8683208509748641,0.5492241839886811,0.5669518388619873,0.7265035821618708,0.9237569060773012,0.10577846930487379
0.8539657442601842,0.5169184850283721,0.4870371935305644,0.7262755312844864,0.9081172970675198,0.10731397847108051
0.8689367606316494,0.49254991779284985,0.4457306663039099,0.729145604985463,0.914832129196725,0.10581353862583245
0.868529534861259,0.466318114834265,0.41087313413377974,0.7139602676839993,0.9187420314491419,0.10578104939700621
0.868601227247559,0.42222036079032005,0.36784362817191,0.7237172158001812,0.9229069273267214,0.10578189097212236
0.8696109306385478,0.3804127782655445,0.3344990302557634,0.3426734257828217,0.809859753506089,0.10585054578422964
0.8678975448709987,0.3812118301915919,0.3384771640095074,0.35547195234304496,0.7975010624733159,0.9356043331154231
0.8663790511306577,0.3789489478203528,0.3351272668405107,0.34494003627926895,0.7849383765404809,0.9358828834055134
0.850434335570585,0.3825332843393332,0.33654601330492717,0.3513072342479606,0.8087037824053596,0.9400232225832116
0.8638156470395608,0.38092217688552854,0.3380921990314554,0.33930039327757,0.7937101572460961,0.9364823395754212
0.8618186794457126,0.3769450289678337,0.3331692037579321,0.3525844859406415,0.7867403314916146,0.9367180913415121
0.8603006300085552,0.3798528653104707,0.3373072336461431,0.34205741441927207,0.7946111347215492,0.9369965862648183
0.8597206929523042,0.376375738329415,0.3333196023174348,0.3530204947572322,0.7883382915426864,0.9373632804749686
0.8572587176460993,0.3750628090232731,0.33053145206832213,0.3538436698727081,0.7808924776879849,0.9375534653778628
0.8557402301635486,0.37748810321523485,0.3333963819440807,0.3509263023192215,0.7651508712282293,0.9378081525840672
0.8397955239901629,0.3774196863552008,0.33377290291176476,0.3505966351793912,0.7864683382914563,0.9419092256385827
0.8531767478500605,0.372993882889774,0.3310446486953041,0.3453965748370418,0.7797705057372468,0.9383288218204034
0.8511797959006899,0.37171548384072295,0.3304607392915893,0.3430113524703615,0.7865703357415441,0.9385252631698847
0.8496617495924279,0.37041321237450847,0.3298776200613219,0.3541462552262984,0.7825584360390394,0.9387642262094451
0.84908188324922,0.3695182470408269,0.3280878949102073,0.3598604327042034,0.7755206119845752,0.9390915546362019
0.8466197558786859,0.3750250837385107,0.3310720900689717,0.3695989556754946,0.758691032724073,0.9392422630221343
0.8451013497474222,0.372488959454044,0.3289293300298623,0.38326949986889947,0.7650828729281329,0.9394812260616947
0.8291566232362158,0.37159058632923647,0.32948632484220763,0.3617111273222384,0.7647768805779833,0.9435822437494261
0.8425378173716043,0.3695314616180629,0.32690055195717993,0.3597415428684225,0.7568210794730703,0.940001895298031
0.8405408810667123,0.36944045249744784,0.32789343698756307,0.3800901696411827,0.7486612834678681,0.9401982702073715
0.839022850402928,0.3709844214598727,0.33035414334419194,0.36056058821004355,0.774160645983784,0.9404373550538567
0.8384429790534869,0.36728200658751414,0.32600265595666605,0.356227939214653,0.7637059073522323,0.9407646281138293
0.8359808254002288,0.36836751679195334,0.32922827455734016,0.3397319943547581,0.7593710157245823,0.9409152811329777
0.8344623785933218,0.36946624157362856,0.3301369895153058,0.38271904866529494,0.7566510837228861,0.9411542995393223
0.8185177196662607,0.3632899384090922,0.32264563615978886,0.3630953957508678,0.755767105822315,0.9452552507869129
0.832373931477008,0.3696220452117692,0.3291237879525065,0.37180556532295594,0.765830854228625,0.941717268998602
0.8308313245893579,0.3680708297763992,0.3279190301964451,0.3771183605496682,0.7584360390989104,0.9419598862459038
0.8288530258643667,0.36601341253664493,0.32675780723459785,0.3831688763405534,0.743901402464985,0.9421530055883475
0.8268525914541245,0.36635656244201525,0.32683960235993154,0.39431160184119607,0.7512452188694851,0.942349114737125
0.8253344856968448,0.36358087187173804,0.32253745543875495,0.37215075882410575,0.7529111772205397,0.9425881220701126
0.809389379650594,0.36262303046747635,0.3235596277942204,0.38437917804555033,0.7416914577135003,0.9466894276651208
0.823239783292324,0.36176984186383077,0.3222672692406902,0.3647956315887515,0.7508372290692478,0.9431502721009899
0.8217100001835442,0.36501379619027546,0.32568233690543374,0.37991644117373435,0.7477603059923013,0.9433894566076862
0.8201687274570055,0.362229791753925,0.3224079024073375,0.3683853183839225,0.7528771780704346,0.9436321845885558
0.8185988947966436,0.3639470413525262,0.32494723876876896,0.3954066669718994,0.7391415214618746,0.9438826639191795
0.8171301858538462,0.3597239335178213,0.3215859958600223,0.3811950826941548,0.732715682107937,0.9441056813249604
0.8155986662079742,0.35989870528610624,0.3209627725605918,0.3757762237562303,0.7470463238419143,0.9443447550980888
0.814059126889632,0.36047311118707026,0.32369076338590336,0.4088920464010273,0.725813854653552,0.9445877045460943
0.8123609860404164,0.35749003703836274,0.3193382224337811,0.3825638644708289,0.7214619634507926,0.9448698536771416
0.8110212830302053,0.3621287630837456,0.32345962547903434,0.3823224315377802,0.7310327241818868,0.9450613120160667
0.809490019953778,0.35981366426978206,0.320820820224828,0.3859515894407559,0.7310837229068738,0.9453002750556272
0.8079510313210725,0.35447520570918367,0.31950629697409605,0.3945214261205099,0.733701657458596,0.9455431691368488
0.8059945751038056,0.3574819377236721,0.31772343105971285,0.4109714669556346,0.7274458138546152,0.9457386692510027
0.8039710588302662,0.35784597778198857,0.3211305837097576,0.3900939511639152,0.7377305567359826,0.9459327298287736
0.8024529374285088,0.3562109979110205,0.3182756804046325,0.38608084342053783,0.7235019124522069,0.9461717482351182
0.8009348379290202,0.3573819746586926,0.3178279198779175,0.3882750240370709,0.7170080747980592,0.9464108220082467
0.7994167603318014,0.3584500114409525,0.3207714775451077,0.4019051838072998,0.719694007649764,0.9466497850478072
0.7978986420589389,0.3585917458721834,0.32270579558358997,0.4084860181542478,0.7171100722481469,0.9468887480873677
0.7963806082662592,0.3548884781580793,0.3179131435149314,0.39352388718776177,0.7171100722481469,0.947127932594064
0.7948625588291018,0.3524770386216447,0.315005995800704,0.37891088094946057,0.7029664258393495,0.9473668956336245
0.7933444374273431,0.354925777915933,0.3187925711478148,0.4173467259252155,0.7075223119421707,0.9476059140399691
0.791826337927855,0.3537128116747706,0.31855483960873443,0.3992035572283612,0.7170420739480505,0.9478448217127456
0.7903082415572618,0.35067346785013687,0.3166495455041853,0.4089157131819643,0.709307267318195,0.9480838954858741
0.7887901608311476,0.3543319765699878,0.3173825320849153,0.4116786907282646,0.7011984700382072,0.9483229692590026
0.7872721145228851,0.347525852458235,0.3132743207308267,0.3829952670011969,0.7008414789629569,0.9485620873255581
0.7857539493165886,0.34960842048380697,0.3133455602898577,0.40555109906187825,0.6968805779854392,0.9488010060716915
0.7842358967505345,0.3476351914186313,0.31236402321259554,0.41327429239203917,0.7003314917126318,0.94904007984482
0.7827177847354636,0.3480239549479286,0.3135890975010731,0.41415949353406467,0.6981725456862478,0.9492790982511645
0.7811997290405142,0.34866315357849,0.3127112546418263,0.41387644518755673,0.6966935826603731,0.9495181830976497
0.7796816514432949,0.34961609248366077,0.3147571819130227,0.408464853063242,0.6782830429237947,0.9497571904306374
0.7781635488149115,0.3458638051424319,0.31200333227430904,0.41086163085484295,0.6937526561836194,0.9499962642037659
0.7766454493154233,0.3472359846007891,0.3131529461052572,0.4115268421203737,0.7044623884403336,0.9502352715367536
0.7751273967493701,0.34543987306568075,0.3120661300363431,0.4212533331543764,0.6914747131321519,0.9504743010164548
0.7736093097654635,0.34339012961370846,0.30891544289752926,0.40304198347955467,0.6719082022949578,0.9507133747895833
0.772091182105914,0.3444536858479298,0.31167140409217764,0.41743972525567585,0.677841053973566,0.9509522824623599
0.7705730826064259,0.3416181032592179,0.3090597723937479,0.41828696424572853,0.6737781555460742,0.9511914116022722
0.7690549424312936,0.3418802618056094,0.30786081809645044,0.4100957166422381,0.6746451338716497,0.9514304853754006
0.7675368398029097,0.34220742763298084,0.309624947825312,0.40340591980050644,0.6742371440714123,0.9516693376813934
0.7660188185258132,0.34161128231318144,0.311469819114911,0.4065061489751589,0.6705992350191536,0.9519085221880899
0.764500712768533,0.3414718900678766,0.30987244254387686,0.43161406214999953,0.668423289417774,0.9521473744940825
0.7629826132690445,0.33966021998167806,0.3078858845230342,0.4329281244230976,0.6727241818953189,0.9523865590007787
0.7614645356718261,0.34281764037176177,0.309011751096515,0.41966861185633464,0.6633574160645139,0.9526255220403392
0.7599463986255897,0.3389702942525726,0.3073610765517822,0.41645830832470687,0.6755121121971115,0.9528644850798998
0.7584283429306402,0.33412418284083123,0.30420458816757534,0.4165420950827219,0.6649213769655944,0.9531035588530283
0.7569102215288828,0.3367291513001689,0.30622914202170276,0.4145456670988501,0.6628474288141888,0.9533426326261568
0.7553921220293938,0.33905597534718795,0.30666239058145117,0.42690909815785494,0.6532256693582212,0.9535817063992853
0.7538740788500276,0.338343242806119,0.3071882521172996,0.42655203155687293,0.6459838504036952,0.9538206694388457
0.7523559136437306,0.33722192576386284,0.3067156885551499,0.4240252055982101,0.6461198470037743,0.9540597432119742
0.7508377628303524,0.3313035187249183,0.3007852973909623,0.42967465681281447,0.6397960050998108,0.9542988169851027
0.7493196821042383,0.3350059335972768,0.30395260694599197,0.44014164806646994,0.6414619634508654,0.9545377800246632
0.7478015794758539,0.336338896638763,0.30660751004748693,0.4314840139829377,0.6405439864003029,0.9547768537977915
0.7462834799763658,0.3335800429882302,0.30386210441914124,0.4292357095032888,0.6242243943901258,0.9550157061037843
0.7447653679612949,0.3304051438121826,0.3019512702469772,0.4235328889034842,0.6278283042923931,0.9552548352436967
0.7432472340439542,0.3322229947661263,0.30529826347322087,0.43440507450727517,0.6578325541860295,0.9554938536500411
0.7417291658334224,0.32859368648943843,0.3014193396478447,0.4430089421119672,0.6470378240543369,0.9557328166896017
0.7402110569472469,0.3294402686984301,0.3007412336010789,0.44713406997115546,0.6239354016148582,0.9559718904627301
0.7386929605766546,0.3317108248574512,0.30318769248857574,0.4222414609678595,0.6156226094346948,0.9562110085292859
0.7371748266593134,0.33082694289060577,0.30230536312631034,0.4295880109805923,0.6343221419464271,0.9564499272754191
0.7356567459331989,0.32777587740877284,0.2992211700791019,0.4396055716526288,0.6196345091371995,0.9566890010485477
0.7341386495626061,0.329808358414092,0.30354890910247495,0.43255628593871176,0.6192945176369449,0.9569280748216762
0.7326205312897436,0.326095285701806,0.2991340982773023,0.44074840714820973,0.6161835954101207,0.9571670378612365
0.7311024317902555,0.3257819727420336,0.29937631631940126,0.4466867042764642,0.6006799830004184,0.9574060009007972
0.7295843041307055,0.32851034936867723,0.3009660390535147,0.4527452810682391,0.6149596260092949,0.9576450303804985
0.7280661889867392,0.3245613345010173,0.29935969390318545,0.43959107773477313,0.6048788780279892,0.957884148447054
0.7265480957450419,0.32451465705981863,0.2970641603574895,0.4409965906731361,0.6131406714831655,0.9581230007530467
0.7250299680854924,0.3244679796186199,0.2983335640403706,0.4540779670330477,0.6156226094346948,0.9583621188196022
0.7235118341681521,0.32549935314546097,0.2978997875916385,0.4434825556962547,0.6236804079898093,0.9586012036660876
0.721993744055351,0.3198746508578533,0.2963116474177906,0.4511386402012758,0.6121886952826117,0.9588402220724319
0.7204755988739855,0.3244230078609124,0.2994963695624834,0.44720705578216613,0.6034169145771102,0.9590791851119926
0.718957543179036,0.3198569593084351,0.2957369721978911,0.4574282460727339,0.6065448363790438,0.9593182588851211
0.7174394092616958,0.32098339250720065,0.296749117982723,0.46141109528075264,0.6031109222268469,0.9595572219246815
0.7159213160199984,0.31831107189906477,0.2961641528010409,0.44260601119557874,0.602804929876811,0.95979629569781
0.7144031914893447,0.3200438818366843,0.29599185514885645,0.43710956016042113,0.5943901402464462,0.9600353694709385
0.7128850700875873,0.31851525866189523,0.2936031829514479,0.4484162853343352,0.5880662983424827,0.960274387877283
0.7113669142679768,0.31641670477039624,0.2943029246997462,0.46238695290076315,0.5874543136421835,0.9605135170171953
0.7098488366707576,0.31671317902249607,0.2933770583298956,0.45136669107866,0.5945941351466217,0.9607524800567558
0.7083307121401035,0.3181081652928167,0.29427152581872923,0.47907826783148,0.5790395240118187,0.9609913988028893
0.7068125844805548,0.31524231665574187,0.2917617423869001,0.46972301964140306,0.5741776455588479,0.9612305168694449
0.7052944630787965,0.3150600838631292,0.290548275901299,0.4605178331378377,0.5835954101146399,0.9614694799090054
0.7037763729659949,0.31349693221917757,0.290969651274988,0.4653639639189602,0.5659158521036716,0.961708442948566
0.7022582640798198,0.3141894164735198,0.2940525260384284,0.47151760492812267,0.5507862303442153,0.9619475167216943
0.7007401520647485,0.3122873764510334,0.2889089484243388,0.46289769474037956,0.5761665958350477,0.962186479761255
0.6992219931162427,0.3127703464529239,0.2907247944519819,0.46554293402245506,0.5771695707607023,0.9624254981675994
0.6977038297872822,0.3111722402765224,0.2909910235853715,0.4759489316930243,0.5675478113047348,0.9626645830140848
0.6961857302877941,0.3103864020337469,0.28895301221422226,0.4584313046070765,0.5703867403315144,0.9629035903470724
0.6946676057571408,0.31025063302491457,0.2900060551190468,0.4506577200940143,0.5524861878452612,0.9631426641202009
0.6931494937420695,0.3076158254744652,0.28827780900352395,0.4685298723816489,0.567445813854647,0.9633816271597614
0.6916313723403111,0.30615753760665576,0.2856817457140394,0.45987243684493695,0.5481002974925104,0.9636207009328898
0.690113247809657,0.3080361328844013,0.28888203538232904,0.4811321155556787,0.5452613684657308,0.9638674153222045
0.6885951201501084,0.3065271182756334,0.288324247297817,0.47510097793441974,0.5503272418189908,0.9641191127220753
0.6870769924905584,0.304940521708148,0.2864440211692114,0.46711510716147675,0.553064173395569,0.964370810121946
0.6855588679599052,0.3047691589825387,0.28653874459456063,0.4638733141042062,0.5623799405015006,0.9646444327682637
0.684040752815938,0.30347733169883323,0.28503055293062046,0.4831893782851808,0.5244368890777196,0.9649443546369616
0.6825226533164499,0.30112663661135547,0.2840735530629358,0.477234403224051,0.5440883977900057,0.9653702913059465
0.6810045381724832,0.30088003631210636,0.2827917487476857,0.46996159350024436,0.5211389715257155,0.9658028166222227
0.6794863929911181,0.3030133312574295,0.28474295170818453,0.46988503384647506,0.5433744156396187,0.9662352312049306
0.6779682027536551,0.3006862942681633,0.28300969230734496,0.45744313708422957,0.5445473863152301,0.9666677565212065
0.6764500907385842,0.29977918039154844,0.28309702794296776,0.46561901716385656,0.5008754781130165,0.9671001711039147
0.6749319818524091,0.2978807633552246,0.28001679196043444,0.46767556512480635,0.52159796005094,0.9675327517869744
0.6734139155192143,0.2978822553097802,0.28111126009557247,0.47276598791318425,0.5152571185720944,0.9679651110028985
0.6718957315395429,0.2956451626226175,0.28006639670328126,0.48779828532583736,0.5067573310667512,0.9683976916859584
0.6703776101377859,0.2987635794844395,0.28087880434760953,0.47053853084962927,0.5144071398215146,0.9688300509018825
0.6688594856071317,0.30139519009413407,0.2862614335552444,0.48539523345472646,0.4885167870802434,0.9692626205115854
0.6673413235297301,0.29820729017706177,0.2821738016820468,0.5000469166135522,0.47964300892465417,0.9696949908008663
0.6658232490614067,0.2961428388702311,0.2834366086339973,0.48042528887668867,0.48057798555032605,0.9700729244681602
0.6643051276596488,0.2961185412837446,0.27991415263503805,0.4902392199301935,0.4910497237568734,0.9704508581354541
0.6627869342932904,0.29453833888383724,0.2806761640350497,0.48380066423441526,0.48350191245219776,0.9708289025363158
0.6612688566960716,0.2932002605798058,0.27885583261107344,0.4733565455744173,0.49788355291116204,0.9712068362036097
0.6597507021280196,0.29150048797924033,0.27774922745605274,0.49701506696368747,0.4929876753080862,0.9715848806044713
0.6582326057574273,0.2928577484284201,0.277243154696439,0.48676480941867983,0.4895877603059944,0.9719628696385493
0.656714428035547,0.29221940138805447,0.27992497070714145,0.5003578012242158,0.508287292817613,0.972340858672627
0.6551963473094324,0.28958800377424493,0.27721228379294055,0.4978505916913638,0.47347216319587915,0.9727187923399209
0.6536781758453434,0.29216398526904513,0.27987853219151126,0.48621769380165025,0.4507267318316508,0.9730968367407827
0.6521600732169595,0.2902037583752367,0.2757452533572743,0.5051096222658664,0.4647683807904741,0.9734747704080764
0.6506419205262448,0.2917402677436765,0.2784133489821614,0.5002560658336781,0.4711942201444117,0.9738527594421541
0.6491237396754692,0.2884227805794811,0.27655607787914077,0.47780657544975735,0.4526476838078679,0.9742307484762321
0.6476056608266925,0.28974103612369445,0.2780954044353387,0.48878788238578785,0.4654143646408784,0.9746087928770937
0.646087533167143,0.28703951686032375,0.27483284489399873,0.4944525422867998,0.4524946876327931,0.9749868372779555
0.644569358574159,0.286457224765709,0.27354154145442466,0.4994917797049967,0.453446663833347,0.9753646602116814
0.6430512622035658,0.2811183394266522,0.2697750201339293,0.5138249143459093,0.4583085422864315,0.9757428153461113
0.6415331408018079,0.28562343035549487,0.27091539889571375,0.507029292049149,0.4315682107946941,0.9761206382798371
0.6400149474354495,0.2805827244156506,0.26760086010711737,0.5036766304476237,0.4514747131321428,0.976498682680699
0.6384968573226484,0.2851293775231466,0.2732462883871019,0.5123932329366778,0.4325881852953444,0.9768766163479926
0.6225519164820881,0.2850426308233313,0.2745900988522476,0.5064261862288959,0.408720781980378,0.9811167153970255
0.6359331966621071,0.28171000956219755,0.27294048130283616,0.5093340235350252,0.4295792605183806,0.9776752711332227
0.6339362165526761,0.28121169430904963,0.26816313380929957,0.5106280722886734,0.43005524861871436,0.9780105280834421
0.6324180588557287,0.27834520559368353,0.26623383016281954,0.5085581025626953,0.44572885677848717,0.978388461750736
0.631837890261199,0.27751908443487294,0.2681193338532394,0.4973993741883658,0.4056778580535365,0.9788548272453669
0.6293759744040113,0.27424145358704705,0.2656456989752579,0.5026575690395938,0.38866128346785445,0.9791446059192433
0.6278573993123824,0.27667207491104434,0.26958267044716333,0.5157059469180312,0.3987420314491601,0.9795271350296058
0.611912487257662,0.27744448670709365,0.2683391244709988,0.5127658258989793,0.41399065023369985,0.9837739888262813
0.6252938168742337,0.27686816235918416,0.2685035060017989,0.5019957330700022,0.39483212919674315,0.9803343827397061
0.6232967929602631,0.27459419662110895,0.2665887145436226,0.5144307998216415,0.4115597110071576,0.9806742240596371
0.6217786496562354,0.2708014127064266,0.26361824206372586,0.4966238503096754,0.4296982575435777,0.9810565317028637
0.6211984904483931,0.27229230970248913,0.26471297425402424,0.5132986064356093,0.39014024649372914,0.9815272047332864
0.6187364901110226,0.27228293112518004,0.26560189946187196,0.49473142115008883,0.39615809604754304,0.9818213573830956
0.6172179337927677,0.26914277675760584,0.26157759257568075,0.5161193213971484,0.3402804929876311,0.9822037314664629
0.6012729206747172,0.2706558413813047,0.2635514867943424,0.5107910395184811,0.40178495537611525,0.9864506959967063
0.6146543263234525,0.2692175872488395,0.2628448847026272,0.5166524593180546,0.3817594560134694,0.9830110345433472
0.6126573074157156,0.2663434265336196,0.26121215395659764,0.513107207301186,0.3787505312366193,0.9833507651297103
0.6111391766272707,0.2670141713691264,0.2622733761526185,0.5137391024103306,0.35875903102419215,0.9837332388732887
0.6105590155420915,0.2661166475102081,0.2617327388159802,0.5224815954047055,0.38886527836803,0.9842037458033595
0.6080970483710151,0.263296410709132,0.25932374787278445,0.5282865087793236,0.3837484062898966,0.9844979648933095
0.6065785202128207,0.26381177743340695,0.25944907889901786,0.547416018368281,0.3650488737780506,0.9848803279033199
0.590633472676918,0.2644710115872408,0.26027995623899924,0.5262943694067626,0.38419039524001164,0.9891271816999955
0.6040148877123404,0.2648943035857007,0.26317100876198324,0.532926667089439,0.34670633234168236,0.985687642053561
0.6020178262516231,0.2647205956346875,0.26185094522229924,0.5179338804939544,0.3345516362090848,0.9860274169333512
0.600499648529742,0.2573556241730609,0.2557989169267414,0.5182466711540896,0.37198470038242704,0.9864097799433617
0.5999194486462569,0.25703101687092617,0.25573823072064217,0.525229959905058,0.3444113897153329,0.9868804529737844
0.5974575265312776,0.2594239120161969,0.25967678497415025,0.5235335361661173,0.35056523586899857,0.9871745059633826
0.595939020275353,0.2570683148408517,0.2578754506921366,0.5463871090379824,0.33676158096045583,0.9875569132668202
0.579993907971311,0.25660303513682964,0.2570493232463229,0.5274936319085708,0.354305142371345,0.9918038335036365
0.5933753577374747,0.2609022354072788,0.2605519901591754,0.5344038157204369,0.3383425414364183,0.9883643381506292
0.5913783213079222,0.2561612023230623,0.2576271635867535,0.5387124405506147,0.34062048448788573,0.9887040244435652
0.5898601967772685,0.2500550217020512,0.2514695942364173,0.5422390688757728,0.3045133871653434,0.9890864317470027
0.5892799318127531,0.2505166772756366,0.2522112882186644,0.530765723210564,0.3139821504462361,0.9895570494106415
0.5868180309742641,0.2527352261795311,0.2524674925521172,0.5359776566527461,0.28848278793020654,0.9898511577670236
0.5852994574470833,0.2503879428702591,0.2523690750105677,0.5429016990326443,0.2868168295792657,0.9902335872171748
0.5693543535910588,0.24881967596376214,0.2539054975576115,0.5309407620870241,0.32846578835528817,0.9944741734939064
0.5827358246337133,0.24786183455950045,0.25444534427812826,0.5413540662805674,0.30500637484055915,0.9910090543932835
0.5807387900814978,0.24667444463106444,0.25145033348196855,0.5319332976399098,0.31078623034420616,0.9912681045020637
0.5792206073533852,0.24695216351647428,0.2504284245176522,0.5327829986105297,0.3303017424564132,0.9915697427410642
0.5786403236154958,0.24352341787218026,0.24919173888490453,0.5493439079899094,0.2915937101571444,0.9919595691935522
0.5761784975576139,0.24667934713015538,0.25342317302934836,0.5345408527355602,0.2881427964300656,0.992173019219065
0.5746599302882238,0.2422607901376737,0.24918857376437345,0.5625404812147508,0.2580025499362364,0.9924745467244975
0.5587147366328935,0.24210456097262437,0.2480930502939423,0.5307724738024422,0.313472163195911,0.9966408972172989
0.5720962430320693,0.24526325973136237,0.2515073255718675,0.5663326857662618,0.2857118572035233,0.9931203448925777
0.5700992551003994,0.23547619268130193,0.24678459610649445,0.5409581639216046,0.270208244793821,0.9933795721750667
0.5685810539118026,0.23934869137423703,0.2446339188393153,0.5570424418050335,0.27056523586907133,0.9936812104140671
0.5680007063444408,0.37848771598574793,0.35436515495345566,0.5665739598618542,0.1601359966000473,0.9940710590132685
0.5655389253426568,0.4418978675344746,0.4121445165703356,0.5555227644452043,0.26043348916277864,0.9942843761585001
0.5640203236554142,0.4595594065780524,0.42503221672160174,0.5620386739820318,0.21174670633229198,0.9945860143975005
0.5480751381352129,0.5065143878693507,0.48488506650537977,0.5325642794336827,0.34624734381634426,0.9987523648903018
0.5614566751975669,0.5587781928115345,0.5339206941202286,0.4356609228527668,0.7797705057372468,0.995231856859008
0.5613024550592893,0.5303240845119326,0.49926447468273205,0.7450607209783024,0.9190480237992915,0.10210331077262977
0.8283467020234632,0.5230922368193844,0.49953664184784247,0.35642227684201133,0.8075818104547352,0.10559292413847543
0.8417908529813536,0.5612822398763841,0.5840114622515994,0.7089976693382996,0.9272078198044937,0.9342017817442121
0.8733500760978243,0.5679329751493358,0.5905898886041362,0.6946008408775501,0.9251678708030795,0.10574733102557607
0.8734210801270788,0.5749605520464287,0.5995395657109346,0.7748741143670188,0.9219379515511719,0.10574815045397866
0.828535281503672,0.5733249374609539,0.6045568793629138,0.7849281282351965,0.9188950276242167,0.10757760187621569
0.813100212358806,0.5741263405125683,0.5993559223190001,0.7822698245723689,0.921376965575746,0.10632010040561635
0.8127859244891491,0.5722644636149283,0.5934367485190444,0.763262699243223,0.9273608159795685,0.10628917252009767
0.812845912615447,0.5589395175719192,0.5796022058809532,0.7925650331174112,0.928516787080298,0.10628962652772615
0.8137647885458263,0.5536642712124002,0.5773071836239585,0.7770065072131862,0.9263918402039053,0.10635196952646227
0.8128467073549448,0.5512013643751519,0.5699186192177177,0.746877900893131,0.9225329366765891,0.10629117679767695
0.8415658885121613,0.5460221118800355,0.5669763630126758,0.7157405178903196,0.9234509137271516,0.1060617257716003
0.8593965894240676,0.5550142821491569,0.579524627227376,0.6977847376821258,0.9203569910752094,0.10728631722581533
0.8743676505387397,0.5502910407383371,0.5715133530237768,0.7207728061698186,0.9248788780280393,0.10578582201378332
0.8739602129421131,0.5519143007400342,0.5722373688118407,0.6997246592410422,0.9269018274542304,0.10575337707838424
0.8740315799232641,0.5508678978888466,0.5735309070921143,0.7099379076588126,0.9256268593284176,0.10575418543343001
0.8750406378230777,0.5490459990654857,0.5693232224185089,0.7031413720466806,0.9235869103272307,0.10582286239225089
0.8741683908860796,0.5453692677815448,0.5687123984234246,0.709835894302727,0.9237059073522005,0.10575595717051667
0.8742393792708549,0.5458992275756884,0.5669589659166098,0.7111108031429327,0.9222949426263085,0.10575676552556244
0.8598836902686924,0.5549744292298511,0.5739574236839639,0.7154913019219293,0.9250658733531054,0.10729228576512595
0.8748547016339243,0.5470258905232261,0.5724827431209867,0.7087989636809024,0.9200169995749548,0.10579177947973714
0.8744471973918198,0.5466135585245573,0.567686810836505,0.7102624125813244,0.9259668508286722,0.10575932347098127
0.8745186009810504,0.5520514527113198,0.5713746853305781,0.7016108143211188,0.9306927326815639,0.10576013182602706
0.8755276557519682,0.5524277400777227,0.572991065905025,0.6984517755783997,0.9294347641308605,0.10582883093156152
0.8746554526195083,0.552530367155702,0.576151117816543,0.7138793400001915,0.9238079048022882,0.10576191463647047
0.8747263771748135,0.5555466914049179,0.5750170750505854,0.728006422751369,0.918827029324234,0.10576272299151626
0.8603706215271729,0.554188795704853,0.5777290964041264,0.6965769773764239,0.9274968125796477,0.10729825430443658
0.8753417527291081,0.549140419553083,0.5745245778692027,0.711666098888944,0.928975775605636,0.10579771479897739
0.8749341890379867,0.5470460225946207,0.5703765214103582,0.6822372112717254,0.9253718657033687,0.10576527540025671
0.8750055247301809,0.5528239807227013,0.5743132452060487,0.7066474706306565,0.93106672333181,0.10576608929198088
0.8760145391383447,0.5509100035976691,0.5729824780255419,0.7235811318097936,0.928975775605636,0.10583478839751534
0.875142379497535,0.5554115776717663,0.5768356913333732,0.7080529438596557,0.9271568210795067,0.10576784995571072
0.8752133062430669,0.5520662746359966,0.5691423457403254,0.7225794631031908,0.917416064598342,0.1057686583107565
0.8608574939624147,0.55319004113987,0.5744744450160352,0.7226059492489709,0.928516787080298,0.10730420069703361
0.8758286473795103,0.5524754956396186,0.5764906931954822,0.7116994547546942,0.9255758606034306,0.105803683338288
0.875421064915014,0.5558809088210619,0.5753120510038588,0.7011484384868396,0.928516787080298,0.10577121625617536
0.8754923255137128,0.5506709575989612,0.5716008254457274,0.7062267896285654,0.9217849553760971,0.10577203568457792
0.8765013805975208,0.5514289855127398,0.5765352926211478,0.7103602961635553,0.9195580110496167,0.10584073479011236
0.8756291677654846,0.5515482403228655,0.5748007180352596,0.7302828811700857,0.9207649808754468,0.10577380742166455
0.8757000435100166,0.5520748924498617,0.5743980615827984,0.7000548426026041,0.9251678708030795,0.10577462131338872
0.8757714104911676,0.5595886427797793,0.5810739869279193,0.6981095602795493,0.9227369315766509,0.10577544627846969
0.8758426867343445,0.546243779216758,0.5708085935634197,0.7101675072013927,0.9249298767530263,0.10577625463351548
0.8759139973953736,0.5487526179291508,0.569993541826094,0.6914086845252647,0.9330726731831192,0.10577708513527484
0.8759852736385509,0.5554190333323095,0.5761889885943664,0.6993768449218694,0.9255758606034306,0.10577790456367742
0.8760566083920773,0.5461088621557072,0.5719278510110921,0.7147948393869399,0.9201529961750339,0.10577872952875837
0.8761279190531064,0.5500646890297625,0.5728834075395473,0.7112820696298139,0.9234509137271516,0.10577955449383934
0.8761992234563443,0.5481512482831867,0.5686726905476707,0.6977904558305399,0.9338376540586069,0.10578037392224192
0.8762705516391898,0.5555312437053753,0.5762867310577606,0.6995756299979943,0.9243688907777141,0.1057811822772877
0.8763418216245751,0.5530456301801421,0.5783540417061956,0.7009032331642127,0.9261368465787427,0.10578201277904704
0.8764131510589785,0.5526816973975168,0.5737140192750085,0.7065794484901449,0.9297917552059971,0.10578282667077124
0.8764844022709903,0.5588933890246741,0.5788074728894146,0.7107969800393339,0.924572885677776,0.10578365163585218
0.8765557035453324,0.5544991264004082,0.5769087768438188,0.727743070249399,0.9297917552059971,0.10578447106425477
0.8766269610151354,0.5539209819416036,0.5768643102204132,0.7055788916457337,0.9238079048022882,0.10578530156601412
0.8766982810628519,0.5539824866712636,0.5697100311346045,0.7171445218728509,0.9301317467062518,0.10578612099441669
0.8767696011105688,0.554888751711092,0.5752707716346944,0.7050369779553864,0.9308457288567524,0.10578694042281928
0.8768408147758322,0.5530393545522029,0.5735070248190159,0.7198905435207281,0.9282107947300346,0.10578777092457863
0.8769121254368617,0.5577339175948904,0.5804869124036734,0.7175306160189086,0.9242668933276263,0.10578859035298122
0.8769833829066647,0.5568726368282669,0.579761037383969,0.7019588668964756,0.9230429239269142,0.10578940978138376
0.8770547029543807,0.5548645431634294,0.5753703733297293,0.7025928268925472,0.9263068423289269,0.10579021813642957
0.8771259009751669,0.5536158898756385,0.5756584878329003,0.7068446673322222,0.925320866978268,0.10579103202815374
0.877197174089448,0.5571432040009257,0.5777499463589537,0.7160807477209705,0.9286867828303684,0.1057918569932347
0.8772684753637896,0.5517155546426791,0.5750550564969588,0.7130195528511185,0.9241648958775386,0.10579269856835086
0.877339732833593,0.5546108182742996,0.5738182469154351,0.7155781065916078,0.9225329366765891,0.10579350692339663
0.8774110153345616,0.5555548979952998,0.5797007451579077,0.7143481090420725,0.9243688907777141,0.105794337425156
0.8774822540309906,0.5520177860235437,0.5765519150373637,0.707384873519918,0.9297917552059971,0.10579514024352338
0.8775535083718977,0.5505100440620598,0.5737956926649371,0.7106630006452377,0.928975775605636,0.10579597628196115
0.8776247846150751,0.5579664555349948,0.5825816467188081,0.718257217961165,0.9240118997024638,0.1057967957103637
0.8776960139248167,0.5588889192042046,0.5814511674801617,0.7092157928746867,0.9251168720780925,0.10579761513876627
0.8777672807813075,0.5585876533045615,0.5794432194419675,0.714180972329046,0.9274968125796477,0.10579843456716885
0.8778385570244844,0.5554326752243823,0.5766719682804458,0.7069691164789611,0.9295367615808345,0.10579925399557141
0.8779097644319571,0.5523613543041099,0.5738017573014793,0.709269162259887,0.9236549086272134,0.10580008449733076
0.8779810312884475,0.5556089291851349,0.5773296272059063,0.7238795476801652,0.9220569485762553,0.10580089285237657
0.8780522637270849,0.5518759318011242,0.5772439918818864,0.7254405227785421,0.9254228644283558,0.10580173442749272
0.8781235055524093,0.5553525224037236,0.5781137802840614,0.712339688830276,0.9308457288567524,0.1058025317091817
0.8781947505066303,0.5542215147906896,0.5762722334777055,0.7075432344635029,0.9290267743306231,0.10580336221094107
0.878266014234224,0.5527226230737354,0.5750375265986326,0.6968888150118233,0.9312367190819941,0.10580419271270042
0.8783372247705925,0.5515281976478803,0.5715754823477686,0.711372090757975,0.9283127921801224,0.10580500106774621
0.8784084884981866,0.5597960245702813,0.580439679066517,0.7074030206992605,0.9265958351040808,0.10580583156950556
0.8784796990345547,0.5560557681978282,0.5790259326071912,0.7195125103755602,0.9280067998299728,0.10580665099790815
0.87855094836923,0.5574840188720827,0.5795706653441922,0.7111098501181969,0.9341946451338572,0.1058074814996675
0.8786221307455366,0.5539464599182795,0.5764925524271228,0.6978591133208756,0.9307267318315553,0.10580828985471329
0.8786933444108005,0.5551604989163547,0.5792368889972752,0.7151254198421417,0.9307267318315553,0.10580912035647264
0.8787646175250821,0.5525900481986106,0.5726517561306059,0.7143909157364516,0.9253718657033687,0.105809950858232
0.8788357914533709,0.5500713937604668,0.5725608529836042,0.7216424015317968,0.9318657033574027,0.10581075921327779
0.8789070113764259,0.5554825405415398,0.578069999805666,0.7004807652407419,0.9261368465787427,0.10581157864168035
0.8789782563306465,0.5514732188561058,0.5753797358890627,0.7148943113437303,0.9243178920527271,0.1058124202167965
0.8790494574803271,0.5552703671034944,0.5772639122208933,0.7165822769881416,0.9221929451763344,0.10581322857184229
0.8791206335988435,0.5589398572782749,0.5800498158984403,0.7108480859907866,0.9249298767530263,0.10581404800024485
0.8791918785530641,0.5562484532186265,0.5803985103659025,0.7160869026723886,0.9225329366765891,0.1058148785020042
0.8792630765738494,0.559054088010193,0.5761688026508394,0.7012328208853147,0.9278368040797886,0.10581566471033643
0.8793343559459221,0.5592405867994616,0.5816743859455898,0.7142700007231078,0.9342966425838313,0.10581652843216614
0.8794055289355427,0.5595221497304752,0.5804789885354906,0.7148532915707306,0.9242668933276263,0.10581732571385515
0.8794767144407452,0.55386877443852,0.5748095493855527,0.7053995641579629,0.9341946451338572,0.1058181617522929
0.8795479124615304,0.555254168474113,0.5776006102175314,0.7001895367652522,0.9304887377815021,0.10581896457066028
0.8796191167401077,0.5564740539973623,0.5779808230880447,0.707040275659228,0.9321716957075523,0.10581978399906285
0.8796903106933285,0.5565151942249633,0.577031995207432,0.716257335262626,0.9274628134295426,0.105820625574179
0.8797614993274276,0.5555590638679774,0.5767174751882217,0.721644903221728,0.9295367615808345,0.10582143392922479
0.879832651666336,0.5519207015229466,0.5725521323018611,0.7059109413474032,0.9249468763281357,0.10582225335762735
0.8799038465582254,0.5548948127876486,0.5765094404478588,0.7153606184050441,0.9257968550787155,0.10582307278602994
0.8799750226767418,0.5589708599530512,0.5797962742503013,0.7185215631972346,0.9257968550787155,0.10582389221443249
0.8800462613731708,0.5580982794802808,0.5781837228076858,0.7046086727554095,0.9305907352315899,0.10582472271619187
0.8801174093316257,0.5518402268752141,0.5725943634205559,0.6912156175975541,0.9297917552059971,0.10582555321795122
0.8801886386413678,0.554896207371635,0.5757307986634956,0.7043864194451674,0.9314577135571653,0.10582636157299702
0.8802598397910488,0.5557569517598022,0.5789242282097056,0.6907688078339589,0.925728856778619,0.10582718100139957
0.8803309605281116,0.5561385850314866,0.5783790970659244,0.698328676550036,0.9312367190819941,0.10582797828308857
0.8804021353950691,0.5601376797676867,0.5794839897358017,0.700725851435277,0.9266978325541686,0.10582880878484792
0.8804733271580636,0.5624563008001802,0.5821160641287948,0.7195327621511944,0.9178070548235837,0.1058296282132505
0.8805445283077447,0.5554470501670121,0.5759815957315937,0.7050179174606719,0.9274628134295426,0.10583046978836666
0.8806157044262606,0.5552199654078807,0.5786193363543486,0.7066314280476054,0.9271568210795067,0.10583127814341244
0.8806868930603589,0.5539477472265748,0.5786015408515024,0.6942782817138737,0.9302847428813266,0.10583209757181501
0.8807580597921878,0.5535526866142,0.5775128721910606,0.715826290116534,0.9275478113046347,0.10583290592686077
0.8808292077506428,0.5644689536818965,0.5857364086736343,0.7247422336128091,0.9263068423289269,0.10583373642862014
0.8809004151581155,0.5650722542903035,0.5830783493050922,0.7120435761030162,0.9244368890776968,0.10583456693037949
0.8809714808266143,0.5557039933268799,0.5753028212467857,0.7095391065162788,0.9217169570760007,0.10583538635878208
0.8810426838536327,0.527699084105179,0.4962723733627528,0.7112086867251637,0.9163620909475867,0.10583619471382784
0.8811138943900012,0.4950247679903927,0.4499370229549149,0.709528702662914,0.9209689757755086,0.10583702521558722
0.8811850141883948,0.4657050235311017,0.41216681185642634,0.7149628894153379,0.9256268593284176,0.10583784464398978
0.8812562215958675,0.431438568092655,0.37708143748884737,0.7112425191032816,0.9246748831278637,0.10583865299903557
0.8813273257497829,0.38668605865498673,0.3424009417982143,0.32386238529304956,0.793251168720758,0.10583947242743813
0.8805578708575155,0.384959216821658,0.342300414914101,0.35381396726844483,0.8084997875052977,0.9362344071168593
0.879039542948644,0.38806825766290826,0.3440183670837734,0.3560085449786181,0.7858053548660564,0.936512614132889
0.8775212369420418,0.3844847721977453,0.34104024541503514,0.34329924535927603,0.805949851253672,0.9367912419364767
0.8760028902597963,0.3873808886711113,0.3434341942889096,0.33138782599054917,0.7908712282192027,0.9370696150528582
0.8744846030265676,0.38578214116486886,0.3415093782521336,0.33368203449496847,0.7939651508712586,0.9373479438758124
0.872966313916002,0.3825294474454422,0.33950751477082064,0.3601622238705138,0.7891882702931525,0.9376264387991187
0.8714480298116696,0.3822007904859621,0.3411291653816203,0.3531059493085351,0.7842753931151947,0.9379049337224249
0.8699297144183809,0.3809166343081464,0.3394191237999047,0.35067049459640964,0.7908712282192027,0.9381832625453792
0.8684113802517177,0.3778193169120235,0.3348193493069957,0.34423424204374253,0.7801104972375015,0.9384444276653068
0.8668930898895937,0.38133971175522374,0.3383922015502716,0.36035266998020155,0.7886952826178231,0.9386833242647266
0.86537472756287,0.3808192315563318,0.339468464266254,0.3626844038335899,0.7727326816828963,0.9389223537444279
0.8638564340718498,0.3789001373808261,0.3380526217445905,0.3496870127785132,0.7909902252442862,0.9391613167839883
0.8623381562253098,0.3789977582598796,0.3357080111236943,0.3469149417878594,0.7727326816828963,0.939400335190333
0.8608198283164374,0.381870000528154,0.3390011773805701,0.3334108989576572,0.7801784955375979,0.9396391321295415
0.8593014753764003,0.37886795467344586,0.33757477929260393,0.3547049659776127,0.7788525286866843,0.9398782059026699
0.8577831681182402,0.376543903703046,0.33540431448867786,0.34710300533570737,0.7885422864427483,0.9401171689422305
0.8562649309473422,0.3755061365450054,0.33486341309687917,0.3484036855531416,0.7807904802378971,0.9403561319817909
0.8547465873939926,0.37469003135990286,0.3342167059311304,0.3597550440521786,0.7748406289841796,0.9405952057549194
0.8532282469695378,0.3733434282142721,0.3333019241232516,0.36807681633509826,0.7722906927325539,0.9408340580609121
0.8517099159317709,0.37650105957988195,0.33668981380547663,0.349589486580558,0.769128771780629,0.9410731318340405
0.8501915567339426,0.3727136072670556,0.33228423605743374,0.36376743702700454,0.7571610709732113,0.9413119841400333
0.8486732726296102,0.37567664589249067,0.33476446877303145,0.3611119527290203,0.7593710157245823,0.9415510579131617
0.8471549509785299,0.37390312840589146,0.3335665680403304,0.36040000354207535,0.7713557161071094,0.9417899102191544
0.8456366168118667,0.37086911439518555,0.3313449146052694,0.37091242230813304,0.7539311517210763,0.9420289839922826
0.8441182889029952,0.36947007846751956,0.33006443078715836,0.3689868358296162,0.7668508287292752,0.9422680577654111
0.8425999766386014,0.37407150654297683,0.33486130154094446,0.35198003000201283,0.7642668933276582,0.9425069100714037
0.8410816456008336,0.36960947250075266,0.33003883536490536,0.36033718332824605,0.7685507862303211,0.942745939551105
0.8395633145630663,0.36990914178052403,0.33100243307020627,0.365485264113135,0.7500892477687557,0.9429849468840927
0.8380450054275688,0.3665021355550654,0.32814409682665896,0.3588813189163458,0.757229069273194,0.9432239099236533
0.8374642730060415,0.36928486162276153,0.3322180097837195,0.3711839549390845,0.7505992350190809,0.94355123835041
0.8350025674106423,0.36625660116496395,0.3276929055748928,0.3758812947333432,0.7546111347216993,0.9437017252692065
0.8334838609053956,0.36802159559789194,0.3274446206828807,0.3878356796339051,0.734075648108842,0.9439406883087671
0.8175383171266413,0.36681992369909183,0.33047920987259083,0.3714089879048059,0.7355716107097123,0.9480418167300664
0.8309198729623684,0.36830677014384494,0.33048237499312194,0.378278707874768,0.7408414789629205,0.9444612468115353
0.8289226425412846,0.3672926644274416,0.32927761502368946,0.36732333115342186,0.7300297492562322,0.9446574666938806
0.827404327147995,0.3654387902963702,0.32532191157166734,0.39679172958780873,0.7390905227368876,0.9448965404670091
0.8268236163158478,0.3673039569818757,0.3286190375492635,0.384060232433997,0.7401104972375379,0.9452238688937659
0.8243618891310689,0.36401865681608825,0.32520977334328405,0.36584860479362713,0.7313897152571371,0.9453743558125622
0.8228431075323255,0.3641836253741195,0.32652482337631417,0.39864425083658706,0.7158861028473211,0.9456132081185549
0.8068975543668846,0.36093753804934675,0.324773358556319,0.37921644450534986,0.7246068848278355,0.9497144472734222
0.8202791058221579,0.3631309379553518,0.32711796696384415,0.3671060415136782,0.7315427114320983,0.9461338773548913
0.8182818754010741,0.36356893566315635,0.32433720494713203,0.3688306589010506,0.7312877178070494,0.9463300529438095
0.8167635881678459,0.361295606427516,0.3244583161815525,0.3856202942170024,0.7287037824054323,0.946569171010365
0.8161828795259249,0.3610662742426524,0.32632482095931303,0.3894863978948957,0.726561835954044,0.9468964994371217
0.8137210468973626,0.3626172787024962,0.32767892149690986,0.3778330099733642,0.7191330216743381,0.9470468756223503
0.8122023466499071,0.3592614268904185,0.3229477502345398,0.40036743868685587,0.704972375690545,0.9472858940286948
0.7962568031840425,0.3605973704081937,0.3226662160833541,0.3945723732345068,0.7217679558010559,0.9513869670832102
0.8096383480686344,0.3573359355078569,0.32140129890349156,0.4056819811255834,0.7137611559710422,0.9478065078982472
0.8076410832296981,0.35942703195088466,0.3257538398556138,0.3835153008319865,0.7127921801953789,0.9480026170470245
0.8061227897386787,0.3561604835759308,0.3204458818174095,0.3950661591757003,0.7143731406714551,0.9482416465267258
0.8055420310344283,0.35655095278871923,0.32330843895945527,0.3912832466153626,0.7201019974500014,0.9485691299804775
0.8030803047883177,0.35464976471401427,0.3191675073418623,0.39050319586917803,0.7090012749681591,0.9487195615324899
0.8015615544785311,0.35435883125136847,0.3211490542907591,0.4061399889298236,0.6991245218869153,0.9489584692052667
0.78561608109993,0.3544393970834386,0.3195548450536271,0.390823650436563,0.7160900977474967,0.953059486892998
0.7989975652839463,0.35729906842862463,0.32478945197686565,0.40360704772910694,0.6964385890352105,0.949479027708035
0.7970002816716355,0.3533634791137269,0.31919231037729695,0.4072108710578579,0.7100042498937,0.9496752475903804
0.7954819944384073,0.3563237482383991,0.3211865222350602,0.3950081437949138,0.7033234169144862,0.9499142106299409
0.7949013095760944,0.35388928912654666,0.31805272311698235,0.42233807385044275,0.6979005524862032,0.9502416497902656
0.7924394719412984,0.3531115510924259,0.31999337139652684,0.3987349073145723,0.6860518487037552,0.950392136709062
0.7909207153737206,0.3510123571226357,0.31644373962842015,0.4032605835283096,0.675393115172028,0.9506310997486225
0.7749752360502171,0.3500549430332109,0.3182611695443514,0.4239586924135301,0.7030684232894373,0.9547320509962133
0.7883567092830988,0.3517365985574495,0.3191271376681791,0.4093865074014085,0.6802209944751212,0.9511515475178229
0.786359469475328,0.35008222502942843,0.31780258784681364,0.41037352335269994,0.7004844878877066,0.951347833840309
0.7848410977619165,0.3499379302850326,0.31758332467536377,0.42182471119280285,0.6978325541861068,0.9515867304397287
0.7842604748517377,0.34684082744029227,0.31551391575122006,0.42837131606799317,0.6679133021674488,0.9519141696000535
0.7817986253271378,0.3457845176790161,0.3158453171510533,0.4130384187699492,0.6900467488312643,0.9520647672524178
0.78027986875956,0.34660765478568123,0.31472103313783806,0.4291882171039587,0.6772290692731531,0.9523036195584104
0.7643344604619884,0.34613512860871404,0.31507275107008736,0.43584390360202474,0.6845728856777669,0.9564047479797099
0.7781889936202124,0.34726582333431516,0.31692052408906835,0.41380413443573416,0.6787590310241285,0.9528663675505545
0.7766474993678609,0.3463246078742718,0.31487696955158473,0.41061289139882073,0.6752571185719489,0.9531092062649918
0.7746713670902245,0.34497821749209534,0.31315373849207545,0.4348212683512358,0.6643433914150592,0.9533024363410036
0.7726687017773761,0.3443366730997515,0.31509597154525654,0.4192669516395937,0.6748491287717115,0.9534981025555094
0.7711503644818176,0.3431394799610618,0.3101302294375952,0.41147275796662175,0.6602124946875847,0.9537370655950699
0.7552044787147674,0.34385327631940255,0.31458013436667065,0.4084769247098943,0.6524436889077379,0.9578384154835051
0.7690551120174391,0.34426527218757197,0.3116093987169619,0.4218299131194856,0.6496727581810546,0.9542990384522384
0.7675256405466673,0.3445127250246189,0.3157743409831714,0.420429324142257,0.6690692732680645,0.9545382229589349
0.7659829754615588,0.34087808872193137,0.30980621627016264,0.42362660300249644,0.6427539311517876,0.9547808844996637
0.7643084968857865,0.3373854014018573,0.30991386799552734,0.42030126144339475,0.6496727581810546,0.9550570097246165
0.7629443662742537,0.3387531056759604,0.31006637589759384,0.43022788767189835,0.6353761155970687,0.955254226209073
0.7614127984433887,0.3397209630539301,0.3103299684634473,0.413353115479556,0.6418699532511027,0.9554931892486337
0.7598722328472691,0.3347983372553922,0.30729194744200045,0.44042020925484726,0.6514237144070876,0.9557360279630712
0.7582230992650261,0.33763605105450395,0.3094286395245112,0.4317933499284061,0.6591415214619474,0.9560062178687838
0.7568344559462097,0.33569372811598247,0.3086347033465328,0.4228529851732781,0.6471398215044246,0.9562095246994757
0.755304915639734,0.33301735874446536,0.3054101383104551,0.4261053012120053,0.6274883127921385,0.9564485984726042
0.7537630703252884,0.3342686903486814,0.3061800660531881,0.42158458866876636,0.6288482787930434,0.9566913264534738
0.7518057636741808,0.335333524951557,0.30722572006160076,0.4201580694768534,0.6389800254993361,0.956886549733708
0.7497830546557225,0.3343765381769691,0.3085138577166324,0.44970080384062605,0.6319932001699726,0.9570806656782628
0.7482646672978328,0.3335924047237206,0.30658297040320137,0.44496172950481583,0.6134466638334288,0.9573196287178235
0.746746308100005,0.3320887177833667,0.3058193751149016,0.44180507332393626,0.6214024649383418,0.9575584810238161
0.7452279520310725,0.33373158241764295,0.3072273026218663,0.4399436174682605,0.6141606459838158,0.9577975547969446
0.7437096147355136,0.33267143576247576,0.3068394381278033,0.4170577211741091,0.6332341691456804,0.958036407102937
0.742191277439955,0.3308910973298401,0.3028058948444259,0.43779581738886564,0.6153166170845452,0.9582754808760655
0.7406728775664835,0.3276456500833586,0.3030948150146412,0.44152305742089193,0.6342201444963393,0.9585144439156262
0.7391545071046304,0.32764650292510417,0.3023565517574453,0.4417852186419422,0.6166425839353451,0.9587533626617595
0.7376361479068017,0.32713092164944674,0.3013882063713478,0.46535113779439197,0.6128346791329022,0.9589923699947472
0.7361177918378692,0.32800926461476637,0.303199830615144,0.4497789121595912,0.621164470888175,0.9592312776675238
0.73459940447998,0.3280702204504728,0.3032156606445416,0.448383723655865,0.6169485762854947,0.9594701853403004
0.733081085957795,0.3278408846897528,0.30187633657174595,0.44217516459630657,0.599235019124535,0.9597092591134289
0.7315627142443839,0.3278769042910241,0.3038148744020412,0.4559367623613364,0.6064088397789646,0.9599482221529893
0.7300444019799901,0.32501680920685755,0.30030244386703003,0.44164941261710244,0.5966850828729093,0.960187118752409
0.7285260052354139,0.3255240766164418,0.30094440335198214,0.44620304422308776,0.5963450913726547,0.9604260374985424
0.7270076147486288,0.32347838103388665,0.30163781264584727,0.4449871832071324,0.593081172970642,0.9606651112716709
0.7254892899686531,0.3211110622013423,0.29844781161131767,0.45186766441473547,0.5937441563960419,0.9609041296780154
0.7239709057396593,0.3244494370153843,0.3022766025835263,0.44044800580963894,0.5833064173395996,0.9611429266172242
0.7224524889701507,0.32288308855583286,0.2997528350737143,0.4497120018812708,0.5782915427114403,0.9613818896567847
0.720934154803488,0.320202456763516,0.300202443765215,0.4718385360078756,0.5768635784105527,0.9616209634299132
0.7194157768322853,0.32640327063557883,0.30165760018259424,0.470670842450438,0.5852953676156858,0.9618598821760466
0.7178974113766659,0.32121848271479303,0.30028344650373034,0.456049536955063,0.5724096897577056,0.9620988895090343
0.7163790427921506,0.3161428227788774,0.29599739742984243,0.458187290565369,0.5842073948151665,0.9623377418150267
0.7148607399144438,0.3189161711632286,0.2990174735459004,0.44893052159798263,0.5698257543560885,0.9625768155881552
0.7133423525565545,0.3167067853912965,0.29643856211097513,0.4545245782498235,0.5790395240118187,0.962815778627716
0.7118239902298305,0.31557118816660445,0.29565095617405895,0.4580418351650801,0.5703867403315144,0.9630547416672763
0.7103056122586286,0.31609550704731565,0.2953443578096604,0.44118032590030976,0.5590820229493829,0.9632936493400529
0.7087872230234011,0.3158003111638701,0.2964253682064395,0.44944555204891,0.5448363790904978,0.9635326677463973
0.7072688168921384,0.3125175650534989,0.29130316290273334,0.4643342604013816,0.5621759456013251,0.9637715643458171
0.7057504608232059,0.3156660341811105,0.2955538578016259,0.4605244646016238,0.5554441138971242,0.9640106491923024
0.7042320578208385,0.31491728203877023,0.29492799395059144,0.4523633961147644,0.5558861028474666,0.9642504427336225
0.7027136923652182,0.31323242880496777,0.29394803943359477,0.4620362000886553,0.5600509987250462,0.9645019186663573
0.7011953175229118,0.3070367305530359,0.28992294104593375,0.47416800642751644,0.5516362090946814,0.9647536160662281
0.6996769677117705,0.31213945900654344,0.2929456568282473,0.4619074226212414,0.531321716957109,0.9650052027325309
0.6981586147717329,0.3098047491234593,0.2916437993717302,0.4676956977723483,0.5481512962176112,0.9652743517427052
0.6966402055115744,0.3092582640454543,0.2929490868892872,0.473101214363973,0.5375605609858667,0.9655740964376942
0.6951218037607649,0.3059299066354628,0.2878501005113905,0.4745228890134794,0.5326476838079088,0.9659950500961231
0.6936034633363102,0.3082230546974792,0.29244723600205524,0.4597952418413438,0.5461623459412976,0.9664275754123989
0.6920850853651088,0.30737604588882184,0.2883479938912731,0.46411403226870296,0.5080152996174547,0.9668599899951069
0.6905667324250713,0.30797730700754494,0.29091160340712163,0.47044100465167427,0.5271228219294244,0.9672922938442471
0.6890483356804951,0.3065844523052098,0.2903374558548687,0.4666319236204679,0.5244368890777196,0.9677247084269551
0.6875299577092924,0.3064071218328953,0.2911978854604411,0.47025802390241633,0.5270208244793366,0.9681571230096632
0.6860115859958817,0.3040973490782104,0.2890023526805715,0.4671031149335523,0.5334976625583749,0.968589648325939
0.6844931955090967,0.3047273840404309,0.28810999763302103,0.48166112370272995,0.49322566935825307,0.969022062908647
0.6829748738580159,0.3040606893986479,0.2887720082672063,0.47377817960124413,0.4966255843603449,0.9694543667577872
0.681456453959612,0.30227310395668866,0.28821158162312427,0.477264542631318,0.5085252868677799,0.9698869474408469
0.6799380572150358,0.30117203484357363,0.28673531628651056,0.48781603541154017,0.5019464513386538,0.9703051327600778
0.6784196855016247,0.30122148285829214,0.285762748895229,0.489175803162589,0.5002974925625949,0.9706831217941558
0.6769013075304224,0.3001513187275573,0.2845930823656881,0.48920455274211627,0.5169910752231317,0.9710611108282335
0.675382917043637,0.29931880306503816,0.28681631902502597,0.48930541452664644,0.5029494262643084,0.9714389891287435
0.6738645703613919,0.29852848861531367,0.28505034201672713,0.4855425551951227,0.5275308117296618,0.9718167566956855
0.672346186132398,0.3001711405218941,0.2857477092606159,0.47281959555456843,0.4847088822779142,0.9721948564633311
0.6708277893878218,0.30011764299286453,0.28728255013274245,0.4874836283255948,0.4869358266042809,0.9725728454974089
0.6693093845081171,0.2991866577182053,0.2866139432103007,0.4856787583136022,0.48659583510402626,0.9729507791647027
0.6677909846346446,0.2965004838670055,0.28376457975145347,0.49070894199681003,0.4673183170420998,0.9733287128319965
0.6662726285657121,0.2939259942194852,0.28190414248761736,0.5036755582947958,0.4673183170420998,0.9737066022058634
0.6647542099188661,0.2951389606394404,0.28323080231555786,0.48935687786237514,0.476209094772571,0.9740844694330163
0.663235856978829,0.2936966581011795,0.2840038956214962,0.4758752311134622,0.47037824054382327,0.9744625138338782
0.6617174696209398,0.29388464551945737,0.28323713476999113,0.48853544995891496,0.45963450913723136,0.974840447501172
0.6601990885208413,0.2935839083101794,0.28360943328981697,0.48784478499106765,0.4645473863153029,0.9752183368750388
0.6586807074207437,0.2875478500539007,0.2771922308066095,0.4742375772332239,0.44696982575430866,0.9755963148357597
0.6571622312022174,0.2923547434396356,0.2814653525322314,0.48948005630946656,0.4689502762430493,0.9759742485030536
0.6556438876488673,0.29343130184522415,0.2816737976315779,0.5026048747135814,0.452358691032714,0.9763520714367794
0.6541255409666218,0.29167249024676234,0.28275533658135193,0.5022931562062738,0.4453888652783462,0.9767301158376412
0.6526070941597149,0.28912613436444823,0.27764685196447964,0.4820167607666084,0.4348151296217111,0.9771079387713671
0.6510887631219475,0.2893731609594152,0.27883182196245704,0.4979522476631735,0.4381980450488072,0.977486027465656
0.6495703382173099,0.2861829165321102,0.27820279321222857,0.49521873446495235,0.44696982575430866,0.9778640275730907
0.64805194460163,0.2880286890241842,0.27941441241839243,0.4998483300842471,0.42294942626426746,0.9782418948002437
0.6465336198216538,0.2847359251521768,0.27574235095945426,0.5016922344010402,0.45400764980865915,0.9786197841741103
0.6450151773952002,0.28424826684499227,0.2769394583048933,0.4987481027362255,0.44397790055234054,0.9790001539798984
0.6434967587483547,0.2828652167832533,0.2737061866641121,0.5198084404397465,0.4458478538035706,0.9793826277234768
0.6419783901638394,0.282736693353402,0.2744782245683561,0.4824972440708657,0.4142796430088538,0.9797649907334871
0.6404599621303064,0.2817326018227785,0.27499379607602076,0.5002206450810007,0.44326391840195356,0.9801474091102816
0.6389416592526,0.2838528951331129,0.278114929687622,0.5144369547730596,0.4151296217593199,0.9805296060199402
0.6374232249612755,0.28444989508258606,0.27974607743071184,0.5056033287883319,0.41499362515935445,0.9809119690299507
0.6359048469900737,0.2807372496851369,0.27363784832538784,0.4932698782991385,0.40690182745424863,0.981294332039961
0.6343864502454974,0.2762021072593139,0.2701138093234889,0.5092175559704479,0.38713132171687903,0.9816768057835394
0.6328680347275473,0.2817236514542704,0.27575158586261506,0.5120472452482485,0.40294092647684465,0.9820591687935499
0.6313496849164055,0.2746086895669992,0.2705185618382878,0.5082381642170424,0.38410539736503324,0.9824414653634195
0.6298312381094986,0.2782215864508514,0.2710172467196403,0.5151867866932491,0.4036039099021309,0.9828238394467868
0.6283128933045901,0.2756483751719853,0.2702296412253983,0.5188249586218501,0.3850063748406001,0.9832061470900133
0.6267945090755966,0.2754213833851195,0.27005760829238556,0.5042800539427885,0.40147896302585195,0.9835885101000238
0.6252760779131679,0.2747048148441236,0.2695283162528231,0.5097741224161068,0.39175520611979664,0.9839708731100343
0.6237577124575484,0.2748020057264479,0.2708225223071276,0.49954109873507013,0.3810624734381918,0.9843531253864768
0.6222393344863457,0.26824376176657894,0.2656987337791446,0.5101714940215369,0.3553251168719953,0.984735709863623
0.6207209502573523,0.27012448879110273,0.26541772928763935,0.5123342645311553,0.34463238419027675,0.9851179621400654
0.6192024815481751,0.269569051020283,0.2664570508416188,0.5208658213840247,0.3615809604759761,0.9855004358836438
0.6176840816747036,0.26812120822894664,0.26627235322107673,0.5274011090904782,0.4029919252018317,0.9858826881600865
0.616165745630703,0.2664785563581248,0.2637483220987786,0.5182557645984429,0.36209094772630124,0.9862649404365289
0.6146473332416482,0.2666045194748111,0.2638528084822751,0.521663781053368,0.3739566510837449,0.9866473034465394
0.613128955270446,0.271700213146071,0.26814123360993236,0.5258463683622472,0.3375435614109392,0.9870297771901176
0.6116105835570353,0.2644087755949519,0.26338420353416025,0.5063728962624239,0.3603399915001546,0.9874121402001281
0.6100921242345461,0.263818385615989,0.263009794122411,0.5154495038453952,0.33081172970673833,0.9877945032101386
0.6085737744234043,0.26503454867275117,0.26515704066453893,0.5164229391942026,0.352843178920466,0.9881767554865811
0.607055352647663,0.26308817607688434,0.2665578433302521,0.5385914858279066,0.34747131321717006,0.9885591184965916
0.6055369452648409,0.26419286896285044,0.2626129566223108,0.5282762637634144,0.37198470038242704,0.988941481506602
0.6040185672936387,0.26046892743511085,0.26317734121641645,0.5220430054794556,0.3236719082021864,0.9893238445166125
0.6025001924513318,0.2581325111533642,0.2599915639577676,0.5282261505460615,0.341640458988536,0.9897061632331957
0.6009817475217631,0.26093058300869626,0.2632649404645255,0.5258574869841641,0.33713557161070185,0.9900885705366335
0.5994633676732231,0.26015497618497535,0.26533303154757526,0.5162151798018162,0.29953251168717543,0.990470933546644
0.5979449286885554,0.25626478594262203,0.25860025886701876,0.5236607649683356,0.3198640033998572,0.9908532965566542
0.5964265616684878,0.25552392035151816,0.26106334017073146,0.530347623317132,0.3217339566510873,0.991232935520894
0.5949081536598868,0.2532395113248981,0.2588461716893293,0.5526330346090538,0.30932426689321346,0.9915836951706214
0.5933897882042674,0.2527139140755326,0.258424269312005,0.5315304461422492,0.29796855078620865,0.9918853334096218
0.5918714083557277,0.2520551054486075,0.25701634180504035,0.5215452486018632,0.2956226094347585,0.9921869716486224
0.5903529352660968,0.24706384645072477,0.2518532378319818,0.5291656740980226,0.26396940076494957,0.9924884991540549
0.5888345582335637,0.2515665934057132,0.2561078902382238,0.5357766081428736,0.2813089672757769,0.9927902924200503
0.587316122377791,0.25435145068380927,0.25853587854471916,0.5319782883493085,0.28617084572874774,0.9930918863656235
0.5857977397132452,0.24661540724230352,0.2542553695384462,0.5400247556116977,0.29783255418612953,0.9933935246046239
0.5842793723802884,0.24560044510829823,0.2521962494693996,0.5343126827300839,0.26893327666800815,0.9936951074768404
0.5827609521689947,0.25009914061801314,0.2585224223557199,0.5230409812152075,0.23600509987238638,0.993996690349057
0.5812425275772473,0.24292386118539855,0.2504782939796707,0.540390439144665,0.24321291967703473,0.9942982178544895
0.5797241633731858,0.37815287994645086,0.3559551432920892,0.5309745944651423,0.15597110072246778,0.9945999225336306
0.5782057087440404,0.44552025474114754,0.413862603755639,0.5469548338149219,0.27440713982150555,0.9949014943324903
0.576687322950598,0.5010775664395009,0.47701732941118086,0.5432395463014559,0.31092222694439897,0.9952031325714907
0.5751689337153718,0.5478915517139098,0.5356858796270576,0.5393589487057071,0.31063323416913136,0.9955047708104909
0.5736504978595995,0.5829346760054208,0.5888620426660903,0.41719428167686456,0.7899022524436532,0.9958062983159235
0.5897578944047086,0.5678581682339585,0.5903411942384891,0.7347752015180731,0.928516787080298,0.10242262208906941
0.8558251089677258,0.572031192624267,0.5975954955598228,0.7611054483351989,0.9247768805779515,0.10609226608963125
0.8549923777927089,0.5780816310081673,0.6021402545031365,0.6948044307867176,0.9363705907352369,0.10610182239654233
0.8860747741063508,0.5743395867075263,0.5978415338802691,0.6992782068617225,0.937594560135949,0.1058030521569509
0.8861456498508828,0.5887834897275838,0.6119980998652632,0.720872714929613,0.9298427539310978,0.10580386051199667
0.8556867498273384,0.5887982043765694,0.6155685771614552,0.7802670430902592,0.9302847428813266,0.10609863326978636
0.8252783736464928,0.5837919160543401,0.6057929142645873,0.7859597775116105,0.9300467488312734,0.10638079347419056
0.8253693853990574,0.5781068944334609,0.6045979152612682,0.7511108396755475,0.9234169145771602,0.1063805941537683
0.8255512915705978,0.580180086563616,0.598836532679958,0.7774173005836444,0.9263408414789183,0.10638015121949664
0.8254834217561289,0.5743431983224656,0.5946707913868172,0.7852956383989074,0.9178070548235837,0.10638114782160787
0.8256553129584341,0.5666157905741069,0.5887708739145683,0.734799543358198,0.9308457288567524,0.1063808488409745
0.8545455195525289,0.5665966061046519,0.589505713086826,0.714319796265549,0.926034849128655,0.1061148668108427
0.886558346182448,0.5660907297031978,0.588322444949811,0.6939852663170045,0.9361155971099606,0.10580709393217978
0.8866292572835013,0.5613191069556164,0.5840448398862911,0.7055324316898675,0.9249298767530263,0.10580792443393916
0.886700154930304,0.5615161545211931,0.5879563533862827,0.7095854870534173,0.9312367190819941,0.10580873278898495
0.8867710650926885,0.5606409100354228,0.5854721764435615,0.706777717344538,0.9222269443262121,0.10580956329074431
0.8868419001615764,0.5584257564071569,0.5815567010094786,0.7051743723547856,0.9215809604759215,0.10581039379250366
0.8869128309746732,0.5656687071337512,0.588037097160391,0.729395773978589,0.9272078198044937,0.10581119107419265
0.8869836691724573,0.5647552009847623,0.58418417159079,0.6973274049370732,0.9327156821079825,0.10581201050259521
0.8870545855926331,0.5664411278694415,0.5895642788835065,0.6961453762992358,0.9269868253292088,0.105812818857641
0.8871254363060004,0.5621975518328427,0.5833498635257575,0.6937292203380085,0.9298767530810892,0.10581361613932998
0.8871963517875074,0.5626017666375389,0.5861967013069557,0.7192453854840117,0.9253718657033687,0.10581445771444616
0.8872672682076836,0.5637387459307202,0.5864401278496211,0.7068166325212466,0.928975775605636,0.10581525499613513
0.8873381095343635,0.5655183423731578,0.5862137221299517,0.7206481981856234,0.9235019124521386,0.10581608549789451
0.8874089646281846,0.5606990892186536,0.5812462757266197,0.7131824406621983,0.9234509137271516,0.10581689385294027
0.8874798528882994,0.5584874578089176,0.5825861177282297,0.7048478422547104,0.9273268168294635,0.10581771328134286
0.8875507442773105,0.5640249932335858,0.5878100495631314,0.708897800287869,0.9279558011048721,0.10581852163638862
0.8876216137640514,0.5610940246760552,0.5857032966434627,0.7014116321513537,0.9288567785804389,0.10581931891807762
0.8876924707352098,0.5614700080946662,0.5842218874326432,0.6904197228151383,0.925320866978268,0.10582016049319377
0.8877633214485763,0.5665629394168759,0.5881155832960785,0.7101134230476405,0.9214279643008467,0.10582096884823954
0.8878341878064222,0.5637823356199385,0.5886047825546701,0.6929109294743034,0.9235019124521386,0.10582179934999891
0.887905045716249,0.5680155774316118,0.5892679749076326,0.7041636499131934,0.9301317467062518,0.10582259663168789
0.88797597340045,0.5609276758374628,0.5828276850392543,0.6872954297659091,0.9252868678282766,0.10582339945005527
0.8880468209849206,0.562460556069267,0.5870957947411809,0.6961670576119734,0.925728856778619,0.10582423548849304
0.8881176497960186,0.5672200387844535,0.5888028128581095,0.6985995738311637,0.926034849128655,0.10582503277018203
0.8881885317983422,0.5601308677612912,0.5816932438665166,0.6903707214599768,0.9189970250744182,0.10582585219858459
0.8882593261915872,0.5675685059882543,0.5893434287250492,0.7197286881531124,0.9288567785804389,0.10582666055363038
0.8883302081939108,0.5641414767550205,0.5883689036071174,0.6974184982180622,0.9314067148321783,0.10582749105538973
0.8884010401339042,0.5585202841704455,0.5855114859125354,0.6965308350954695,0.9353506162344729,0.10582829941043553
0.8884719190073325,0.5621023804154066,0.5872388006415411,0.7031020597763322,0.93106672333181,0.10582911883883808
0.8885427290450552,0.5623902189743593,0.5832449718740307,0.70397991468602,0.9300467488312734,0.10582993826724067
0.88861362481452,0.5692466553853166,0.5915994071175903,0.679420665793405,0.9280577985550735,0.10583073554892965
0.8886844473678264,0.5691629982254098,0.5896841993243287,0.7075584034405467,0.9305567360815985,0.10583156605068902
0.8887552689824632,0.5576976762905239,0.5796894126983838,0.7049925828864476,0.920662983425359,0.105832363332378
0.8888261447269956,0.5599540595428003,0.5826168835851404,0.7118782660207332,0.928516787080298,0.10583319383413738
0.8888969641514066,0.5613480892715406,0.5856711142291113,0.6985320679123839,0.926442838929006,0.10583400218918314
0.8889677804469205,0.5650415555633191,0.5876644097512803,0.7099667763664321,0.9242668933276263,0.10583481054422891
0.8890386217736008,0.5650387842746281,0.5893789311959016,0.6889559165304406,0.9302167445813438,0.10583564104598826
0.8891094599713854,0.5597764109980612,0.5829559277550392,0.7029602973468945,0.921036974075605,0.10583646047439085
0.8891802574935261,0.5624300897729471,0.5826313811651955,0.710732253776033,0.9300467488312734,0.10583725775607984
0.8892510706601446,0.5647181193541474,0.5868378706184605,0.7000927253358491,0.9286187845303857,0.10583807718448242
0.889321927631304,0.5630945375253765,0.5829073663952822,0.7135281106757156,0.9308457288567524,0.10583890214956337
0.889392722024549,0.5661951625886468,0.587252789146266,0.7045301673428048,0.922838929026625,0.10583970496793076
0.8894635840019403,0.5589722366577557,0.5856606892516978,0.7050985274695682,0.9331066723331105,0.10584051332297655
0.8895343627507075,0.5680676776590041,0.5888541187979075,0.7061927984129914,0.929281767955672,0.10584133275137911
0.8896051853040134,0.566789487797551,0.5862972326178109,0.705307398724146,0.9263918402039053,0.10584215217978167
0.8896760422751715,0.5647726869224389,0.5875628160223447,0.7077863351898386,0.9265958351040808,0.10584297160818426
0.8897468523128942,0.5632323331508098,0.5900330265940509,0.7059833712273178,0.9229919252018135,0.10584377996323002
0.8898176341905573,0.5680373186383754,0.5918792214795083,0.7081559102404771,0.9246748831278637,0.10584459939163261
0.8898884254549064,0.5644494652646497,0.5899645448952869,0.7057354259585753,0.9224309392265013,0.1058453966733216
0.889959189810754,0.56822177918951,0.589080767988387,0.7112100765529032,0.9261368465787427,0.10584620502836738
0.890030028008538,0.5571883849462311,0.5825836166189988,0.7082186113262146,0.9255248618783298,0.10584704660348351
0.8901008224017835,0.5696460785424695,0.5887555795209529,0.6921443004931467,0.9294857628559612,0.1058478549585293
0.8901716293106112,0.5629779646075324,0.5889480542631804,0.7096382607981575,0.9205269868251662,0.10584868546028867
0.890242436219439,0.5640734818460387,0.5860102912012704,0.6949145448530569,0.925320866978268,0.10584949381533446
0.890313193065936,0.5639916304936016,0.5869554227523117,0.7003918956841362,0.929281767955672,0.10585030217038022
0.890384006232555,0.5682623830386548,0.5940681568644359,0.6857878637620962,0.9302167445813438,0.10585112159878281
0.8904547443056776,0.5596829559916853,0.585319254641118,0.7101458655980188,0.9269868253292088,0.10585191888047178
0.8905255418278197,0.5611322863392738,0.5825532713025781,0.6966986865770479,0.9280067998299728,0.10585273830887436
0.8905963393499601,0.5629350006931797,0.5843203160410477,0.7055704732605681,0.9303867403314143,0.10585353559056333
0.8906671180987265,0.5650183303761598,0.5895694360379383,0.7244467959447367,0.9309987250318272,0.10585437716567948
0.89073792813645,0.5594040570736716,0.5832005052506251,0.6955730849454376,0.9234169145771602,0.10585518552072527
0.8908086712158059,0.5617290788890772,0.5812968069865674,0.7159766297685934,0.9240118997024638,0.10585599941244946
0.890879424933408,0.5655103503341584,0.5880560878835777,0.6961555418964167,0.9250658733531054,0.10585681330417362
0.8909502068110702,0.569130600966647,0.5911745948214112,0.7069323456079082,0.9301317467062518,0.10585763273257619
0.89102097617315,0.5689184275286016,0.5915527049894738,0.7101583740476753,0.9308457288567524,0.10585844108762198
0.8910917955975606,0.5712802091475484,0.5910266973711393,0.6851689536149759,0.9294347641308605,0.10585923836931098
0.8911625274128929,0.5647446522084543,0.5884386911947719,0.7048367236327937,0.9273268168294635,0.10586006887107033
0.8912333280639286,0.5662749757029499,0.5910008451978503,0.706258636538484,0.9319167020823897,0.1058608772261161
0.8913041036838005,0.5622187566611501,0.5851398387877951,0.7047309378871291,0.9235529111771257,0.10586170219119707
0.8913747898172555,0.5642375957743961,0.5855769131593184,0.7044950642650392,0.9319677008073768,0.10586251608292124
0.8914455873393958,0.5678019021338887,0.5880636133449804,0.6951353289168316,0.9268508287292434,0.10586332443796703
0.8915162700310666,0.5675224668374186,0.5880475221378048,0.6968429109870531,0.9319167020823897,0.1058641438663696
0.8915870706821027,0.5647467798429977,0.5883071505561956,0.7100712914124492,0.9254568635783471,0.10586496329477219
0.8916577712084779,0.560370646810556,0.5847191433616776,0.7015203960993175,0.9272078198044937,0.10586576057646116
0.891728609406262,0.5637627220477185,0.5870497566243649,0.7024582915673552,0.9298427539310978,0.10586659107822054
0.8917992942881594,0.5651231923643738,0.5906245942614283,0.7122464909529957,0.924606884827881,0.1058674049699447
0.8918700730369262,0.5638709989787711,0.5869952634303257,0.7075703162497429,0.9271568210795067,0.10586820778831209
0.8919408486567972,0.5648163660080666,0.5864295700699473,0.6861562475318148,0.9301317467062518,0.10586900507000106
0.89201157296278,0.5672082026998503,0.5881079471661259,0.7162456210002495,0.9198130046748929,0.10586983557176044
0.8920822828758421,0.5690337310174323,0.5878058220245199,0.7070147822475479,0.9240118997024638,0.10587066607351979
0.8921530741401913,0.5617162952025345,0.5846266465875551,0.7152298554694307,0.9186910327240412,0.10587148550192238
0.8922238216000018,0.5679400195863957,0.5906066438226121,0.7025645538253875,0.9277518062048102,0.10587228278361135
0.892294503353003,0.5688983848536164,0.5899185067784707,0.701144785225353,0.9273268168294635,0.10587309667533554
0.8923652404874569,0.563039987836367,0.5834783497123524,0.7180864279866517,0.9281767955800433,0.1058739216404165
0.8924359691738935,0.5655636305941547,0.586910447053576,0.7096178104757036,0.9313557161070776,0.1058747189221055
0.8925066615651396,0.5641430680111077,0.5861942001977248,0.698288649511136,0.9219379515511719,0.10587556049722162
0.8925774528294896,0.5622328276559879,0.5877840645875823,0.7106102269004972,0.9293327666807727,0.10587634670555385
0.8926481408402824,0.5676617643225295,0.5888274698110582,0.703949854697481,0.9248278793030522,0.1058771772073132
0.8927188601400311,0.5659930015484531,0.5881952867858165,0.7104896295620651,0.9283467913302275,0.10587798556235897
0.8927895606664067,0.5679068713977942,0.587415449781113,0.6858186385191869,0.9301317467062518,0.10587879945408314
0.8928602956106344,0.5624955279446203,0.585193933575054,0.7100047782277688,0.9250658733531054,0.10587960227245055
0.8929310649727138,0.5708649091880879,0.5967554991313182,0.6961451380430519,0.9205609859752713,0.1058804217008531
0.8930017842724634,0.5675567950586242,0.5913050730419069,0.7093717712564327,0.9232979175519631,0.10588123005589888
0.8930724594547836,0.5637758454406169,0.5872739047056134,0.6900572160312897,0.9261368465787427,0.10588204948430145
0.8931431537233676,0.5724375350635067,0.5922769642483477,0.701353656479931,0.9333276668082817,0.10588286891270403
0.8932138667653251,0.5714768276103599,0.5931743312531925,0.7099323483478543,0.9275478113046347,0.10588367726774979
0.8932845954517616,0.5664323849006032,0.5894119104238131,0.6817813477731407,0.9299447513811856,0.10588449669615238
0.8933552928492414,0.5694262170132166,0.5894460848720651,0.7093332928827281,0.9288227794304476,0.10588529397784137
0.8934260184067817,0.5687095438784218,0.5918607398316518,0.6842837127635863,0.9301827454312388,0.10588610233288714
0.8934967126753661,0.5642270469980883,0.5886822284059873,0.6977715144639176,0.9284147896302102,0.10588691068793292
0.8935674163306371,0.5703127612051337,0.5935074657225192,0.6975029997446291,0.9231449213768883,0.10588775226304908
0.8936381127894477,0.5668260509289914,0.5920103415775944,0.7190669713116127,0.9304887377815021,0.10588857169145163
0.8937088352180926,0.535384404023997,0.505572582034944,0.705348180240962,0.9156991075223004,0.10588935789978385
0.8937795107133022,0.505190587959827,0.4601533458843273,0.7118385169473809,0.9206969825754641,0.1058901884015432
0.8938502268841564,0.47768143546603725,0.42502679396264986,0.6789219956004409,0.9317127071822142,0.1058909856832322
0.8939209211527404,0.43988926431010344,0.3856551181968888,0.6928607765475863,0.9257968550787155,0.10589178850159957
0.8939916435813853,0.3976645688666849,0.35298123588173635,0.34141789511224196,0.8048448788779297,0.10589262454003734
0.8932221868117804,0.3940825745336306,0.3498028484048478,0.33977079040337443,0.7953251168720499,0.9368463208131577
0.8917035804311944,0.39082668399860415,0.3492316039099995,0.33388228881756143,0.7891882702931525,0.937124594269328
0.890185042886313,0.3932937513447455,0.3510825398361406,0.34506464426346417,0.8055078623034433,0.9374029784590664
0.8886665178570157,0.3915839609825438,0.3491495453935167,0.32896734170864717,0.7917212069697825,0.9376813626488046
0.8871479896988204,0.39002613915251994,0.3451882996605087,0.32849797702630656,0.8053548661282548,0.937959636104975
0.885629386447131,0.39056495097912136,0.3497994176797966,0.34358515277999113,0.7872163195919484,0.9382379095611454
0.8841108457733542,0.3867917752728745,0.3451827551661517,0.3301168483773782,0.7860093497662319,0.9385164044844515
0.8825923395174295,0.3884638367744574,0.34604529920504123,0.3433737401261179,0.8029239269018262,0.9387947886741898
0.8810737863280704,0.3883383009726079,0.3477432048735596,0.3359194188995209,0.7852953676157313,0.9390617673064329
0.8795551799474848,0.3869002613915252,0.3461001797390054,0.3463357807140912,0.7699107522311124,0.9393007303459933
0.8780366974711669,0.3873252590734763,0.3448112519105265,0.3534679398706515,0.7801784955375979,0.9395396380187698
0.8765181192506422,0.386830138848,0.34397905540142865,0.34203069001730824,0.7890522736930734,0.9397784349579785
0.8749995785768658,0.3847396860591199,0.3433748294652978,0.345810306700435,0.7697407564810419,0.940017508731107
0.8734810441608802,0.3828278401444875,0.3427178301243954,0.35877438159912556,0.771661708457259,0.9402563610370996
0.8719624878426249,0.3839666359727075,0.3441969994037621,0.3359468977794009,0.7739396515086128,0.9404953240766601
0.870443947168849,0.38540787415731814,0.3426220509210788,0.3452940055498601,0.7770505737356643,0.9407342317494367
0.8689253720772192,0.3848988992763146,0.3454268235864073,0.3630665667526125,0.7805354866128482,0.9409731394222133
0.8674068345323387,0.38347684556115896,0.3432392073705962,0.3650640271799479,0.7673098172544996,0.9412121024617739
0.8658882406673349,0.383373260153671,0.34105396388849796,0.34663896170814135,0.7765745856353305,0.9414509547677664
0.8643697093802456,0.3809366698314188,0.34144869204603434,0.3426897066220569,0.7681767955800751,0.941689917807327
0.8628511342886163,0.3815115030472197,0.3424423672498648,0.3522132828060798,0.7737016574585596,0.9419288254801036
0.8613326249037967,0.3838694441964191,0.34512655767644207,0.35854120821378666,0.7678708032298118,0.9421677331528802
0.8598140279098976,0.3784056608094974,0.33848270407712233,0.35100643581574964,0.7566510837228861,0.9424066961924407
0.8582954340448943,0.3797448047187287,0.34061886827064936,0.34769435718422037,0.7636549086272453,0.9426455484984333
0.8567769340467617,0.37772937518453653,0.3392550067669391,0.34177861497471107,0.7459753506161633,0.942884400804426
0.8552583683418193,0.3787773728676677,0.34034103044903496,0.3423822767260598,0.7535911602209353,0.9431234081374136
0.8537397882439577,0.3793274808245596,0.34104393953123546,0.3630847536413191,0.7510412239693096,0.943362326883547
0.8522212663435549,0.3778986061633675,0.3387761085369852,0.36672248876691604,0.7521121971949469,0.9436012456296804
0.8507026943808209,0.3768593478732183,0.3371293959263438,0.3599815462643676,0.7537611559711195,0.9438401422291002
0.8491841349336706,0.37733570915614834,0.3399434027754875,0.36330236095597446,0.7463833404164006,0.9440791052686608
0.8476655848732069,0.3714865736069116,0.33450404354108015,0.3692651984711739,0.7718657033573209,0.9443180018680806
0.8461470567150129,0.3734352901766327,0.3384726775064888,0.36295955001666425,0.7484572885678062,0.944556920614214
0.84462846285001,0.3714840150816749,0.3332127407655173,0.37684690733744475,0.7458733531660755,0.9447958836537744
0.8431098658561109,0.37219014122808997,0.3354288541329634,0.3520264105391513,0.7419804504887679,0.9450347359597672
0.84159132831123,0.372984505206429,0.3366275450391118,0.3733578837799836,0.7322566935825989,0.9452736989993276
0.8400727532196015,0.3732733056707468,0.3353309633737121,0.3508808350974548,0.7526731831703728,0.9455126620388883
0.8385541749990759,0.36794593047698454,0.3307443827853388,0.36814035131747946,0.7352316192094577,0.9457515143448807
0.8370356155519252,0.3684399833093328,0.33231959465917116,0.3629536333214298,0.7389715257118041,0.9459904220176574
0.8355170686203577,0.36920834544803677,0.3345942826767818,0.3890877952991818,0.7449213769655216,0.946229218956866
0.8339984903998325,0.3684623628064594,0.3315602202693699,0.3824050270148762,0.7238929026774485,0.9464683480967783
0.8324799497260562,0.36747766672081705,0.3329879375264525,0.38105550427973633,0.7273438164045274,0.9467071450359871
0.8309614027944883,0.36628750729161813,0.3302546678113041,0.37402039480876326,0.7353336166595454,0.9469459973419798
0.8294428464762333,0.3671794867852261,0.3330557463604323,0.37107316581355754,0.7311857203568479,0.9471849603815402
0.8279242025488993,0.3646301461355953,0.3294422610523242,0.37753018636359004,0.7281427964300065,0.9474240341546687
0.8264056556173314,0.3654373009521898,0.3310227496026224,0.37327751202727155,0.7218019549510473,0.9476628864606613
0.8248870867834932,0.3654858950524058,0.3307190529676059,0.3764717332664842,0.7235019124522069,0.9479017387666541
0.8233685010536194,0.36885006073055676,0.3331858261741479,0.3840750440267646,0.7167020824479096,0.9481407018062145
0.8218499384775728,0.3645536317487987,0.3296277503956732,0.38614564910256655,0.7204929876752431,0.948379664845775
0.820331397803796,0.3635766094509384,0.3295886998911065,0.38173385934474724,0.6942116447088438,0.9486185171517676
0.8188127976810016,0.36450823267625426,0.329410335389009,0.37929717364233784,0.7105142371440252,0.9488574801913282
0.8172942382338513,0.3599954697475578,0.3274628256593621,0.39926085784059606,0.6984105397365283,0.9490963324973207
0.8157756005643089,0.3636230723407545,0.33009556406365526,0.3811726469035017,0.7096132596684583,0.9493352955368813
0.8142570786639065,0.3600664451328286,0.3268622938394315,0.36596439729901675,0.7170420739480505,0.9495741921363012
0.8127385536346075,0.35960628247928,0.32626202541065,0.3941969211979983,0.7032724181894991,0.9498131108824345
0.8112199628985,0.3591814975607832,0.3283673175054582,0.40329123915730847,0.6975945601359399,0.9500520739219951
0.8097013377445403,0.35837029487477157,0.32424644124250324,0.40341501324485995,0.7041903952400617,0.9502909262279876
0.8081827438795379,0.35533052373530094,0.32255962013595674,0.4012675705497408,0.6924776880578065,0.9505298892675482
0.8066642032057612,0.35591111407986653,0.32472269892085326,0.3839922102934852,0.6953166170844725,0.950768785866968
0.8051456938209403,0.356018321829863,0.32251212562102205,0.4076823403364902,0.6875138121546343,0.9510078153466692
0.8036270498936076,0.3568401787799457,0.32506755540300014,0.4067563179682847,0.6935826604333215,0.9512466233592348
0.8021085154776215,0.3551685410173433,0.32320052162957047,0.4015580445473148,0.6925626859327849,0.9514856306922226
0.800589905968141,0.35522395785152394,0.3229688569404032,0.39528579166791933,0.6949086272842351,0.951724482998215
0.7990713258702793,0.3523700436351026,0.32161501979395546,0.4106122957583609,0.6675053123670978,0.9519633353042077
0.7975527820676054,0.35553748357475073,0.32514248907823146,0.40822020367171064,0.6801529961750248,0.9522021876102004
0.7960341381402727,0.35609569084633336,0.3226129181096554,0.4032671355733677,0.6726731831703319,0.9524411506497609
0.7945155818220169,0.353507986621577,0.32358917851045177,0.41650873921697196,0.6761750956226251,0.9526801136893214
0.7929969785703275,0.35440657608569526,0.3223994606103405,0.4196238991124839,0.6766680832978409,0.9529189659953141
0.791478450412133,0.34896261367066345,0.31786116471034914,0.3978233788642225,0.6847768805779424,0.9531579290348745
0.7899598659338176,0.3517123024013056,0.3233050082344041,0.4139522900727741,0.6810369740755959,0.9533967813408672
0.7884412188775878,0.35060718220050263,0.3201118420793434,0.40461586412122763,0.669885252868653,0.9536357443804276
0.786922712621664,0.3489240355441554,0.318100217631917,0.4254232928855075,0.6583935401614553,0.9538747074199884
0.7854041281433481,0.34768740964928396,0.3157970324626713,0.4075003523213321,0.6725031874202614,0.9541135597259808
0.7838855436650314,0.34861242826787414,0.3178302926116303,0.4036098273845863,0.6679643008924359,0.9543524673987575
0.7823669391617836,0.34814906701079756,0.3197097279027774,0.4199684969731736,0.6751551211219748,0.9545914858051019
0.7808483202656147,0.34904360502964227,0.31885193818479757,0.42145747899464014,0.6660433489161051,0.9548303381110946
0.7793297952363161,0.3475038984880171,0.31743477649401763,0.3996438943656264,0.6697322566935782,0.9550691350503032
0.7782825507293984,0.3462497973830381,0.3178397923999657,0.4174927769659642,0.6521546961325839,0.9553501214788876
0.7767781151172648,0.34706909759581234,0.3175279173591013,0.417793218013899,0.6461538461538794,0.9555903025876952
0.7747739823523507,0.3450470616669663,0.3174474414028841,0.4256438784024621,0.6667233319166144,0.9557859688022009
0.773255441678574,0.3430676517340454,0.314555596935756,0.42489595253174395,0.6608244793879976,0.9560249318417614
0.7722047835464889,0.34053600263383277,0.31465480686412384,0.42746197163266286,0.6507777305566833,0.9563051985021543
0.7711550969365057,0.345030435722748,0.3163368780765027,0.4142551136825485,0.6459838504036952,0.9565871261660658
0.7696249902999153,0.3423491638521399,0.3153798784301551,0.4137088716715265,0.6320441988949597,0.9568252033370831
0.7680964074355119,0.3399950595968315,0.3126022837473451,0.42080874711516425,0.6346281342965767,0.9570643878437795
0.7665688477199897,0.3429723784047025,0.3153943892904362,0.4312535805437141,0.638929026774349,0.9573025314549373
0.7650411941375976,0.34160744541929045,0.31370545884132595,0.43033653249177006,0.6236804079898093,0.9575418709886288
0.7630701854266078,0.33851396670498674,0.3113634865586627,0.42361310181874057,0.6160645983850372,0.957740859210172
0.7610515220702405,0.3404680130886356,0.31296719337075907,0.446590607615613,0.625584360390917,0.9579351966218629
0.7595329626230893,0.3384280710589888,0.3118579492134941,0.4376657692218042,0.6237824054397834,0.9581740489278554
0.7580143293340011,0.3378259558469704,0.31323790856449296,0.43609145177712705,0.6322481937951352,0.958412901233848
0.7564957198245201,0.3380610487364551,0.31324186385847136,0.427373221204149,0.6379940501486772,0.9586518642734088
0.7549771384750996,0.33493751673724276,0.3102257452497627,0.4347427629386311,0.6124946876327613,0.9588908273129693
0.753458522707827,0.33743740686905566,0.31240175454804575,0.43678461843490557,0.6069188270292898,0.9591297349857458
0.7519399726473632,0.33681973489387523,0.3122447601429607,0.42406638420866605,0.6067658308541013,0.9593686426585224
0.750421394426839,0.33569969622027335,0.30994711504133005,0.41242471054951135,0.619464513387129,0.9596076056980828
0.748902803690731,0.3371633139020106,0.3125447626617769,0.44385685616120774,0.6036209094771721,0.9598464026372916
0.7473842066968324,0.332841945109961,0.3064919410940524,0.4414069472405904,0.6019549511262312,0.960085421043636
0.7458656222185165,0.33079369457802554,0.308213062810998,0.44523854348117786,0.5894772630683747,0.9603243176430557
0.7443469638982632,0.3298814650097626,0.3063700396861847,0.4479974706723515,0.6091457713556565,0.9605630702888373
0.7428283919355292,0.328991402175172,0.30439139668004084,0.4379609289243285,0.5949001274967713,0.9608021551353225
0.7413097792971524,0.33251584488778946,0.30973339193749505,0.4520373822364212,0.5669868253293089,0.9610409410011743
0.7397912010766277,0.3288716181383026,0.30491699482474016,0.4387644479046302,0.5855843603909534,0.961279793307167
0.7382726197272076,0.3294948326908652,0.3057826995574187,0.4550443341150652,0.5730556736081098,0.9615187563467277
0.736753985186561,0.32891787005259265,0.30814208664311604,0.4309811743067551,0.591619209519763,0.9617576640195042
0.7352354100949317,0.32885563406030377,0.3075236110244822,0.43634682269693537,0.602124946876188,0.9619966824258486
0.7337168256166158,0.3273165640211134,0.3062323082489194,0.44705639845519474,0.5820314492136731,0.9622355347318413
0.7321981910759692,0.3255884438191305,0.3058542047209698,0.45346989754229616,0.5676498087547088,0.962474387037834
0.7306795771860339,0.3242966174293891,0.30320563407390805,0.45366657802212984,0.5791415214619064,0.9627133500773944
0.7291610052233009,0.32526383651699575,0.3048143541713212,0.45711120651065196,0.5833574160645867,0.9629522466768142
0.7276423706826538,0.32555455542825906,0.30519588842432194,0.4599889441188785,0.5852273693157031,0.9631910546893796
0.726123776817651,0.3225482489406794,0.30389271091333997,0.4613726566164118,0.5656268593285176,0.9634300177289402
0.7246051923393351,0.32140604532133343,0.30116498569254846,0.47061711568096176,0.5719507012323675,0.96366891432836
0.7230865671853755,0.3235785568623205,0.3027000890704758,0.46605061824104443,0.5524521886952698,0.9639079438080612
0.7215680077382247,0.3211417537766139,0.3013670974521134,0.4579142886879499,0.553710157246087,0.9641468404074811
0.7200493857131609,0.3196915652234952,0.30191459468949433,0.45686540554756494,0.5481002974925104,0.9643856484200466
0.7185307649396551,0.3221273027040018,0.30300800771067626,0.46128481950326994,0.5408924776879758,0.9646246114596071
0.7170121366568001,0.31618694348276755,0.29969082969849853,0.4569081328232165,0.5593370165745455,0.964869930605966
0.7154935928541275,0.3150055216586224,0.29754648488575264,0.45957155899399815,0.5631449213768747,0.9651214729788417
0.7139749364112116,0.31739543275174775,0.300134105935566,0.4642318896610198,0.5460603484912099,0.9653730596451444
0.7124563738351646,0.31592371754324794,0.29796865220358565,0.4481636146512782,0.5332426689332124,0.9656245355778794
0.7109377611967878,0.31537915037581,0.2986530907047847,0.4717412480661043,0.5450573735655553,0.9658894656391162
0.7094191329139328,0.31392597866450994,0.2967132325986874,0.46435046182188855,0.5298767530811119,0.966189166040678
0.707900573466782,0.31684681771489265,0.29865361970045384,0.4706225558638282,0.5250488737781325,0.9666053027889026
0.7063819189012026,0.312363253441431,0.296609274989523,0.46872103325988834,0.531372715682096,0.9670377616650376
0.7048632781027644,0.31224069936742027,0.2953720625744771,0.46894880617172485,0.5185550361239848,0.9674700212207505
0.7033447061400313,0.3087669819654187,0.2949773355236262,0.4775787628285568,0.5243348916277455,0.9679024358034586
0.7018260622126977,0.3127021427139298,0.2990428033636333,0.4719714829585082,0.5337866553335289,0.9683348503861666
0.700307474605486,0.3120686976362767,0.29647207033455586,0.46509262983482835,0.5085252868677799,0.9687672649688747
0.6987889089005441,0.3103488895124388,0.29634568463704053,0.45936098023676886,0.5112622184444717,0.9691995688180147
0.6972702712310026,0.3109267057076282,0.297114027606137,0.47458066613808225,0.5154271143220512,0.9696318173003708
0.6957516554637291,0.3103646617209474,0.2952324829724262,0.4924395952075087,0.50719932001698,0.9700642872498627
0.6942330221746404,0.3057666432245442,0.2945016057342599,0.4682604046376251,0.5107522311941466,0.9704967018325709
0.6927144283096385,0.30995692916754175,0.2958282660048746,0.47115061098614364,0.4889757756054678,0.9709015880502951
0.6911958438313222,0.30538683185168325,0.293566505180594,0.47361981865765923,0.5095452613684301,0.971279366690594
0.6896772374507365,0.305761314840959,0.2924696634263948,0.47322574292944,0.4857288567784508,0.9716574110914558
0.6881585966522983,0.30505433710434804,0.29079550745005184,0.47162811608810196,0.49349766255829763,0.9720353447587494
0.6866399683694433,0.30318789079863856,0.29007465722519327,0.4891987551749739,0.48475988100290124,0.9724132784260434
0.6851213807622316,0.3020667866986296,0.28944932236982795,0.47215803755052477,0.47626009349767173,0.9727911013597693
0.6836027618660636,0.3018555672990652,0.2895611965430509,0.4872591115816054,0.4802379940500714,0.9731690350270632
0.6820841166871716,0.3046519334709061,0.29296518208053063,0.4822081599010317,0.48754781130458014,0.9735469244009299
0.680565491533212,0.30103115092978167,0.2894163404858712,0.47811936610989236,0.46830429239264504,0.9739247362612989
0.6790468851526259,0.29574917391459976,0.2843878039362324,0.4833500026625128,0.46181045473861104,0.9743026145618088
0.6775282944165189,0.30093076305306476,0.28943243567711463,0.48472124641975434,0.4643943901401144,0.9746806035958867
0.6760096692625592,0.29988191274273945,0.28905195764475544,0.47980645814829614,0.49363365915849045,0.9750584818963967
0.6744910722686606,0.2976205223618145,0.29010157026720296,0.4876724860607229,0.4817679558011605,0.9754364155636903
0.6729724314702223,0.2996412803332298,0.2889677882363492,0.5050812300706149,0.4551296217593972,0.9758141277638483
0.6714538344763237,0.2988548024055072,0.2886052517893223,0.4732321361370422,0.459226519336994,0.9761920614311422
0.6699351886716531,0.29355790557658024,0.2830782944134914,0.494407750124221,0.47585210369732067,0.9765701058320041
0.668416535357633,0.2945683910959889,0.28554691600615617,0.49272836170243095,0.46769230769223213,0.9769478180321621
0.6668979164614637,0.29477065869670266,0.2859627502055447,0.5106440354529966,0.4573565660857639,0.977325751699456
0.6653793351120432,0.2959401450274374,0.2862970539987712,0.5050819448391664,0.45315767105819305,0.9777036853667498
0.6638607256025622,0.2934811759232298,0.2854806890684306,0.49747140697464,0.4413089672758588,0.9780816190340437
0.6623421160930811,0.2933584087281791,0.2853508726458641,0.49150015107427536,0.4419889502761407,0.9784597741684733
0.660823453392374,0.29408584751497113,0.2861516702739449,0.4802774906239242,0.4464088397789965,0.9788421371784836
0.6593048532695791,0.29357943241075407,0.28523978953143686,0.48315900062172945,0.44103697407558684,0.9792244337483533
0.6577862156000371,0.2936955924959796,0.28519176801286694,0.47279723918264316,0.4376540586484907,0.9796067524649367
0.6562675779304947,0.29096913538903835,0.28365613541793333,0.4978295060190858,0.44341691457702836,0.979989115474947
0.6547490234895768,0.28876742340488826,0.28223739050287655,0.4865809550634146,0.44402889927744127,0.9803712570178217
0.6532303983356176,0.2896819974833838,0.2825838313159858,0.49023818748672987,0.40441988950271934,0.9807536643212592
0.6517117637949705,0.2890779650759696,0.2815901556694812,0.5073588797702513,0.408720781980378,0.9811358723042747
0.6501931574143853,0.28840572910835416,0.28191205794499036,0.4775929787808648,0.40543986400325593,0.9815182353142852
0.6486745572915904,0.28788268931146854,0.2822561240323529,0.5115042991144376,0.40790480237990323,0.9819005983242955
0.6471559196220489,0.28669039742032,0.28226615060298643,0.5013526002108488,0.4151976200594163,0.982282961334306
0.6456373226281502,0.284775142463012,0.278011762473242,0.49890594745807837,0.4146536336590998,0.9826652579041758
0.6441186630563385,0.28269598401649415,0.2781795738437449,0.4854421699229603,0.3858223544410748,0.983047465887191
0.6426000504179612,0.2873596498721685,0.2813508397994385,0.508729051374665,0.3788865278366984,0.9834297181636336
0.6410814002328364,0.2849584408608245,0.28060360420021674,0.5112746995718576,0.3930301742456095,0.983812081173644
0.6395628451661395,0.2819167530623366,0.28034581841318384,0.5176317716527321,0.40193795155119005,0.9841944884770817
0.6380441855943273,0.2805409494735428,0.2780352454542118,0.5045341144535851,0.380960475988104,0.9845766964600972
0.6365256105026984,0.28497719622751444,0.2808204924245828,0.5041431360557571,0.37011474713119696,0.9849590594701074
0.635006944673095,0.27816062882721676,0.27671096039628545,0.5104531922496693,0.36865278368031795,0.9853413117465499
0.6334882788434921,0.2793507900443439,0.2769394583048933,0.5182326934579657,0.3893072673183724,0.9857236747565604
0.63196969123628,0.2773129810130251,0.27421173166754437,0.4947797474460627,0.3619549511262221,0.9861060377665709
0.630451081726799,0.27611855737509833,0.27377346953474097,0.521043719334692,0.37274968125791474,0.9864881793094455
0.6289324221549868,0.271318059587284,0.26968029670858007,0.5179006437562963,0.3633319167021227,0.986870542319456
0.6274138470633583,0.2712072277068509,0.2713679090952593,0.5107953281297919,0.35274118147037825,0.9872529053294663
0.6258951562025898,0.27290827688814245,0.27322676335615564,0.5080835756630364,0.36849978750524315,0.987635312632904
0.6243765310486298,0.2668466442858584,0.26866472086270826,0.5310421798026501,0.3243518912026957,0.9880175206159194
0.6228579590858963,0.2780638643657652,0.27788616783452236,0.510740529207488,0.3252018699531618,0.9883998836259299
0.6213393201647959,0.26872886244249083,0.27037608050685485,0.51477976571237,0.35597110072251326,0.9887821359023722
0.6198206950108358,0.2684153367192641,0.26892065959164096,0.5395008302632369,0.3472163195920075,0.9891644546189556
0.6183020479546073,0.2663187030626388,0.2687937457838049,0.5225777714842847,0.32872078198045074,0.9895467511888253
0.6167834040272737,0.2693927863319613,0.2706491697623242,0.5183507096877389,0.3126221844453312,0.9899290034652679
0.6152648289356444,0.2653499910549953,0.26846999645019554,0.5310566340111418,0.3348576285592344,0.9903113664752783
0.6137461868856486,0.26689992812171104,0.2707135503059609,0.532003305248621,0.3326816829578547,0.9906936851918615
0.6122275504676642,0.26290679433808917,0.26794149613344004,0.5153743737287297,0.3226519337015361,0.9910760924952993
0.6107088893314048,0.261789314189724,0.2678404398109834,0.5222673633859891,0.3095282617935027,0.9914583447717418
0.6091902688707886,0.26262033784762556,0.2667818563958697,0.5144525605531072,0.33171270718230517,0.9918405416814003
0.6076716512261786,0.26278871598471093,0.2681164314598461,0.5231592357011645,0.3022524436887579,0.9921864179807828
0.6061530060472866,0.26021678486242733,0.26451719384220707,0.5294204890867351,0.28515087122821114,0.9924880562197832
0.6046343602426156,0.25946568695830474,0.2667224889162127,0.5369870289759626,0.2964725881852246,0.9927895394317886
0.6031157150637241,0.25932800039649095,0.26519160577277257,0.547831457734326,0.28175095622611934,0.9930912219642161
0.6015970877195369,0.2568475057096593,0.26386309888673193,0.538584417561117,0.28338291542695515,0.9933927494696486
0.6000784841549578,0.2555492839007902,0.2636409335432258,0.5293448824577016,0.286102847428765,0.9936942769750811
0.5985598386631765,0.25837335759575725,0.26509002200400644,0.5428359006165158,0.2666553336165407,0.9939958709206544
0.5970412147607753,0.25581996907670923,0.26501957261842274,0.5236233587474588,0.32020399490011187,0.9942974427195139
0.5955226068157415,0.2522771947363823,0.2622649328062618,0.53449494871079,0.2920526986824825,0.9945990809585146
0.5940039362927947,0.24855431881384268,0.25853904499327285,0.5447019627584142,0.2613854653633325,0.9949006084639469
0.5924853280348716,0.3873299505970411,0.3644945278164736,0.5464926962368268,0.14211644708882432,0.9952021359693795
0.5909666262229685,0.45373404153407243,0.42396848168548373,0.5443211499577674,0.2647343816404373,0.995503718841596
0.5894479963756649,0.5061254062128144,0.4854068465851027,0.5285521644244044,0.3139311517211354,0.9958053017138122
0.5879293912466372,0.5504912886953699,0.5447829141216035,0.5431594525142918,0.30237144071395505,0.9961068292192448
0.5864107238525871,0.5975241521385284,0.6031644033989056,0.40533690675252587,0.7981640458988295,0.9964084674582454
0.6025174914896674,0.5752936967056601,0.5995431292382457,0.7306293850802468,0.9283127921801224,0.10248034749802347
0.8683763553936799,0.5816168477760444,0.6042967197354826,0.726529631504647,0.9352486187844988,0.10614436623333526
0.8679588524525976,0.5870143347857628,0.6108232868054713,0.7008456148770656,0.9294857628559612,0.10614986969166063
0.8988329613109243,0.5926542827370277,0.6173241345044308,0.6941147982623344,0.9309987250318272,0.10585310372964847
0.8989033645922122,0.5938726842798809,0.6215543955622442,0.7287605035735054,0.9339566510836903,0.10585392315805105
0.8684443268972579,0.5972030581152827,0.6209630934993868,0.7555817963857094,0.9264768380788837,0.10614868484248394
0.8380112449562671,0.6010475328218023,0.6220838117719198,0.7654874560700271,0.928567785805285,0.10644359048055513
0.8383465696430168,0.588211209673235,0.6147940522471537,0.7574980908730531,0.9246748831278637,0.10644082214135725
0.8383937242908677,0.5885020340722614,0.611974881603465,0.7590110176410043,0.9295877603059353,0.1064412872223425
0.8381912212249638,0.5826245598612482,0.605050815235447,0.770470544447545,0.920662983425359,0.10644369014076625
0.8382405698544533,0.5764046616437088,0.5985159480242055,0.7220612161937805,0.9226859328516639,0.10644419951517867
0.8672403422394956,0.5739954641692218,0.5963973314359726,0.6987083774884917,0.9320186995324775,0.10616549419809344
0.8993138243891585,0.5700645610141043,0.5919770967451626,0.7029620445589098,0.9333276668082817,0.10585713443152057
0.899384288058132,0.569614217662163,0.5944354436483047,0.6907919981025279,0.9304377390565151,0.10585795385992317
0.8994547382728539,0.5715936150795866,0.5988928629719277,0.6839559516732276,0.9268508287292434,0.10585875114161214
0.8995251697142028,0.5698311827477518,0.5929626001832582,0.695467616874685,0.9291287717807108,0.10585955949665793
0.8995956230578206,0.5688835808082215,0.5902551826413989,0.7091630588393105,0.929366765830764,0.1058603567783469
0.899666054499169,0.5723134886058376,0.5993040851701619,0.7157730795687898,0.925728856778619,0.1058611762067495
0.8997364984561003,0.5744291976682985,0.5972531313334227,0.6737562044392131,0.9271568210795067,0.10586198456179526
0.8998068735773268,0.5733831166441847,0.5964024664566945,0.6931438248940942,0.9306927326815639,0.10586279291684104
0.8998773926277539,0.5690168887339033,0.5950140630953276,0.6906850210759434,0.9297407564810101,0.10586359019853002
0.8999477980992676,0.5731812774310647,0.5960570920457333,0.7053498877436135,0.9284147896302102,0.1058644207002894
0.9000181982516593,0.5715720884242056,0.5944845140833919,0.6887536370302845,0.9280577985550735,0.10586522905533516
0.9000886766264427,0.5751695429722998,0.597031506495115,0.7010166033983989,0.9323756906077278,0.10586602633702416
0.9001591111966869,0.5727369951556801,0.5978220119480422,0.7055490302040144,0.9313557161070776,0.10586683469206992
0.9002294800601214,0.5665983046364303,0.5931566685526062,0.7028441871665929,0.9231449213768883,0.10586764304711571
0.9002999678215922,0.5724770661557388,0.5942003393806021,0.6973804169379976,0.9254228644283558,0.10586845140216149
0.9003703679739838,0.5736457096571258,0.5978369079348774,0.7024746121159544,0.9237569060773012,0.10586924868385048
0.9004407556107932,0.5716686365463464,0.5946374137521255,0.7144082687285147,0.9322566935827581,0.10587007918560984
0.9005112026966193,0.5734190361214775,0.5978607902079758,0.7088196919689043,0.9274628134295426,0.10587087646729883
0.9005816059779073,0.5732561916221333,0.5962374375148766,0.6780251596147668,0.9291287717807108,0.1058716848223446
0.9006520696468812,0.5705577788839888,0.5922678672935346,0.6841899986645741,0.9288227794304476,0.10587250425074718
0.9007224197369417,0.5771052434248136,0.5999266400315502,0.6970559120154858,0.9247768805779515,0.10587331260579295
0.9007928480493943,0.574908648491137,0.5960328113658548,0.7040283204007216,0.9248788780280393,0.10587410988748194
0.900863263846265,0.5728688191009661,0.5980023574171854,0.7160127255804587,0.9215469613259302,0.10587491824252773
0.9009337078031954,0.5737565433254871,0.5962942768821764,0.6856315279960747,0.9242668933276263,0.10587572659757351
0.9010041079555879,0.569301956004165,0.5931326534772479,0.6877513726832218,0.9216319592010223,0.1058765238792625
0.9010744799479182,0.576132807162755,0.6003943253240143,0.7035194449012125,0.928975775605636,0.10587733223430827
0.9011448988736843,0.5749550094690465,0.5980702857731992,0.6993110465057408,0.9290777730556101,0.10587815166271085
0.9012152833815974,0.5719943255450348,0.5960854453282532,0.709023003912524,0.9294857628559612,0.10587893787104304
0.9012856897917803,0.5740095351640597,0.6002267731392554,0.6927289414591453,0.9353166170844815,0.10587976837280241
0.9013560742996933,0.5751143317498607,0.5942687989456562,0.6985720155325559,0.9252868678282766,0.10588058780120498
0.9014264807098766,0.5693176361343719,0.5934600995831026,0.7074261712584657,0.9246748831278637,0.10588137400953718
0.9014968830524959,0.5771248569970338,0.5994203092814127,0.6821458797345525,0.923858903527389,0.10588220451129653
0.9015673051071573,0.570504158917637,0.596073050450649,0.6986175621730506,0.9263918402039053,0.10588301286634232
0.9016376739705922,0.5765687934513483,0.5987956295838637,0.6995425520977923,0.9275988100297354,0.10588381014803129
0.9017080584785058,0.5735060009485317,0.5979109230611435,0.6905361903797156,0.9346026349340946,0.10588461850307708
0.9017784711464802,0.5745497397867194,0.5983482630371868,0.6942398033401691,0.9291967700806936,0.10588542685812286
0.9018487962053765,0.5720944852821148,0.5943570681811672,0.6896298638560485,0.9298767530810892,0.10588623521316863
0.9019191900999761,0.5764432451340015,0.5988815083786937,0.7137044202518232,0.9252868678282766,0.10588703249485763
0.9019895652212031,0.5696873081664799,0.5943115612733912,0.7112906865617992,0.9238079048022882,0.1058878408499034
0.9020599466002204,0.5728369582206596,0.5964452066507193,0.7117495282626831,0.9319677008073768,0.1058886492049492
0.9021303592681948,0.5808499696177363,0.6030866919430683,0.7047628642157759,0.9251678708030795,0.10588946863335175
0.9022006405225511,0.57754868537395,0.5975003648742094,0.7028253649280625,0.9283467913302275,0.10589026591504075
0.9022710782216916,0.5745726431468051,0.5990921991642577,0.6960343489175247,0.9301317467062518,0.10589108534344331
0.9023414470851261,0.5723684852768941,0.5986373071561781,0.7165351022637236,0.9323756906077278,0.1058918936984891
0.9024118222063526,0.5778727652372693,0.6013639810257443,0.7037467810100451,0.9251168720780925,0.10589269098017808
0.9024821566519354,0.5741434867438893,0.599657781856086,0.6957144899905996,0.9295367615808345,0.10589349933522386
0.9025525255153708,0.5745555863118936,0.600507782721514,0.6985842063073004,0.9200509987249461,0.10589430769026964
0.9026229319255537,0.5723787122261283,0.5983387676755934,0.7183802772801642,0.9277008074798232,0.10589512711867222
0.9026932131799099,0.5754789081866335,0.5995747804435568,0.7032802754019114,0.9222269443262121,0.10589593547371799
0.9027636352345714,0.5750466586679528,0.5993387686937441,0.7023572709453691,0.9278368040797886,0.10589673275540698
0.9028340072269021,0.5745795624288919,0.5995918012665529,0.6866167570259862,0.9323246918826271,0.10589753003709595
0.902904300996842,0.5751355365781678,0.6000307348697167,0.6807873032644234,0.935486612834552,0.10589836053885533
0.9029747105359203,0.5726360666094792,0.5968070928093463,0.6927851302091885,0.9229409264768265,0.10589914674718753
0.9030450512392951,0.5765136895046006,0.5989291401226304,0.7044686972473511,0.9237059073522005,0.1058999661755901
0.9031154232316254,0.5688443536637813,0.5935805512329648,0.7176337809465498,0.9274628134295426,0.10590077453063589
0.9031857357749389,0.5742008256008717,0.5996201766827827,0.6975618490220596,0.9289247768805353,0.10590159395903845
0.9032560858649994,0.5769014911285328,0.5996280784172555,0.6921336980929618,0.9293327666807727,0.10590240231408424
0.9033263984083129,0.5787416089401273,0.6026051509481394,0.6989917832192756,0.9284147896302102,0.10590319405909482
0.9033967985607045,0.5735894435570559,0.5945746204168334,0.6901039539527039,0.9294347641308605,0.10590398580410541
0.9034671142329134,0.5768531097917711,0.5971890099755301,0.7066923422119633,0.9283467913302275,0.10590481630586476
0.9035374173895399,0.5741966776074761,0.5965131571404433,0.7134895131739192,0.924572885677776,0.10590560251419698
0.9036078018974534,0.5754085710917258,0.5986552575949944,0.7064382022824385,0.9280577985550735,0.10590642194259953
0.9036781081829748,0.5759467374762515,0.5963177607484946,0.6905522329627669,0.9327156821079825,0.10590721922428853
0.9037484645308274,0.5737747623137207,0.5940833184557912,0.6784211413924572,0.9284657883551972,0.10590802757933432
0.9038187895897232,0.5759470593033252,0.5985606802521313,0.6922669230091423,0.9305567360815985,0.10590884700773688
0.903889114648619,0.5796522544040158,0.6031349655645952,0.7090814560963146,0.9239269018273717,0.10590963321606908
0.9039594303208278,0.577366030630285,0.5988020926271859,0.708844986833765,0.9319677008073768,0.10591047479118523
0.9040297678953064,0.5728372800477334,0.5964895404718649,0.7008860390096057,0.9225669358265804,0.10591126099951743
0.904100114856472,0.5827388084724482,0.6002478886986029,0.6810145202451641,0.9221929451763344,0.1059120693545632
0.9041704086264115,0.5824313563412753,0.6027023843362036,0.705331502308087,0.9287717807054605,0.1059128666362522
0.9042407064639142,0.5810017289623162,0.5995893001573219,0.7006872539334805,0.9225329366765891,0.10591368606465476
0.904311056553976,0.5758202415569651,0.5984900737172065,0.6879941557346456,0.9257968550787155,0.10591448334634376
0.9043813565817063,0.5713229406312366,0.5983159478205754,0.7220117383262512,0.9253718657033687,0.10591529170138952
0.9044516941561853,0.5790645266501245,0.6034774625932554,0.6900533245136189,0.9235869103272307,0.10591610005643531
0.9045220004417067,0.5740349058650445,0.5988101271639186,0.7050174012389401,0.925728856778619,0.10591691948483788
0.9045922816960639,0.580771211381064,0.6018229677701752,0.6909870504984381,0.9248278793030522,0.10591770569317008
0.9046625942393769,0.5790766666825197,0.6030477808808747,0.7022893679329494,0.926442838929006,0.10591852512157264
0.904732869235942,0.5763866572068579,0.599366878505454,0.6892428563946194,0.9314067148321783,0.10591932240326164
0.9048032255837941,0.5689529524219079,0.5958390086010269,0.7061078203740567,0.9348066298342701,0.10592014183166422
0.904873522482629,0.5822923806832382,0.6025628091608946,0.6910013458694737,0.9269868253292088,0.10592095018671
0.9049438318970471,0.5804282688753635,0.6029395913063568,0.7070109304392407,0.9243178920527271,0.10592173639504218
0.9050141287958811,0.5804916866881845,0.602649219164765,0.6985640736597583,0.9254568635783471,0.10592256689680155
0.9050843965959867,0.5762939352510389,0.6009666145299748,0.6881705844388453,0.9272078198044937,0.10592336417849053
0.9051547279126746,0.5782958426843468,0.5998267727319953,0.6863682955355122,0.9299447513811856,0.10592417253353631
0.9052249747491783,0.5808218455073424,0.6040719297766437,0.7008306841562062,0.9279558011048721,0.1059249808885821
0.9052953248392392,0.5784826454214074,0.5967712140654238,0.7010107264125285,0.9190480237992915,0.10592577817027107
0.9053655541539278,0.5797268467680106,0.6028539559823367,0.70094512654322,0.9304377390565151,0.10592659759867365
0.9054358385371803,0.5759406763996948,0.5982784754495323,0.6922333685965723,0.9244708882278019,0.10592739488036262
0.9055061667249715,0.5761829049105769,0.600202492459377,0.6786934285013244,0.9294347641308605,0.10592821430876521
0.9055764479793282,0.5876108055084923,0.6084313188986424,0.6929725981165771,0.9255248618783298,0.10592901159045419
0.905646737368814,0.5814999351518446,0.6030533143083766,0.6894919929442815,0.9342966425838313,0.10592980887214319
0.905717021752066,0.5736169418925843,0.5936566690616816,0.7018713077488814,0.9170250743731003,0.10593060615383218
0.9057872976872998,0.5790279635186841,0.6014436623817723,0.7030781547392113,0.9239609009774767,0.10593142558223474
0.9058575977150309,0.5738297411054953,0.5956384771883565,0.702620941122251,0.9193370165745591,0.10593222286392373
0.9059278070047871,0.5810688656657678,0.6052418512865241,0.690868160662657,0.9279558011048721,0.1059330312189695
0.9059980945169346,0.5780151379588633,0.6018928881600898,0.6942656938454896,0.9268508287292434,0.10593386172072888
0.9060684008024564,0.5782503399119674,0.6005828381321503,0.6996401577144753,0.9268508287292434,0.10593465900241786
0.9061386163500038,0.5738200505347175,0.5958083976800861,0.6908139176714492,0.9272588185294808,0.10593545628410685
0.9062089288933173,0.5758467744112719,0.5989423318137951,0.6976493287509258,0.9235529111771257,0.10593624802911744
0.9062792257921526,0.5828305470677638,0.6015530471766306,0.6957070246301698,0.9298427539310978,0.1059370840675552
0.9063494510392771,0.58619600005421,0.6072119285468949,0.6877720215524956,0.9263918402039053,0.10593785920253061
0.9064197635825906,0.5422426462424239,0.5141872875744848,0.6984899759865566,0.9234169145771602,0.10593867863093318
0.9064900166768854,0.5116518564827183,0.4679588208522744,0.6822256161374409,0.9232469188270898,0.10593948698597894
0.9065602572555989,0.4836388479463267,0.4353147415776474,0.6935482250569502,0.9254568635783471,0.10594030641438153
0.9066305666700161,0.44147510297483006,0.39069209765021007,0.7042802763152269,0.9255248618783298,0.10594109262271373
0.9067007884753551,0.4012007332365015,0.35664089874903365,0.3305272446541965,0.7934551636209335,0.1059419009777595
0.9059313210675053,0.3988320269716834,0.35458336234693816,0.34480879683128807,0.793251168720758,0.9374431083040786
0.9044124925353274,0.3998443215168325,0.35641635890111795,0.31873137953467556,0.7988100297492338,0.937721337466822
0.9028937766433933,0.39974649502603743,0.3559807342876002,0.33797819058485445,0.8055588610284303,0.9379996109229922
0.9013749794001726,0.39854844904560216,0.35463903526772067,0.3317505710305815,0.7945091372715751,0.9382778843791626
0.8998562197036994,0.3972920003909126,0.3557746650206859,0.333091278286916,0.7951721206968614,0.9385562685689008
0.8983374931735204,0.39685229521168874,0.35473243952395345,0.3368276117632958,0.7932001699957709,0.9388345420250712
0.8968186333523862,0.39024354049258636,0.3492342422482324,0.3329667894308126,0.7899702507436359,0.9391128154812417
0.8952999362338261,0.3925605577534954,0.3504680261515981,0.3406375266911452,0.7889502762430993,0.9393910889374119
0.8937811421195003,0.39717029611916954,0.35547176077248765,0.33299518162606434,0.7961410964725246,0.9396638257151866
0.8922623417473843,0.39480255354764465,0.35425222433825404,0.33469660874486773,0.7976540586485044,0.9399027887547471
0.8907435945664939,0.3928791969513393,0.35202872495177834,0.32876299732156355,0.7799745006374224,0.9401416410607397
0.8892248442567072,0.39246080923989846,0.34979203387413804,0.3438073663808692,0.7837314067148782,0.9403804933667322
0.8877060470134865,0.3903458457434919,0.35002158258062854,0.337948527689955,0.7831704207393386,0.940619345672725
0.8861873092192836,0.3906485008633369,0.34726140270085265,0.3507427656388682,0.7703017424564678,0.9408582533455015
0.8846684963315843,0.3894602580931553,0.34944585379613263,0.363182518095458,0.7843603909901731,0.9410970502847101
0.8831497178617371,0.38635953469383466,0.348696769368114,0.35742450147970994,0.7857203569909643,0.9413360133242707
0.8816309581652644,0.38988823803932365,0.35008490712496076,0.336317068470499,0.7737016574585596,0.9415748656302635
0.880112167179834,0.3906114138689375,0.35058597005211645,0.35325136499945975,0.7701997450062663,0.941813717936256
0.8785934093606982,0.38899945536131547,0.3512561566574415,0.34793150150595786,0.7697407564810419,0.9420525038021079
0.8770746465353301,0.3862938819707789,0.34699675657040285,0.35500794842484273,0.7695707607309714,0.9422914225482413
0.8755558586787959,0.387158157517117,0.3464687856919907,0.3524323196578387,0.779566510837185,0.9425303412943745
0.874037102111219,0.38618177529754794,0.347613125059844,0.37253431157086814,0.771712707182246,0.9427691271602265
0.8725183079968928,0.38440612481262065,0.34642075996801586,0.3481214313939134,0.780688482787923,0.9430079794662192
0.8709995295270456,0.3850393571268194,0.34673764829419695,0.3336983153342037,0.7610709732256282,0.9432469425057797
0.8694807354127203,0.385176194422744,0.34698277249241993,0.34780069886098053,0.7580960475987695,0.9434858391051995
0.8679619725873517,0.3849534632687497,0.34689121197423084,0.35844320550346365,0.7729706757329495,0.9437245917509809
0.8664431722152353,0.38311749523847904,0.34495399663310855,0.3498918733873284,0.7569230769230444,0.9439634994237575
0.8649243781009095,0.38112551080661344,0.3433001569678446,0.3611570625665108,0.7595070123245478,0.944202462463318
0.8634056309200191,0.3771818239649532,0.34196373462443097,0.35270345519515045,0.7564130896727193,0.9444412040357428
0.8618868368056938,0.37912073732442053,0.3442809038716595,0.36394970300771035,0.7511432214193974,0.9446800563417354
0.8603680645936387,0.3802791413610761,0.3426262740329483,0.3805587004268798,0.7559031024223941,0.944918908647728
0.8588493174127478,0.3760570991315711,0.3406961791063355,0.3573042615255537,0.7517552061198103,0.9451577609537206
0.8573304920094658,0.379867358256361,0.34558487155608875,0.35638983429163296,0.7406034849128673,0.9453966796998541
0.8558117260552014,0.37743012964374567,0.34153708301695035,0.3801135981659358,0.7484912877177976,0.9456355762992739
0.8542929069097109,0.3778084463086417,0.3409758650927356,0.3648022630525376,0.7600169995749866,0.9458743178716985
0.8527741472132373,0.3771617884416808,0.3418956601859311,0.3663223375060065,0.7378325541861841,0.946113280911259
0.8512553656144943,0.3772323400879711,0.33936714499532245,0.38430214187941325,0.7426434339140542,0.9463521885840356
0.849736562113482,0.37559224316652956,0.3402025066249514,0.36788200219537215,0.7440033999149591,0.9465910962568121
0.8482178024170093,0.3757418695127813,0.3406974982754519,0.3616574005527624,0.7386315342115495,0.946829837829237
0.8466989770137272,0.3711930834069572,0.3386122571085397,0.36734747444672644,0.7346366340841541,0.9470686901352295
0.845180179770507,0.37278692483825243,0.3387291430177197,0.37437229919242676,0.734177645558816,0.9473075978080061
0.8436614263318245,0.37354910610921116,0.33524257240279615,0.3865677596417614,0.7287037824054323,0.9475463947472147
0.8421426228308126,0.3724629576144089,0.33524600312784736,0.38650200093499665,0.7306757331066365,0.9477853577867753
0.8406238412320697,0.3735574181873562,0.3393811290733053,0.36748911774807236,0.7385295367614617,0.9480242100927678
0.8391050909222835,0.3726181211742583,0.3377177896197061,0.3614690590393661,0.7305227369315617,0.9482630181053334
0.8375862342300446,0.37233656360702927,0.3375399518999067,0.39287575094874616,0.7274118147045101,0.9485019147047532
0.836067480791364,0.37094797454376455,0.3349689554796802,0.37426591780630214,0.7169570760730721,0.9487407670107458
0.8345487023215163,0.3715110843144381,0.33778322571997305,0.4046441371883873,0.717858053548639,0.9489796193167386
0.8330298956916078,0.3697573877997288,0.3360222611116425,0.3801409579177235,0.7203909902251553,0.9492185269895151
0.8315111297373439,0.3672291500664984,0.33499349291059477,0.3707885290924897,0.713914152146117,0.9494574346622917
0.829992282431792,0.3693002074103974,0.3383972148355883,0.37984774397403465,0.684368890777705,0.9496961762347164
0.8284735383797974,0.368182087183741,0.33706923650254267,0.38890346443154855,0.7183680407989641,0.9499351392742769
0.8269547129765153,0.36338627734363504,0.33081641473118806,0.36073729487979134,0.7059923501910816,0.9501739915802694
0.8254359626667291,0.36624828908681895,0.33503228002401236,0.38572143396708025,0.702711432214187,0.950412733152694
0.8239171310056559,0.36506452328881955,0.33321933661109965,0.39782945439691275,0.700637484062895,0.9506516961922548
0.8223983337624352,0.3619015603213537,0.33016733483172644,0.39818036604647644,0.6968465788354479,0.9508906149383881
0.8208795646792746,0.36691050550487,0.3353354498767307,0.38867644599762796,0.7113302167446136,0.9511294008042399
0.8193608206272804,0.35945815262892133,0.32671268766674705,0.38944033503266895,0.6814449638758333,0.9513682531102325
0.8178419858373114,0.3668887678739628,0.3336116876081813,0.3875608114163789,0.6863068423289178,0.9516069946826573
0.8163231698207163,0.3588588069176658,0.32813829336789496,0.38567680064195753,0.696982575435527,0.9518459577222179
0.8148043819641817,0.35950759778295477,0.3276720622601785,0.37953503273262723,0.7032214194643984,0.9520848653949945
0.813285622267709,0.3587599130337426,0.3286330194138754,0.3911196440357312,0.6721631959200067,0.9523236623342031
0.8117668125089055,0.3604852601591063,0.33045915673132376,0.3990738267362117,0.685031874203105,0.9525625146401957
0.8102480434257457,0.35949374491535574,0.32802483597039517,0.4063965511305514,0.6887377815554601,0.9528014776797562
0.8087292023779851,0.3618280281987743,0.32926996340013975,0.39443561418493145,0.6797110072246824,0.9530402856923217
0.8072103801035984,0.35685510082860106,0.32704329667976195,0.4097162142506028,0.6696812579684774,0.9532792930253093
0.8056915390558381,0.35756932450177864,0.32612877826303227,0.4170690780522097,0.6800679982999327,0.9535180345977341
0.8041727950038435,0.35996989343483143,0.3287583515467944,0.3890370467320048,0.6931916702081935,0.9537568869037267
0.8026540290495796,0.35880722697737616,0.3301467504814192,0.41215488542121137,0.6837739056522878,0.9539957392097193
0.8011352099040887,0.3573664196834588,0.3281820937666293,0.40329703672445083,0.6671993200169481,0.954234536148928
0.7996164001452848,0.35529471868541224,0.3250551560986538,0.4106415615596204,0.6727751806204196,0.9544734438217045
0.7980975634779783,0.3543852604058404,0.32635331811094803,0.40082683631883564,0.6534636634083881,0.9547122961276973
0.7965787599769665,0.35308320349100847,0.32520634261823284,0.3976198683737828,0.6683722906926732,0.9549511484336898
0.7950599470892672,0.3495449043349356,0.3223514393131077,0.41002177780649207,0.6663323416914864,0.9551899453728986
0.7935411561038372,0.3531273224069704,0.3249633321893156,0.4024442384234399,0.6426349341265905,0.9554288530456752
0.7920223995362594,0.35313350327471565,0.3256646587112505,0.40148895025397535,0.6554016149596009,0.9556678160852355
0.7909782338626723,0.35261408689309537,0.32552244077096665,0.3952348048445584,0.6623884402889644,0.9559488578806039
0.789467089898241,0.3491580592525838,0.3219712242292234,0.3965459286247215,0.6489077773055669,0.9561885406883558
0.7874659859043276,0.35149021132560254,0.32352506379267226,0.4178591355581194,0.6531236719081335,0.9563842622696455
0.7859472168211665,0.3501623653345899,0.32501715915868346,0.4232010377486348,0.6576285592859676,0.9566232253092061
0.7848963359117103,0.3477871581628809,0.32055775665464376,0.40553465938518696,0.6447598810028694,0.956903436602815
0.7838468066851791,0.34815844469414253,0.3212031446512761,0.4140703857212751,0.6460688482787873,0.9571854196335104
0.7823126065143948,0.34909497041854937,0.3227678009588057,0.4221961922929127,0.6484487887802288,0.9574230095768288
0.7807859113127438,0.34521927669794267,0.3185334650849799,0.41995618707033744,0.6323841903952143,0.9576623491105203
0.7792601591602448,0.3481315882248337,0.3224675350488404,0.41708567656635664,0.6292052698682937,0.9579008692158093
0.7777342868581534,0.3440316740060523,0.316554558687687,0.42779382278751243,0.6345941351464717,0.9581400980159327
0.7757613191455901,0.3443724799375684,0.32004640819244745,0.4178068383257467,0.6334551636208516,0.958338931210481
0.7737414980978277,0.3437170826776256,0.3180498213876003,0.4173457729004795,0.637773055673506,0.9585331135951766
0.7722227102412935,0.3432279305564401,0.31900444608686407,0.4294868315211502,0.6371440713980974,0.9587718994610285
0.7707038879669073,0.3460569067504981,0.3192682998304956,0.4154099414060539,0.6250743731407056,0.959010751767021
0.7691850907236861,0.3426703633631487,0.31717039375471695,0.43022125620811247,0.6126646833829454,0.9592494933394459
0.7676662571852759,0.34313052780462555,0.31821868831473354,0.447310776640903,0.6309732256692087,0.9594884563790064
0.7661474536842632,0.34268187225689356,0.31881183190226353,0.428554058561067,0.6174245643858285,0.9597273640517829
0.7646285938631285,0.34179436794753965,0.3178387366219983,0.42454162587687705,0.6111687207819614,0.9599661166975645
0.7631098060065953,0.3423267843550133,0.3188334676037961,0.41824399871389306,0.6188695282617118,0.9602050132969842
0.7615910306656435,0.33844086010931607,0.31460097989475594,0.43595429563391197,0.6064598385040654,0.9604438656029769
0.7600721739734051,0.33567689119623806,0.31608331429465375,0.4311137241637477,0.614058648533728,0.9606827843491103
0.758553386116871,0.33649597864555786,0.3140263046748564,0.4225317364186134,0.5929451763705629,0.9609216145083893
0.7570345920025456,0.33639921418410634,0.3149616686196714,0.41786648179045716,0.6080747981300192,0.9611605332545226
0.7555157415680984,0.33331958833740166,0.31210861126596096,0.4219169163359837,0.5995070123246933,0.9613992748269472
0.7539969630982513,0.33655757455955554,0.31431337889365707,0.44966609785650036,0.5810454738630142,0.96163812713294
0.7524780907615343,0.33587766659208623,0.3131740550244916,0.4358153128599531,0.6057458563535647,0.9618769794389326
0.7509593341939573,0.3327123596507662,0.3117381593615611,0.43855327350694084,0.5964810879727338,0.9621158317449252
0.7494404637345773,0.3354897559045345,0.3125104620513779,0.4394034509899287,0.5903952401189372,0.962354684050918
0.7479216602335654,0.3341314293137764,0.31150570449894655,0.4303946670006489,0.5969740756480633,0.9625935363569104
0.7464028191858048,0.3308429287565328,0.3090626741231299,0.43766553096562033,0.5968890777729712,0.9628324551030438
0.7448840407159576,0.3305398463218509,0.31072654257239835,0.4452945336844012,0.5943901402464462,0.9630712852623229
0.7433652153126755,0.3316946262280698,0.3124769516144261,0.4481754480417466,0.5769655758606405,0.9633103147420241
0.7418463742649153,0.33430599010653517,0.31351416382584185,0.4610899259448158,0.5693157671057634,0.963548945580881
0.7403275738927984,0.3307523451628265,0.31084527664636397,0.43901890550906697,0.5808244793879567,0.9637879086204414
0.7388088048096386,0.3278775443693153,0.30965713909314735,0.45219510783018224,0.5740246493837731,0.9640267055596502
0.7372899262151309,0.3262847649673637,0.30776530228428295,0.43943227998818424,0.5729196770080307,0.9642656132324268
0.7357711227141177,0.32623936768274747,0.3068151618746668,0.47601889959237154,0.5672758181044628,0.9645043548048514
0.7342523204646643,0.3251429868749265,0.3040130297609422,0.4470269341071156,0.5788015299616518,0.9647433178444119
0.7327334637724254,0.3285090710000229,0.31082205838456584,0.45517013338017986,0.5399405014874219,0.9649821258569774
0.7312146383691438,0.3251830561335431,0.30749933698471665,0.43418286090639735,0.5583340416488909,0.9652210224563973
0.7296957785480092,0.32351077829264946,0.30591673909185474,0.44866288048470193,0.5559881002974407,0.9654717232541568
0.7281769969492666,0.3259249891177751,0.3074985445978984,0.4517030293916402,0.5631959201018617,0.9657230884533238
0.7266581934482543,0.32212687538916496,0.30833232588063275,0.4624326186693497,0.5520441988949187,0.9659746751196266
0.7251393461427029,0.321169888614577,0.3051402155035394,0.44743439189099843,0.5306587335315953,0.9662261510523614
0.723620508223838,0.32388526163951087,0.3061146299529211,0.4453159370315909,0.5307607309816831,0.9664868178712335
0.7221017141095123,0.3205473123523775,0.30470986756648755,0.464541622700128,0.5515342116445936,0.9667865071994386
0.7205828874546722,0.31827078987699375,0.30149058142024665,0.44770310515710676,0.5380025499362091,0.9671981703115193
0.7190640495358078,0.32014171190333574,0.3037639502687408,0.4614612084981058,0.5416064598384764,0.9676305848942274
0.7175451959724652,0.3182228340671408,0.3033945541423083,0.4665050919118896,0.5116192095197221,0.9680629994769353
0.7160263893425567,0.3173261630499681,0.30251987640359257,0.4506686004597471,0.5396345091372723,0.9684951925925074
0.7145075232636313,0.31760920996137754,0.3013723741285792,0.45287127888017387,0.5168380790479432,0.9689275628817884
0.7129887260204102,0.31895688050013643,0.3040122373741239,0.46955806694339586,0.5289927751806545,0.9693598667309286
0.7114699225193983,0.31269745297829327,0.2990214310532498,0.4691431437990832,0.5233659158520823,0.9697922148734957
0.7099510720849507,0.3150877913862555,0.30092250204592946,0.4503535860752286,0.5059923501911499,0.9702246294562037
0.7084322654550426,0.31152967215225685,0.29953700262731564,0.4576173420640457,0.4915087122822115,0.9706567672049919
0.706913359952031,0.3130116182434328,0.29927446805280056,0.4582346241272428,0.5124181895452011,0.9710891264209159
0.7053945971266629,0.3119783268060247,0.2997641808134643,0.468330729921248,0.5087972800679381,0.971481233984903
0.7038757435633198,0.3113301753038557,0.29884992578788366,0.4668084714527596,0.4909477263067856,0.9718590569186288
0.7023569181600382,0.31165414449442025,0.30017130827534705,0.46276991000706547,0.512231194220135,0.9722369352191388
0.7008380896278603,0.3106074257163218,0.2995554732083171,0.4873672004703813,0.5100892477687466,0.9726148135196487
0.6993193111580136,0.3115128343385483,0.30175997633817864,0.4765826534329123,0.5098852528685711,0.9729927471869426
0.6978004450790878,0.30826355073455425,0.2968103309711205,0.468364681427458,0.5059923501911499,0.9733705258272412
0.6962816353202839,0.3089779884227359,0.297530391465206,0.48380018772204725,0.4812239694007303,0.9737482823208264
0.6947627754991497,0.3061703261206046,0.29673988379890776,0.4687037199771893,0.47972800679974625,0.9741260609611253
0.6932438956530831,0.3063459512670135,0.29685017386250545,0.46367619682136896,0.48652783680404355,0.9745038174547105
0.6917250984098628,0.30566902610013996,0.2947583368500109,0.46859618701950945,0.4853378665533228,0.9748818618555721
0.6902062542332059,0.3056965208598118,0.29577444014219223,0.49293008527149107,0.46769230769223213,0.9752596847892981
0.6886874519837525,0.30693080099290093,0.29724833053172206,0.4857573828542987,0.44997875053115877,0.9756374523562401
0.6871686203226788,0.30219040655663304,0.2935055555833456,0.47939721344303354,0.47292817679556265,0.9760153306567501
0.6856497730171278,0.29950018320542554,0.2894751796338703,0.5058244305270183,0.4684062898427328,0.9763931535904758
0.6841309976761765,0.306041803942303,0.29687233855970724,0.49817926609709406,0.4643943901401144,0.9767709765242019
0.6826121315972506,0.3038462730046909,0.2935488269864108,0.4774181781605884,0.45337866553336426,0.9771489101914956
0.6810932905494904,0.30318341507800606,0.2927161036950148,0.4958096495104609,0.48142796430079215,0.9775266666850808
0.6795744870484772,0.30119718509301285,0.2931398535731134,0.4754153172597506,0.43292817679559903,0.9779046667925155
0.6780556885536986,0.30363974262559185,0.29492192710067827,0.46860682912905816,0.4296982575435777,0.9782850365983033
0.6765368224747728,0.29999103920787057,0.29126411239816663,0.48199285572948747,0.4351891202719571,0.9786673996083138
0.6750179876848041,0.29671212968744265,0.28975908740411727,0.4762990094459445,0.42665533361662256,0.9790496518847563
0.6734991403792523,0.29953535091612904,0.2924664974205153,0.49704238700611136,0.4393200169994316,0.9794318377210581
0.6719803431360312,0.29676072503920836,0.2894677922868181,0.4960077595273982,0.42640033999146,0.9798142118044254
0.670461455154836,0.29703481997297443,0.2909205744211249,0.4973329404224134,0.4403909902251826,0.980196408714084
0.6689426547827195,0.29801631888543134,0.29469369313656224,0.4890694217764642,0.4239184020399307,0.9805786166970993
0.6674237887037933,0.29416385589456145,0.28846883952117347,0.49738468172368977,0.4303442413938683,0.9809610240005369
0.6659050114855045,0.29524190614742996,0.28979180545425076,0.4774615010766998,0.4319592010199358,0.9813432762769795
0.6643861516643708,0.29369026411239435,0.2869242363549108,0.4906179281345491,0.43151721206970706,0.9817254178198541
0.6628673293899845,0.29325567634122957,0.28758176115008877,0.4927370977625083,0.3946281342965676,0.9821077808298646
0.6613484852133285,0.2922980487731791,0.28911106106925205,0.49105294421704015,0.4147896302591789,0.9824899223727391
0.6598296817123166,0.2938776119887594,0.28860287750624974,0.4901578157340174,0.41322566935821214,0.9828722853827495
0.658310803117808,0.2908589435868965,0.2861242293429515,0.5048582619918209,0.3867743306416287,0.9832545376591922
0.656791921394404,0.28854703980060453,0.28419492636048277,0.4947326124310085,0.3933191670207634,0.9836367899356345
0.6552731604463724,0.2879994885810212,0.28329386346874097,0.5106767162595589,0.39807904802376015,0.9840190975788611
0.6537543068830294,0.2863856105536967,0.28303449467876834,0.5250730682079408,0.40649383765401126,0.9844012944885197
0.6522354470618956,0.28749733643398223,0.28610444025684484,0.47771941339580315,0.3985890352740853,0.9847835467649622
0.6507166247875089,0.2871322316644299,0.28584216907347887,0.4946806328735478,0.3854653633658245,0.9851659097749726
0.6491977774819575,0.2875504075063805,0.2854880764154828,0.51105129469006,0.39252018699528435,0.9855480513178473
0.6476789552075712,0.2877914667122279,0.28587488712361236,0.5089623438880957,0.3700807479812056,0.9859303589610737
0.6461600828708547,0.2863606736040903,0.28381787816782633,0.4983194401519726,0.38085847853790256,0.9863126666043003
0.6446412543386764,0.28503943311376745,0.2850725058285805,0.51916209112211,0.35542711432219676,0.9866950296143108
0.6431224270580578,0.28126838951188454,0.2810888324498958,0.5026116253054593,0.35637909052275063,0.9870772154506126
0.6416036016547757,0.2835698482217034,0.2830959726076746,0.5007793558323148,0.38186145346367084,0.9874595341671958
0.6400847261891629,0.2794371094293223,0.2804107266244671,0.514425558185595,0.35622609434756214,0.9878416757100704
0.6385658820125069,0.2790274593229352,0.2792254927926664,0.518545126733825,0.3287717807054378,0.9882239944266537
0.6370470221913727,0.27850655180920636,0.28029172849534106,0.5240628619880803,0.351381215469587,0.9886061802629554
0.6355282405926297,0.27654568447952105,0.2785252231553843,0.5165680769195795,0.3304377390564923,0.9889884768328252
0.6340093776426001,0.2799757084924694,0.282839242377272,0.5227883502415145,0.33977050573730594,0.9893707955494085
0.6324905178214655,0.277486047991783,0.2804281407634899,0.5098516350946118,0.32894177645550826,0.9897530478258508
0.6309717036822082,0.2741798567790853,0.27550488201028267,0.507423606033552,0.333327666808259,0.9901353001022934
0.6294528595055517,0.2769323167984185,0.27796294945320216,0.514169512206599,0.34747131321717006,0.990517552378736
0.6279340278444785,0.2736713110008468,0.2770750794478454,0.5143555505768838,0.32406289842754177,0.9908996939216106
0.6264151699006817,0.2722963593598345,0.2737871900002377,0.5036554256472539,0.33273268168295544,0.9912821012250482
0.6248963050733147,0.2711978500235059,0.2748441906337487,0.5129389587259681,0.3142881427963857,0.9916643092080636
0.623377468718898,0.2691758123067317,0.2754452509181395,0.5053875083950561,0.3161580960476158,0.992046782951642
0.6218586167200031,0.26911336355098847,0.2741410186916082,0.530055044723267,0.3042583935400671,0.9924288802010893
0.6203397944456164,0.2682840455765781,0.2751149052298725,0.5380509222559351,0.31364215894598146,0.9927724753889728
0.6188208989550721,0.26597469852759464,0.27335869044930855,0.5129934002639958,0.3103782405439688,0.9930739475276213
0.617302056029974,0.26399741980507363,0.269886630694666,0.5264093677248725,0.29280067998297454,0.9933754307396268
0.6157832074728642,0.26839999093162825,0.2727246484137633,0.5136729466099264,0.28831279218024974,0.9936770025384863
0.6142643923949382,0.2660162607062481,0.272509343192337,0.532458255431834,0.29273268168287814,0.9939785300439188
0.6127455403960425,0.264847626144502,0.2711937652703232,0.5229904709042146,0.2858138546536111,0.9942800575493513
0.6112266821393564,0.2629494221219425,0.27113756423921986,0.5332263536594584,0.27811304717386065,0.9945816957883518
0.6097077828941369,0.2656460397801864,0.2728090816559928,0.5378560684068447,0.2593115172120406,0.9948831125602164
0.608188966564652,0.2628963528374724,0.2710723919727762,0.5381425317586561,0.2681852953676298,0.9951847507992169
0.6066701583702958,0.26182362989543234,0.268915382693838,0.521936743221423,0.25880152996171546,0.9954861675710813
0.6051512998007205,0.39072949222231573,0.36885920689516416,0.5304226343057059,0.16968975775603212,0.9957877504432979
0.6036324165128684,0.45721894779067324,0.42943277454421486,0.5285468830789943,0.26660433489155366,0.9960892779487305
0.6021135613850777,0.5189113205140551,0.49524795886246364,0.5561356387689986,0.32532086697835894,0.9963907943808061
0.6005947497489368,0.5599240044699636,0.5523044799912811,0.5385943449021138,0.3140841478962102,0.9966923883263794
0.5990758195276498,0.6058248054224572,0.6171746655607484,0.39728225936115513,0.7996600084998136,0.9969938050982439
0.615182007067475,0.5877089627660022,0.6060772217696371,0.7235391987214221,0.9303357416064273,0.1025367330308058
0.8811994139920096,0.5893657821797842,0.6176836523560869,0.726475428222803,0.9309987250318272,0.10619131726613124
0.8804636228881684,0.5971551058812861,0.6215983309766095,0.69928734001544,0.9299447513811856,0.10619989911764463
0.9114961721392416,0.6023321234661677,0.6236078283745042,0.6934620557370959,0.9299957501061726,0.10590158288568165
0.9115661968241535,0.6045056898847856,0.6285309630904006,0.7385549373292919,0.9321206969824516,0.10590238016737065
0.8811070652623294,0.6102849174418796,0.6334505342789858,0.751463339699671,0.9274628134295426,0.10619713077844677
0.8507347433461958,0.6086048728409381,0.6296581444062559,0.7534094956287338,0.9223459413514092,0.10649146060196478
0.8509232815249819,0.5969338855266104,0.6203316851539955,0.7453050129855578,0.9235869103272307,0.10649010965243622
0.8509334607612384,0.594669599631744,0.6204520040015977,0.7497490070375714,0.926034849128655,0.10649091800748199
0.8510975835413959,0.5915547069015351,0.6156411535965707,0.7477657228531798,0.9244368890776968,0.10648976637837568
0.851036532842131,0.5881826564600761,0.6085201193431936,0.7331097907924071,0.9259668508286722,0.10649133879504007
0.8796691787578084,0.5846061027924971,0.6065724635310606,0.6816441916299252,0.9287717807054605,0.10621616587877132
0.9119745252173752,0.5791421048541929,0.6031951249883963,0.7080439695433944,0.9300467488312734,0.105905547147413
0.9120445445831651,0.5851335058493322,0.6084005751754418,0.6884686826343049,0.9308457288567524,0.10590636657581559
0.912114569268077,0.5818857164169247,0.6048524086589375,0.6923643300790054,0.9272078198044937,0.10590716385750458
0.9121846033396768,0.5795758383532695,0.6022231009796954,0.7063697433389231,0.935486612834552,0.10590797774922876
0.9122546455464038,0.5887743176559804,0.6101061324675098,0.6935278938625884,0.9301317467062518,0.10590875842088253
0.91232466084463,0.5803629558586634,0.6044487119221059,0.6829821986495084,0.9255758606034306,0.10590955570257153
0.9123946166938373,0.5823748756898229,0.605412966998594,0.6811517955164714,0.9305907352315899,0.10591035298426052
0.9124646757966013,0.5814904591324493,0.6021295639212026,0.704232585369077,0.924606884827881,0.10591116687598469
0.9125346785792448,0.5838554232635704,0.6093532321878857,0.686708803331711,0.9321716957075523,0.10591196969435208
0.9126046594596176,0.5824751427025944,0.6036711325558233,0.6949979345174322,0.9237569060773012,0.10591276697604107
0.9126747363970877,0.5888895317484018,0.6130032580378457,0.6819685774243451,0.9259328516786809,0.10591356425773008
0.9127447185290185,0.582928060671126,0.6086302788179022,0.6876382804145833,0.9273608159795685,0.10591435600274064
0.9128147494717225,0.5869609472500753,0.6119846425695785,0.7057298666476168,0.9256778580535183,0.10591518096782161
0.9128847491254692,0.590024901906214,0.6136048522758566,0.6945349233333298,0.9273268168294635,0.1059159782495106
0.9129547237480518,0.5827272942149189,0.6072770901891578,0.7081429252784532,0.932528686782689,0.1059167755311996
0.9130247578196511,0.5802790841473741,0.6046042455023304,0.6874250411299665,0.9273268168294635,0.10591757281288858
0.9130947230555453,0.5840619647278242,0.6067917421961075,0.6757797142093249,0.9313557161070776,0.10591838116793434
0.9131647665138316,0.5866975139108859,0.6142561809602549,0.7029175700712431,0.92239694007651,0.10591921166969372
0.9132347380075183,0.583074384714015,0.6040566132493184,0.6879980472523166,0.9242668933276263,0.10592000895138269
0.9133047229554556,0.5883001948591415,0.607651238423129,0.6971161511206558,0.9266468338291816,0.10592079515971492
0.9133747276154356,0.5844475314415218,0.6077135005493808,0.6886293467210014,0.9269018274542304,0.1059215813680471
0.9134446991091214,0.5821544777821137,0.6066311842637112,0.7097286790199586,0.9251678708030795,0.1059223786497361
0.9135147363096165,0.5850057226217507,0.6080971441449452,0.6985853975882199,0.9284147896302102,0.10592320915149545
0.913584660869867,0.5865549266379094,0.6100467698572689,0.7013361446504123,0.9307947301316517,0.10592399535982765
0.9136546667814058,0.5846329574738778,0.6113471695876449,0.6959641824713576,0.929281767955672,0.10592478156815983
0.9137246257595093,0.5808220600587248,0.6020481561357942,0.6997648054080343,0.925320866978268,0.10592560099656241
0.9137946285421523,0.5812277588438169,0.6089775124605039,0.6825272087569312,0.9249468763281357,0.10592638720489463
0.9138646188092121,0.5849739690171354,0.6112048276985851,0.6696319898953964,0.9261368465787427,0.10592719555994039
0.913934571529524,0.5842833996338823,0.606071533406165,0.6886807703473661,0.9264768380788837,0.10592799284162939
0.9140045492810014,0.5849175956413744,0.6085351481322889,0.686159225734114,0.9251678708030795,0.10592880119667515
0.9140745020013137,0.5868483077742443,0.6115758108120251,0.6803958086448636,0.9298427539310978,0.10592962062507774
0.9141445413920355,0.5826135819821752,0.6062316929317811,0.6832598465225139,0.9217169570760007,0.10593040683340992
0.914214481596765,0.5886732997133701,0.6113126188663228,0.6846665904511606,0.9272588185294808,0.1059312041150989
0.914284468734929,0.5811519864472183,0.6067244557176839,0.6892193484511384,0.933276668083181,0.1059320013967879
0.9143544308419287,0.5856295844043172,0.6083623281245483,0.6926409057991834,0.9305907352315899,0.10593282082519047
0.9144243616599708,0.5814364279426143,0.6071760276692623,0.6906424129283844,0.9301827454312388,0.10593360703352267
0.9144943425403436,0.5839211832623175,0.6069513705126834,0.6897251663296202,0.9314577135571653,0.10593442646192523
0.9145643046473433,0.5781707234697651,0.6038120357537327,0.6943671512704794,0.9256268593284176,0.10593522374361423
0.9146342367169438,0.5847646741434724,0.6077877812801669,0.6891484672364192,0.9297917552059971,0.10593601548862482
0.9147041487616119,0.5856180880260697,0.6075196977845528,0.6804451673843008,0.9284147896302102,0.1059368183069922
0.9147741421575679,0.5847247139484752,0.6085734173168923,0.7043182781765636,0.9274968125796477,0.1059376155886812
0.9148441042645672,0.58709266391967,0.6077232615154942,0.7104827598420949,0.93106672333181,0.10593842394372696
0.9149140726293576,0.5816216394235877,0.6090240817863604,0.6881855151597049,0.9242158946025256,0.10593921015205916
0.9149839846740258,0.5874762102745152,0.6098100940961559,0.6906484487517104,0.9241648958775386,0.10594001850710495
0.9150539154920683,0.5869158735804609,0.6064231273896383,0.6808214930268175,0.9299447513811856,0.10594083793550751
0.915123833794528,0.5825471962085624,0.6060700947150145,0.6971959272329082,0.9333786655332688,0.10594162414383972
0.9151937946499684,0.5875112715462779,0.6077503089091236,0.6871267443876872,0.9268508287292434,0.1059424435722423
0.9152637536280723,0.5859948044952377,0.6060794572743478,0.7056001758648314,0.926034849128655,0.10594324085393127
0.9153336375126795,0.5875990766995804,0.6096372740884153,0.695265257955801,0.923858903527389,0.10594402706226345
0.9154036277797402,0.5859222146108133,0.6084488709306786,0.7080722426105539,0.9206969825754641,0.10594482434395246
0.9154735210510343,0.5833545530610422,0.6080776222127184,0.697361832955651,0.9229069273267214,0.10594564377235503
0.9155434831580336,0.5867568731267205,0.6103676201175414,0.6876579365497575,0.9301827454312388,0.10594644105404404
0.9156133858160151,0.5890540747795243,0.609670253316327,0.6857428730526978,0.9313557161070776,0.10594722726237621
0.91568332914964,0.5959794358221211,0.6201760187715109,0.6745549980052001,0.9385465363365029,0.1059480466907788
0.9157532205435981,0.5822153388576261,0.607913899159791,0.6891107036312665,0.9380875478111648,0.10594884397246777
0.9158231763928053,0.5878834109192851,0.6107477001857947,0.6824612912127108,0.9300467488312734,0.10594964125415676
0.9158930915663692,0.5870709227129064,0.6076833101689301,0.6961353298301469,0.9330726731831192,0.10595043853584574
0.9159630317710983,0.5804736822513334,0.6045833955475032,0.70127598496397,0.9313047173820905,0.10595124689089153
0.9160329344290803,0.5896765419781044,0.6134733116372806,0.6683422297530592,0.9232979175519631,0.10595204417258053
0.9161028496026442,0.5870275475750706,0.6119028585110997,0.6906439615935795,0.9313557161070776,0.10595285252762629
0.9161727991940603,0.5875499444329799,0.6110135481766978,0.6952280899911081,0.9253718657033687,0.10595364980931529
0.916242698723146,0.5885694926027869,0.6130651217573173,0.7018008633371662,0.9290267743306231,0.10595444709100427
0.9163125500672389,0.5865336145339108,0.6094525682784006,0.6833389872849425,0.9229409264768265,0.10595525544605006
0.9163825184320293,0.586582210422055,0.6128946921902576,0.7042207519786086,0.9318147046324157,0.10595605272773903
0.9164523991877416,0.5904371266291915,0.6137688409333042,0.6996072783610929,0.9268508287292434,0.1059568610827848
0.9165223143613055,0.587175695304711,0.6127919253746916,0.674214966721369,0.9280577985550735,0.10595764729111702
0.9165922295348699,0.5847568966558556,0.6060078325887626,0.6975383807879425,0.9280577985550735,0.10595845564616278
0.9166621447084338,0.5891235536689019,0.6123379629824324,0.683338272516391,0.9297917552059971,0.10595926400120857
0.9167320473664149,0.582999255971564,0.6062802542915382,0.6943621875999808,0.9273268168294635,0.10596006128289755
0.9168018949558334,0.583980864305226,0.608983178690266,0.6916806142498564,0.9341946451338572,0.10596085856458655
0.9168717891657958,0.586289884163351,0.6115664482526919,0.6810958053132481,0.9278028049297973,0.10596164477291875
0.9169416761792997,0.5853456792873777,0.6095928074650098,0.6778219667992389,0.9247258818528508,0.10596245866464292
0.9170115631928031,0.5827631958129296,0.6064170627530961,0.6836737769327275,0.9338376540586069,0.1059632614830103
0.9170814345618279,0.5908947289695752,0.6143320331844516,0.6955517610169759,0.9299957501061726,0.1059640532280209
0.9171513841532435,0.5874385922654441,0.6110236854158815,0.6789636110139006,0.9323246918826271,0.10596485604638828
0.9172212711667473,0.5876078196684187,0.6099695896104719,0.6806112319444997,0.9288567785804389,0.10596565332807727
0.9172911675669373,0.5864629556119294,0.6087928066504893,0.7004128225189581,0.9300467488312734,0.10596646168312304
0.9173610439421953,0.5834210461103462,0.60785413814277,0.7132435930827401,0.9305907352315899,0.10596725896481203
0.9174309215690113,0.5869096873489312,0.6097308111469082,0.6933838282900391,0.9317467063323193,0.105968056246501
0.917500821098097,0.5841675597665953,0.608393071847749,0.6994939081269067,0.9198980025498713,0.10596886460154681
0.9175707343943245,0.5889254333464127,0.6113999584860135,0.7016942436948579,0.928975775605636,0.10596966188323577
0.9176405963766618,0.5833217266995143,0.6078303886719318,0.687828567686815,0.9258308542285931,0.10597045916492477
0.9177104824514961,0.5878929942143716,0.6068289489626306,0.6869328435633326,0.921036974075605,0.10597124537325697
0.9177802849848162,0.5824286923282755,0.6046794558489368,0.6842688614614549,0.9283127921801224,0.10597206480165956
0.9178501719983201,0.586668942818445,0.6092519261971803,0.6902554451763188,0.9216319592010223,0.10597287315670532
0.9179200652696147,0.5816165259489706,0.6033328630657746,0.6796732967670982,0.9334806629833565,0.10597364829168072
0.9179899585409093,0.5853804366113483,0.6101450656634134,0.6916859750139948,0.920662983425359,0.1059744566467265
0.918059839296621,0.5904138835627502,0.611911822663653,0.6942091874205343,0.9283467913302275,0.10597526500177229
0.9181297375741484,0.5911434655390608,0.6122077503664567,0.7054531717993471,0.9321716957075523,0.10597606228346129
0.91819964023213,0.5870434243773781,0.6099780446876948,0.6975773356740151,0.9278368040797886,0.10597683741843668
0.9182694458943463,0.5875967345136544,0.6117595870062196,0.7095912846205594,0.9242158946025256,0.10597765684683925
0.9183393172633711,0.5883170371426705,0.6061930474741076,0.682140995482782,0.9264768380788837,0.10597844305517144
0.9184091707976907,0.5891456167027393,0.6152241323663145,0.685589753745159,0.9301827454312388,0.10597926248357402
0.9184790484245062,0.5866082068979056,0.6101850391436874,0.7068876328640574,0.928516787080298,0.10598004869190622
0.918548866602305,0.5881821200816196,0.6151765006223777,0.6905625573974039,0.9274628134295426,0.10598086812030878
0.9186187630024953,0.5849826047102825,0.6086999336032967,0.6893441946915173,0.9259668508286722,0.10598165432864098
0.9186886418808697,0.5845977889264238,0.6086529658706601,0.6838901135477351,0.9284147896302102,0.10598245161032996
0.9187584663164596,0.591461144619468,0.6135486547861468,0.6707923769298603,0.9301317467062518,0.10598324889201896
0.9188283251699025,0.5863668365925536,0.6083705175972511,0.6696145177752417,0.9294857628559612,0.10598405724706472
0.9188982278278832,0.5886031771698448,0.6095117980863813,0.6820070160886855,0.9283467913302275,0.10598483238204014
0.9189680169069527,0.5872097910952523,0.6110285769657933,0.7008481165669969,0.922838929026625,0.10598566288379951
0.9190378882759775,0.5571980933962908,0.5257868567108324,0.6933776733386208,0.9125371865702618,0.1059864380187749
0.919107712711567,0.5248739430170838,0.4857734693576713,0.6928313121995069,0.9291287717807108,0.10598724637382069
0.9191775465338443,0.4897457777092485,0.44508144917544623,0.6969225282618494,0.9216319592010223,0.10598804365550968
0.9192474398051385,0.4527431627927567,0.4046658259103141,0.6776418451241883,0.9216829579260093,0.10598884093719868
0.9193172723758578,0.40662604398467833,0.3632844889572043,0.3267427437192989,0.8026179345515629,0.10598962714553087
0.9185477924524248,0.4010157291551979,0.3583965866808983,0.321827200969925,0.8042498937526261,0.9380228649722544
0.9170288043465686,0.4049057048461686,0.3620327634685064,0.3183653386174319,0.7988780280492165,0.9383012048685655
0.9155097974673385,0.40317012361985805,0.359784461046596,0.33089777272957055,0.801954951126163,0.938579411884595
0.9139908406504382,0.40195129655009604,0.3595337989941291,0.32082144219883135,0.7907182320442416,0.9388575303137704
0.9124718369001035,0.39895127820595283,0.35761161908221506,0.33880120686287407,0.7930301742455867,0.9391359587969358
0.9109528769543083,0.40149987150160116,0.357856738853696,0.3233234498050013,0.804079898002442,0.9394141215195383
0.9094338888484512,0.4018115842656455,0.36144410417062395,0.333912825318468,0.7861623459413067,0.9396925057092765
0.90791494767603,0.3999971446786841,0.3589366956858787,0.3336956548068166,0.792180195495007,0.9399706684318789
0.9063959282812175,0.4001176724936796,0.3591316848175631,0.34404510634306673,0.7930301742455867,0.9402489418880493
0.9048769789736668,0.39677045279889256,0.35626701611958256,0.33758014392023616,0.7850913727156694,0.940487683460474
0.90335801277008,0.39703368052634036,0.3565150376204455,0.3287186022526247,0.7942541436462989,0.9407265357664666
0.901839046566494,0.39796466367336497,0.35661662470926814,0.32253942812241787,0.7929451763704947,0.9409653880724593
0.9003200209138891,0.39748467825999834,0.3555738680034955,0.33518622520284236,0.7861113472163197,0.941204240378452
0.8988010296791371,0.3978374204000962,0.35545883025910113,0.34092629318606793,0.781351466213323,0.9414430483910173
0.8972820853778205,0.3968358856067812,0.3577258688665331,0.32291801719868163,0.7709307267317627,0.9416818785502964
0.8957630722407983,0.3952957535382473,0.35423454614407085,0.3340657063698229,0.7882362940925987,0.9419206311960779
0.8942440997794203,0.3955962756597643,0.35507175593848544,0.34306218045626635,0.7906502337441452,0.9421593727685026
0.892725089771294,0.3948225854950607,0.35552954524920494,0.34467557191510756,0.7732426689332215,0.942398391174847
0.8912061016654382,0.3957324728773976,0.35532030422164657,0.3437776637766059,0.7731916702082344,0.9426371327472717
0.8896871511063291,0.39326135408598273,0.35495803514983654,0.34009882945928127,0.7490692732681055,0.9428758743196965
0.8881681410982036,0.3934096984877239,0.3533221392832759,0.36828120043154566,0.7569910752230271,0.9431147930658298
0.8866491811524084,0.39469385466553963,0.3560110751772788,0.344154704187674,0.7565660858477941,0.9433535789316817
0.8851301680153867,0.3931654442542049,0.352580969869956,0.3383991098431296,0.7617509562260238,0.9435923758708905
0.8836111861673208,0.3919497067243515,0.35230841093817844,0.336583478593496,0.7674628134296881,0.9438311728100991
0.8820921855458819,0.3900005610518653,0.35095668756103643,0.3277517586582397,0.7592520186994989,0.9440699586759511
0.8805731724088606,0.39250940512804267,0.35431212037090604,0.33604903026357835,0.7506502337440679,0.9443087666885163
0.8790542312364389,0.39002251681001143,0.3519245017380938,0.34867482109045334,0.7546961325966777,0.944547618994509
0.877535221228313,0.3904464453109062,0.3521015470710749,0.35474451650414474,0.7404164895876875,0.9447865820340696
0.8760162237357698,0.3867216527293493,0.3498115558063649,0.3531370417405377,0.7454823629408338,0.9450253236064944
0.8744972231143304,0.3867600180924029,0.3500411089395974,0.3407146819853746,0.749987250318668,0.945264065178919
0.8729782756841171,0.3829631863083034,0.3477930721222071,0.35340746250929755,0.758300042498945,0.9455029174849117
0.8714592750626786,0.3848820623565702,0.34881075797465394,0.34558110425149513,0.7490692732681055,0.9457417144241203
0.869940285705264,0.38688598120908935,0.3506471830405139,0.37719357008506194,0.7483212919676134,0.9459806220968968
0.8684212287637032,0.382117026050364,0.3469270995716374,0.3547286724679135,0.742796430089129,0.9462193636693216
0.8669022719468029,0.3833854055498507,0.3463827674547876,0.379343911563752,0.7361495962600202,0.9464581052417462
0.8653832619386774,0.3830934100578613,0.3471619293813358,0.3758752192006529,0.7267318317042282,0.9466970682813067
0.8638642675750301,0.3794022948916496,0.3453167969139588,0.37484924836328926,0.73200169995755,0.9469358098537316
0.86234528885586,0.3837748109453674,0.3480569280792096,0.37482780530673554,0.7407564810879421,0.9471745514261563
0.8608262819766295,0.38160101745986974,0.3478482160473204,0.377163192421611,0.7470463238419143,0.947413403732149
0.8593073032574607,0.3803386060646739,0.3431674366025251,0.3788601720916476,0.7416234594135176,0.9476522117447144
0.8577882557025864,0.38288773216292216,0.3474218234042469,0.37118077818996564,0.73013174670632,0.9478910419039934
0.8562692894989992,0.3827884109641621,0.3482965033563336,0.36921540292873245,0.728771780705415,0.9481298499165588
0.8547503120313888,0.3767764362793658,0.34219434353563083,0.36480166741207753,0.7289077773054942,0.9483688129561193
0.8532312769920973,0.37992341338090463,0.3479015140210191,0.37163743587582987,0.737322566935859,0.9486073330614082
0.8517122607261798,0.37727027634825966,0.342742369768681,0.35815848936366845,0.7194220144496057,0.948846185367401
0.8501933007803841,0.3771225720248097,0.34107190547383026,0.36155403707830125,0.7180620484487008,0.9490850376733936
0.8486742907722591,0.3742375424941362,0.3411405089079993,0.3691569507449417,0.7167020824479096,0.9493239564195268
0.8471552588618629,0.37357596079059185,0.3393119988568381,0.38081125198184496,0.7114322141945877,0.9495627422853787
0.8456362770137975,0.3737771635012769,0.3400666211391007,0.38136237824463737,0.7318317042073659,0.9498014838578034
0.8450548612414575,0.37361752475717347,0.3413093780485035,0.36264882424345646,0.7147301317467054,0.950128923018128
0.8425924935717366,0.371695233766068,0.3402977568325988,0.36991988675524756,0.7116362090946495,0.9502789670026528
0.8410730924516523,0.3694402379460653,0.3364507630972798,0.39681079008252285,0.7149681257967586,0.9505178746754294
0.8251268402909204,0.3692599236003982,0.33998852012996733,0.37860523797484325,0.7145771355716306,0.9546188369963771
0.8385077503225831,0.3701915504015705,0.33803283199447254,0.3830332291531695,0.7031704207394114,0.951038156344278
0.8365098096421844,0.3709021499443114,0.3391325763634022,0.37858081671599053,0.7140671483211918,0.9512341990529146
0.8349908215363282,0.37094839828274506,0.33885130781673656,0.3755830774097917,0.7041903952400617,0.9514730070654802
0.8344094455009623,0.3680612375416717,0.3349470541736275,0.3976476649285745,0.6913217169569634,0.951800224758669
0.8319470036764143,0.3718314291957731,0.34088483357021565,0.3944160771778493,0.6936506587334179,0.9519506009438976
0.8304276088141211,0.3677739317853189,0.3389906240276384,0.3971526877064613,0.6928346791330569,0.9521893425163221
0.8144813638498496,0.36809875006297976,0.33751541446899214,0.3714188358270749,0.7072673183170082,0.9562901387369178
0.8278622648077145,0.36522011237557767,0.3351829419746642,0.3752341909377912,0.6851338716531927,0.9527095688183866
0.825864349158481,0.3650568530768939,0.3341209267278138,0.3865681567354011,0.699532511687039,0.9529056115270235
0.8243454142438509,0.367517310452525,0.3371022179438252,0.3913747766993554,0.6839779005524633,0.9531444195395891
0.8237640310120256,0.3649952535870399,0.33461433581804884,0.38972783082794393,0.6746451338716497,0.9534716372327778
0.8213014849952516,0.3653757032502639,0.33535471063117944,0.37255337206558226,0.6718572035698571,0.9536220134180062
0.8197821057774375,0.3606122906689208,0.3307937232516881,0.41667643186109404,0.6714832129196111,0.953860754990431
0.8038359543671452,0.369328127696978,0.33819457408035425,0.40768980569692004,0.678623034424163,0.9579616619445944
0.8172167304820737,0.3631833725253152,0.33216471181002083,0.4131534567974233,0.6813429664257455,0.9543809812924955
0.8152188273484229,0.3612826081895908,0.3336203950096983,0.3893598838612289,0.6915767105822397,0.9545770904412729
0.8136998642737314,0.35882172171119464,0.3296475401457912,0.3956149028766538,0.6695792605185034,0.9548158320136977
0.8131185204659919,0.3600954310246091,0.33168106589927027,0.38601075639309834,0.6770250743730912,0.9551431604404544
0.8106560182537574,0.3565430662374829,0.33144122280425514,0.39481432238928704,0.6648193795153929,0.9552935366256828
0.8091366014891945,0.3600116683769392,0.3316887175228199,0.40538682142305915,0.6593455163620092,0.9555321120977558
0.793190478238964,0.3596742720244772,0.3326190681823182,0.3949042640987206,0.6589885252868726,0.9596331851522713
0.8065712637405795,0.3574857746175631,0.33019503738317213,0.3986803069390883,0.6585635359116395,0.9560523937666043
0.8045733562264745,0.3572641108566969,0.33007181680618797,0.41012804006452463,0.6552996175095132,0.9562486136489498
0.8030543337027658,0.3539376722512365,0.3282844688155282,0.42852197339496456,0.6564555886102426,0.9564872444878064
0.8024730649885221,0.352407768919865,0.325836954150064,0.3904849692711072,0.6449638759030449,0.9568145729145633
0.8000104814250002,0.35323836705085787,0.32845808342345806,0.3970726733380252,0.6525626859328213,0.9569649490997917
0.7984910896916029,0.35927975315434335,0.3339433523991635,0.44015332261948226,0.6397960050998108,0.9572036906722163
0.7825450171294821,0.35270232651294753,0.3268939561115976,0.40529286906786277,0.6539226519336125,0.9613046640665208
0.7959256612050134,0.3505694569157402,0.3242387896189535,0.4151708116161168,0.6555036124096887,0.9577238505341403
0.7939278143914836,0.35354699027499376,0.32844040522927487,0.40989939354668037,0.6595835104121761,0.9579199153894906
0.792408798125567,0.3519030600355176,0.3274200810385951,0.42561536707911873,0.6473438164046001,0.9581587676954832
0.7918275807252115,0.347931027380368,0.3228393061223568,0.41815377903891204,0.6358351041224068,0.9584860961222399
0.7893649521055917,0.3486130665582372,0.3221337587019234,0.402464212233526,0.6462728431788491,0.9586363615739005
0.7878455365925885,0.35507497515941977,0.32969371549160936,0.42451132763215416,0.6248533786654207,0.9588751031463252
0.7718995028287741,0.35111125279448707,0.3266691506591618,0.430384104309828,0.6293242668933772,0.962975899366921
0.7857523179103905,0.349715415470349,0.3272082060995458,0.4282884823347137,0.6340841478962602,0.9594374082041975
0.7842112776607983,0.3478299987101886,0.32279919983982275,0.4240475619701356,0.642175945601366,0.9596802469186351
0.7822352420660388,0.3494677498698478,0.32488839851408435,0.4201900752242278,0.625584360390917,0.9598732555275109
0.7802310185631502,0.34728266204198777,0.3235620027413042,0.42195396517258477,0.6227624309392468,0.9600688110084488
0.7787119678793806,0.34481900427490053,0.32161501979395546,0.4244456483441177,0.6160305992349322,0.9603075525808734
0.7627655339298101,0.343689162391045,0.3226350828068572,0.41812209096644937,0.6210964725880785,0.9644087917357408
0.7766154350708971,0.3465997682344449,0.3215303229392398,0.43310614150185667,0.610760730981724,0.9608692375307654
0.7750857768050547,0.3452260958560509,0.3228332370590727,0.42727013569523575,0.6252443688906624,0.9611083223772506
0.7735420087842253,0.3449822671494407,0.3234978858101537,0.4342066071060624,0.5877603059922194,0.9613507735242006
0.7718729798060266,0.34170016022339667,0.31815008488056445,0.42115302730094206,0.6052868678282266,0.9616251713054939
0.7705020235086075,0.3449575436784599,0.32178863661525636,0.42292827412739986,0.6131746706331569,0.9618237165927656
0.7689706850257947,0.3422585820463618,0.320789421343811,0.42650362584217105,0.5980960475988013,0.9620627239257531
0.7674286566709534,0.3421824913985457,0.3204772806984265,0.4364497890777568,0.6149596260092949,0.9623053633197685
0.765717358189701,0.3419838472130974,0.3208775489235779,0.4166485161782105,0.5855843603909534,0.9625903250834409
0.7643893691390686,0.3421353884304383,0.32058941892680987,0.4253515777741448,0.6000169995750184,0.9627783506817605
0.7628586501775967,0.3381034619689259,0.3195970628920959,0.43442342023343783,0.5880662983424827,0.9630172029877532
0.761316765751956,0.33903125187620714,0.31756538309003146,0.4490550104540858,0.5921631959200795,0.963259820235055
0.7593594321923458,0.33829976218052005,0.31720152924458483,0.43690493780778983,0.589834254143625,0.9634550878087162
0.7573353339442135,0.33830295899611984,0.3159806736412348,0.44399027962420834,0.5764555886102016,0.963648937992708
0.755816280131548,0.33637981873912515,0.3162276415775014,0.439685387474245,0.5999660008499177,0.9638875688315649
0.754297261988293,0.33090942716962135,0.31116955320494566,0.4406789157612303,0.5813344666382818,0.9641264765043415
0.7527781862733587,0.33663387797082595,0.3168023167974009,0.4381906078856366,0.556957076073104,0.9643652734435502
0.7512592388431458,0.3336620999524089,0.3139677300246919,0.44652163245036536,0.553710157246087,0.9646042364831108
0.749740119323671,0.33206122302369484,0.3144149615557377,0.4414412561310763,0.5764045898852146,0.9648428119551835
0.7482211437333981,0.33518198552214423,0.31601365508251733,0.43260234880093806,0.5554441138971242,0.9650817196279602
0.7467021212096894,0.32611830527722385,0.3109816889145128,0.4300076595392197,0.5449553761155812,0.9653205719339528
0.7451830548814407,0.33213283848725683,0.3153643095785356,0.4512503426421748,0.5745346366340982,0.9655593135063776
0.7436640761622719,0.32812116031247124,0.3098004105980276,0.4404024591691442,0.5661708457288341,0.9658027058886546
0.7421449710357182,0.3265300865940108,0.30879275131621425,0.43754008908478137,0.5513302167445318,0.9660541264546055
0.7406259954454439,0.3288127917250679,0.3116869707304261,0.4586763908016116,0.5427964300890835,0.9663055470205567
0.7391069635350487,0.3285764222548571,0.31328117996755817,0.4454587319044925,0.55847003824897,0.9665569675865076
0.7375879097223828,0.3258160756842875,0.31088538292889806,0.4362730029892814,0.5467743306417105,0.9668083881524585
0.7360689310032136,0.3267884100344394,0.31173446524536075,0.46115238877436937,0.526765830854174,0.9670651792964534
0.7345498678038616,0.32731357996896804,0.31173446524536075,0.4574608871699324,0.5363365915851546,0.9673647135976634
0.7330308296356742,0.32676539045902164,0.3104732421816985,0.45698040386567484,0.5449553761155812,0.9677719916604547
0.7315118071119655,0.32789139902484254,0.31070569704431306,0.45211283002799885,0.5315767105821578,0.9682044062431627
0.729992779582024,0.32098339250720065,0.30657241705026966,0.4629679008959109,0.537917552061117,0.9686365993587349
0.7284737414138367,0.3251012119328187,0.31209066746725767,0.44728079607109206,0.5339566510835994,0.969069013941443
0.726954671956693,0.3213926161927149,0.3073552730930182,0.4587341679262147,0.5248448788780706,0.969501317790583
0.725435646304089,0.32091668043669364,0.3060597472055859,0.46113360624520294,0.5039184020399716,0.9699334001725872
0.7239166362959626,0.3209942622166183,0.30771385026199893,0.4742264586113072,0.5239269018273944,0.9703655932881595
0.7223976200300455,0.320747662221317,0.30744603901101797,0.4653133344798752,0.505737356566101,0.9707980078708676
0.7208785912485456,0.3201010025664279,0.30620249192816795,0.45959816426787037,0.5093922651932417,0.9712302009864398
0.7193595048953654,0.3173076204467325,0.3040196256065245,0.4666033725877605,0.509749256268492,0.9716626155691477
0.7178404980161353,0.31673555851962265,0.3055966834317715,0.45116417332232017,0.5243348916277455,0.9720422102399603
0.7163214629768437,0.3181686973895426,0.30540011173982157,0.46205109110015075,0.5081172970675425,0.9724200331736863
0.7148023841330127,0.31735088830887703,0.304918049496022,0.45998322597046437,0.49145771355711076,0.9727978561074122
0.7132833647382002,0.31603561502888095,0.3054317740119877,0.4740956956756941,0.4949936251592817,0.9731755683075702
0.7117643453433873,0.31705228105844924,0.3076824513809819,0.4821547508064674,0.4997025074372914,0.973553391241296
0.7102453009174088,0.3147275900097582,0.30284863946519286,0.49359799677377314,0.4815299617508799,0.9739311588082381
0.7087262846514912,0.3159239303067023,0.3056053908332885,0.46339013056319756,0.4822269443263849,0.9743091478423158
0.7072071820280534,0.314454133545148,0.30342542624102714,0.47545331912108724,0.4740671483211827,0.9746869707760418
0.7056881845355103,0.3116098115634542,0.3007372760937295,0.4722002088950801,0.4861878453037889,0.975064572242632
0.7041691401095322,0.3117393995257485,0.3008420260897122,0.48534774105539635,0.4665703357414941,0.9754423951763578
0.7026501019413454,0.3129819920945683,0.30119031551028136,0.46475097046707403,0.48350191245219776,0.9758202181100837
0.7011310669020543,0.31009760031787936,0.3006140577301163,0.47339970965307265,0.46874628134298746,0.9761980410438097
0.6996120694095107,0.30790398764842,0.29976576558710083,0.4687773411380236,0.459277518061981,0.9765758086107517
0.6980930062101578,0.30989043075445316,0.29938343894728175,0.48177830603585914,0.4881597960051067,0.9769535761776936
0.6965739617841802,0.30766591285230366,0.30023436942853016,0.4818823048601444,0.47741606459828745,0.9773313991114195
0.6950548535287306,0.3047947354740579,0.29702247151468986,0.47645474957150635,0.4647683807904741,0.977709831079769
0.6935358529072904,0.30949079733694534,0.300847039375029,0.46298434057260196,0.4626774330641865,0.9780921387229956
0.6920168460280607,0.30805062618787715,0.2995512523098186,0.48973852455966593,0.4514237144070421,0.9784742248990861
0.6904977890864994,0.30734194366173917,0.30028503127736694,0.48489862814868956,0.42356141096468036,0.9788565325423125
0.6889787196293558,0.30346475666351,0.2972227373228401,0.49224716362962173,0.4504887377814839,0.9792386740851873
0.6874596845900647,0.3013591697776915,0.2932034426152802,0.48945829557800113,0.45106672333190545,0.9796209263616298
0.6859406683241476,0.30365231766091505,0.29631111952880695,0.4797376815298684,0.4186485337866088,0.9800031121979316
0.6844216019958997,0.2997781146969521,0.2942512092863131,0.4853973380510177,0.42517637059074787,0.9803854862812987
0.682902570085504,0.3026874436199195,0.29704437060737154,0.4961722357130376,0.45269868253285495,0.9807675724573894
0.6813835801023105,0.3013195262247764,0.2950741693982247,0.4826885637865612,0.40690182745424863,0.9811498911739728
0.6798644887428971,0.2999997778499227,0.2949187597667762,0.48080101887874505,0.4203654908626504,0.9815320770102746
0.6783454693480842,0.30091158072912355,0.29453168544616043,0.4894863303889767,0.4121716957075705,0.9819143292867171
0.6768264593399578,0.2990504627712408,0.2933949999152279,0.4717692828770801,0.4190395240119642,0.9822964708295917
0.6753073523360662,0.2996732509744477,0.2952184988944433,0.5005939131024899,0.42240543986395096,0.9826787784728181
0.6737883485857314,0.296409474210012,0.29267256757277793,0.4926895259444506,0.42124946876322156,0.9830609753824767
0.6722692728707966,0.29567883825003455,0.29240079792909923,0.47276221552360553,0.4109987250318454,0.9834432276589192
0.6707502597337753,0.2968555712325072,0.29408049419439425,0.5019395840293226,0.39631109222273153,0.9838254799353618
0.6692312528545443,0.29598511714273057,0.2933512017298645,0.4921572219201886,0.3807564810879285,0.9842076657716636
0.6677121884036339,0.29561681537878565,0.29176095066409313,0.5079511846434994,0.4251593710157522,0.9845898737546789
0.6661931252042814,0.29522847844915395,0.29335384006809745,0.49225820283281063,0.3726986825329277,0.9849721260311215
0.6646741277117383,0.2928144814602396,0.28972056500987137,0.4996781754595576,0.3832894177645585,0.985354378307564
0.6631550269656379,0.293513146582327,0.29047466050983584,0.48292904369487366,0.3747216319591189,0.9857365198504385
0.6616360169575115,0.29337375469460775,0.28999339021018034,0.49815258140449403,0.37290267743298955,0.986118882860449
0.6601169506292641,0.289569886697918,0.287747197794845,0.4994687085645195,0.3517722056948287,0.9865010244033237
0.6585979218477642,0.29101751797734976,0.28653584220116735,0.5020238472997058,0.3730046748830773,0.9868832766797662
0.6570788711639945,0.2857257363215716,0.28604480916470165,0.49260986896029024,0.371950701232322,0.9872654182226408
0.6555597954490597,0.2905428604111899,0.2889355974111881,0.500430787035226,0.3651508712281384,0.9876475597655153
0.6540408136009948,0.2883430666951925,0.28663689874496107,0.49595157077735497,0.37351466213340245,0.988029812041958
0.6525217704265742,0.2839816313264185,0.2847350360294745,0.4895341404632185,0.34330641733947687,0.9884120643184005
0.6510027009694306,0.28815891581322,0.288259339529208,0.5025619886004742,0.354305142371345,0.988794316594843
0.6494836940902009,0.28257172479537074,0.2828933325164518,0.5094120127258981,0.33019974500632543,0.9891765688712855
0.6479646215041606,0.2858823924438722,0.2875152697145287,0.5220511458990731,0.3675308117296936,0.9895587104141601
0.646445577078183,0.2835875397711216,0.28421234049950556,0.5289240426181543,0.3429664258393359,0.9899410180573865
0.6449264982343519,0.2806686200616485,0.2834801447562341,0.5004326136659698,0.3348576285592344,0.9903231042334774
0.6434074663239566,0.2790150975874448,0.28080835518336295,0.5131953620892398,0.3429664258393359,0.9907054229500606
0.6418884187690828,0.2789183331259933,0.2819529555076572,0.5141817426907074,0.35405014874629614,0.9910877195199304
0.6403693430541475,0.2775802548219619,0.28289306868262853,0.5254554296737834,0.3505312367190072,0.9914699164295888
0.6388502817321329,0.27667463343628107,0.2816125833151578,0.5112755334685013,0.33327666808327194,0.9918520026056795
0.6373312592084246,0.27618931820898657,0.281016536227549,0.5161107044651632,0.3409774755630224,0.9922342548821219
0.6358121694134589,0.27323224679387825,0.2801130988313976,0.5087263114285496,0.2986315342116086,0.9926163964249967
0.6342931860009462,0.2768389619160211,0.28060967259948955,0.5175018426137625,0.3393115172120815,0.992998759435007
0.6327741115375694,0.2746481205352528,0.27859118670196076,0.5177583651051265,0.31092222694439897,0.9933401953183161
0.6312550971489892,0.27406987774039776,0.28079094082300304,0.500606540680238,0.3261878453038207,0.9936416785303214
0.629736038330091,0.27333370009700225,0.2811128430985122,0.5085745025300228,0.3219379515511491,0.9939433167693219
0.6282169457191191,0.27236669556077814,0.2786867020714541,0.513245594434685,0.283178920527007,0.9942447335411866
0.6266978865873316,0.26806707155134846,0.2750869366754999,0.512594718249554,0.2787930301741426,0.994546150313051
0.6251788124368449,0.26962873027526335,0.2787692884769205,0.5218566097248947,0.270208244793821,0.9948476224516996
0.6236597820908965,0.27055182865897986,0.2810384362055791,0.5164165856959644,0.2510497237568643,0.9951491499571321
0.622140735787581,0.26593036506025014,0.2761571300625937,0.5192424231654582,0.27207819804505107,0.9954506663892078
0.6206216772815716,0.2663798734497277,0.27554287704675395,0.5335783771712137,0.27488312792183933,0.995752105307786
0.6191026481871829,0.2664576679931068,0.27473205251603394,0.5247819191511789,0.28661283467909016,0.9960535663730778
0.6175835893682842,0.4064662979648836,0.38185403198949686,0.5262952827221341,0.13133871653212736,0.9963549831449423
0.6160645590223366,0.48193130500985704,0.4522326959429839,0.5151510482656598,0.2503527411813593,0.9966565770905156
0.6145454379384141,0.49935743648858916,0.471779165600744,0.5282587122245317,0.23807904802379198,0.9969580935225912
0.6130263822484117,0.5432974702353761,0.5181635731634432,0.5227163571646036,0.35376115597102853,0.9972594549276721
0.6115073174846115,0.5965219826307068,0.5686443151314408,0.4021852142421445,0.7986400339990496,0.9975610931666723
0.6118356090396921,0.5710939249096623,0.54155030790868,0.7148234698383753,0.9304377390565151,0.10233712470128223
0.8788531524438405,0.5651790293616785,0.5467785779507432,0.34691994516772207,0.7934041648958328,0.10579547798090552
0.8913907421788982,0.6026544869184267,0.6276091826034174,0.6886565079259694,0.9264768380788837,0.9363946385896323
0.923878435045626,0.614113300794709,0.6381748418778823,0.6850323534028564,0.9319677008073768,0.10594982950122221
0.9239480467163106,0.6117402194696153,0.6370151904094457,0.712354381294952,0.9273268168294635,0.10595061570955441
0.8934888494476789,0.6220562969239518,0.6473498401525597,0.7465415625801508,0.9300807479812647,0.10624536078395212
0.8631284361084335,0.6168196161754436,0.6411893646460993,0.7564202596063205,0.9242668933276263,0.10653957433722386
0.8633412538917762,0.6122084957412802,0.6346881406740696,0.7505293754586682,0.9306927326815639,0.10653796870048907
0.8633389313125273,0.6087637660189873,0.6284680369528486,0.7376570689001543,0.9290267743306231,0.10653889886245957
0.8633317839761667,0.5972489899904271,0.6192083329699716,0.7422646258224357,0.9346366340839722,0.10653941931022877
0.8631726836993252,0.595982958040651,0.616418068951553,0.7197760217149862,0.9218869528260711,0.10654193296222043
0.8923672298393188,0.5946419046241151,0.6165108091964857,0.6804277746828742,0.9283467913302275,0.10626131749108868
0.9243542825041144,0.5877183315097062,0.6064045350732318,0.7076311907047368,0.925728856778619,0.10595376054288318
0.9099969746113352,0.5969290759997853,0.6215918457995774,0.6817446960301794,0.9288227794304476,0.10748925863573312
0.9249662485008066,0.591521469316524,0.6157768996400483,0.6701970541449489,0.9317127071822142,0.10598874127698754
0.9245569420148008,0.595359006861675,0.6185568714833131,0.6891267859236818,0.9373565660858958,0.10595626312151808
0.9246265943611296,0.5919723490469216,0.6117515303357768,0.6952997256837425,0.9272588185294808,0.10595703825649347
0.9256339973880272,0.5916384713371332,0.6114639249079359,0.6857218270897838,0.9251168720780925,0.10602570414195756
0.9247599572809246,0.5908757590515027,0.6176038160640889,0.6988100334603013,0.9215469613259302,0.10595876570015295
0.9248291183906341,0.5952397520515493,0.6171840281200818,0.6900365274526519,0.9264768380788837,0.10595950761505797
0.9104717419750408,0.5969933341388546,0.6196808876786373,0.686719127766348,0.9249298767530263,0.1074950278546215
0.9254410771908668,0.5912113352930695,0.6143198817776573,0.6786445462742552,0.9299957501061726,0.10599448834916234
0.9250317916684625,0.592486968417214,0.6162563157988163,0.689814155014318,0.929281767955672,0.10596201019369288
0.9251013595346076,0.5863770635417878,0.6097459727382635,0.6754670426772815,0.9268508287292434,0.10596281854873864
0.926108793850462,0.5899804718907473,0.6138041884681865,0.6667958279912658,0.9267488312791556,0.10603145121413234
0.9252347568722552,0.5919962178882288,0.6127177774461655,0.6714148609197395,0.9256268593284176,0.10596451277232774
0.9253039492709219,0.5947819351597831,0.6132049846708565,0.7102625317094164,0.9279558011048721,0.10596528790730314
0.9109465227929974,0.5897356866425565,0.6125602518320403,0.6702249301184686,0.9313557161070776,0.10750078600015309
0.9259157985598065,0.5936610472202919,0.6176886545745486,0.6909356665814372,0.9251168720780925,0.10600027971476429
0.9255065014604877,0.5950436699671939,0.6161617384559532,0.7002064529543113,0.9268508287292434,0.10596779048593803
0.9255760724555291,0.5956202052906296,0.6165381221946351,0.6909615967961216,0.9216319592010223,0.10596856562091343
0.9265835609012782,0.5885094003363951,0.6114099629229369,0.7011134148278022,0.9314067148321783,0.1060372259696991
0.9257094676029496,0.5929361496158332,0.6138074863909777,0.67464291453707,0.9302847428813266,0.10597028199121612
0.9257786161970771,0.5917295841575831,0.6155100113647747,0.7125245359196415,0.9179770505736542,0.10597106819954831
0.9114211690684413,0.5960149261966488,0.6176770565105045,0.6815074722897139,0.9288567785804389,0.10750656629239824
0.9263904873882303,0.5936925862735246,0.6175034396892036,0.6727912668942995,0.9297917552059971,0.10600603786029586
0.9259811840311207,0.5986441997517712,0.6186035736114295,0.6734706146934097,0.9255248618783298,0.10597353755811281
0.9260507362527877,0.5931820076209366,0.6159638409547739,0.6937474072267151,0.9259328516786809,0.10597433483980179
0.9270580986040424,0.5993782515485515,0.6177741349625987,0.7048684911239842,0.9319167020823897,0.10604300072526589
0.9261840741414176,0.5917824353148143,0.6143295320752207,0.7029311903830908,0.9286187845303857,0.10597605121010449
0.9262532571533972,0.5897296076867181,0.6097137903239122,0.6973397148399096,0.9197620059497922,0.1059768208084015
0.9118957715393456,0.5899758947945866,0.6176964456404714,0.6867671760967737,0.9321716957075523,0.10751232443792982
0.9268650188332028,0.5926004660985751,0.6183578008955033,0.7012554552227881,0.9284657883551972,0.10601179600582744
0.9264557186049895,0.5977245073712525,0.6194410467969931,0.6622111833720057,0.9301317467062518,0.10597931785035797
0.9265253043058399,0.5946999765316546,0.6172290259525275,0.6859866885475852,0.93106672333181,0.10598009298533338
0.9275326747922232,0.5895742367271989,0.6142912628906173,0.69735794143798,0.9357076073097232,0.10604874779744068
0.9266585890032437,0.599009509239101,0.6159119816722256,0.6846773516888016,0.9257968550787155,0.10598180935563606
0.9267277720152229,0.5977056447288713,0.6188063405288107,0.6974175849026905,0.9299447513811856,0.10598257341725467
0.9123702538606557,0.5943235818895605,0.6205460722691306,0.6639917909626014,0.9297917552059971,0.10751806043674783
0.9273395243083415,0.593896124018423,0.6178117401359018,0.6967663116239198,0.9306417339565769,0.10601756522471582
0.9269301959200669,0.5936093582163828,0.6167832308992611,0.6919366205194883,0.9353166170844815,0.10598505384917599
0.9269997919462738,0.5922576308685659,0.6171366619806651,0.6589024403270514,0.9345516362091075,0.10598585113086496
0.9280071029836385,0.597947658688371,0.6201848501218039,0.6694092203634225,0.9259668508286722,0.10605451701632904
0.9271330328391376,0.5991482703457557,0.6180836527633471,0.6878735583962134,0.9290267743306231,0.10598755642781084
0.927202203335534,0.5939378006244804,0.6162622697668084,0.6881329796711484,0.9272078198044937,0.10598835370949984
0.9128446958192131,0.597211801084121,0.6209310217535856,0.6964358105874455,0.9290267743306231,0.1075238296556362
0.9278139744020271,0.5948250957462364,0.615878758973504,0.6857017341516056,0.9331746706332069,0.10602332337024738
0.927404608467004,0.5923915824483954,0.6133727803264253,0.6775889522513563,0.9319677008073768,0.10599081199470754
0.9274741919776277,0.5961928965684616,0.6202504101708469,0.680212589639422,0.9284657883551972,0.10599163142311013
0.9284815092727849,0.5923432011116336,0.6134639490779472,0.6829962954737243,0.9334806629833565,0.10606026408850383
0.9276074015815357,0.5959775227389601,0.6156416848056108,0.6737310684118085,0.9261368465787427,0.10599332564669922
0.9276765345311841,0.5931805236405407,0.6134829398011339,0.69551804776695,0.9209179770505216,0.10599412292838822
0.9133190216957403,0.5978901231592877,0.6183688677505071,0.6885278892960116,0.929281767955672,0.10752960994788135
0.9282883024687822,0.592292477588946,0.6215273481686148,0.6793544305742725,0.9268508287292434,0.10602907044242217
0.9278789365337583,0.5961139416596887,0.6190778547494757,0.6878828106780228,0.9246748831278637,0.1059965922869527
0.9279484668531564,0.5962505572525179,0.6158670059734899,0.6833386299006665,0.9319167020823897,0.1059973895686417
0.9289557572398097,0.5967773166552055,0.6186033080069093,0.6855469073414155,0.9261368465787427,0.10606602223403541
0.9280817296482899,0.5919488020326884,0.6177657020190856,0.699131679308606,0.9286187845303857,0.1059990837922308
0.9281508031489216,0.5918220915620196,0.6132996948159797,0.7097659661127436,0.9253718657033687,0.10599985892720622
0.9137932777978945,0.6005256723423493,0.62154250975997,0.670405131212247,0.9214279643008467,0.10753535702005614
0.928762558570936,0.59412973471544,0.617695781629171,0.6942998438985193,0.9236549086272134,0.10603482858795375
0.9283531519602688,0.5912346856352021,0.6140606517660465,0.6693475120117849,0.929281767955672,0.10600233935912749
0.9284227041819366,0.590074248724197,0.6119557580780184,0.6772410982228194,0.9284147896302102,0.1060031366408165
0.9294299445062597,0.5928748773168375,0.6144732019868812,0.6629652641941419,0.9260858478537557,0.1060717914529238
0.9285559200436357,0.5966441160052149,0.613703015279741,0.6886659587545985,0.9276668083297182,0.10600485301111917
0.9286250154465368,0.5996590456704443,0.6234491296737487,0.6980548407759735,0.9229069273267214,0.10600560599938098
0.9142674484811972,0.5959154995101256,0.6172124035363116,0.6780669338656824,0.9380365490861777,0.1075411151655877
0.9292367051617418,0.5944851390806094,0.6205195339508314,0.6960888301649166,0.928567785805285,0.10604059780684214
0.9288273204533457,0.5969447382507104,0.6200691572195933,0.6660167699791808,0.931100722481915,0.10600808643130229
0.9288968382571601,0.5957907021226176,0.6191423745141484,0.7187290446240728,0.9283127921801224,0.10600888371299128
0.92990406700457,0.5966393243576716,0.6176246660189162,0.7101343498824624,0.9327156821079825,0.10607757174516895
0.9290300103143201,0.5941808873408927,0.617658309258128,0.6903807679290659,0.9299957501061726,0.10601060008329395
0.9290991003980986,0.5878566635135958,0.6114451997892694,0.6951748397339996,0.9229409264768265,0.10601136414491256
0.914741488376662,0.5947837409672527,0.6155212331557486,0.6932903524472109,0.9267488312791556,0.1075468622377625
0.929710747560323,0.5935331567170192,0.6163156784090572,0.6766325125103358,0.9283127921801224,0.10604635041569531
0.9293013378207609,0.5924587370311288,0.6160714993202516,0.6823998211172573,0.9324776880577019,0.10601385565019066
0.9293708337223059,0.596237666290284,0.6162684672056107,0.6948415987514107,0.9341946451338572,0.10601465293187963
0.9303781112804881,0.5963754619157171,0.6190778547494757,0.6800406083839892,0.9307947301316517,0.10608330774398694
0.9295040214239441,0.5966663935904348,0.6187444768093389,0.6880666650332883,0.9307267318315553,0.10601636930218233
0.9295730698934097,0.6019493280411612,0.6181489472078701,0.6898040688358649,0.9216829579260093,0.10601714443715772
0.9152155138792053,0.596094113536086,0.6199646639746468,0.6862422977235774,0.9339566510836903,0.10755262038329408
0.9301847408352413,0.599355759411949,0.6252114156645665,0.6850622545539393,0.9244368890776968,0.10605211409790528
0.9297753217089921,0.5958566766727472,0.6185063402233654,0.6749078951229635,0.9344666383339018,0.10601961379572224
0.9298447988371632,0.5994781073378397,0.6192715247120437,0.7099715414901107,0.9290267743306231,0.10602041107741121
0.9308520670086584,0.5993287974548771,0.6194804890682271,0.6660835611294091,0.9337356566085191,0.10608906588951852
0.9299779167644284,0.5929585344767444,0.6153532825642097,0.6697062464060546,0.928516787080298,0.10602211637435713
0.9300469996517471,0.5967078377658279,0.6182026435883489,0.6989127218755751,0.9220909477262467,0.10602288043597574
0.9156893766791754,0.5982980747338964,0.6193734947140495,0.687376039774805,0.9253718657033687,0.10755838960218246
0.930658620531247,0.6029487262602918,0.6259579857031283,0.7076530705642945,0.928516787080298,0.10605786117008008
0.9302492452095383,0.5976974381384893,0.6168440543343625,0.7023417842934139,0.9306417339565769,0.10602536086789703
0.9303187254666048,0.5930875871333393,0.6125083925494921,0.692915694597982,0.9317467063323193,0.10602614707622922
0.931325889445874,0.5965502318960739,0.6159291352974816,0.6943637759745405,0.9220569485762553,0.10609482403505009
0.9304518349458508,0.5973889132504038,0.618507933850486,0.6652035222047021,0.9325966850827854,0.10602787451988871
0.9305208771575257,0.5955086206924296,0.6181361539234855,0.6951251633196505,0.9224309392265013,0.10602862750815051
0.9161632341600225,0.6019514556757047,0.6244916052814041,0.6802764025873509,0.9275478113046347,0.10756413667435726
0.9311324101150591,0.5936145789666912,0.616625993023366,0.6818502435196601,0.9254568635783471,0.10606359716889806
0.9307230128910793,0.595124663114101,0.6167484145734189,0.6992656189933384,0.9280067998299728,0.10603109686671502
0.930792458730294,0.595419206403758,0.6186303554005388,0.6751380903060034,0.9264768380788837,0.1060319052217608
0.931799674023452,0.595154396359864,0.6170726955587427,0.6931691594683187,0.9217169570760007,0.10610057110722487
0.9309255807251233,0.5990992453548464,0.6189142644988084,0.6784060915435057,0.9350616234594327,0.10603361051870668
0.9309946354523806,0.6002573222006435,0.6227198460627028,0.6898277753261657,0.9256778580535183,0.1060343856536821
0.9166370196762688,0.596928110518564,0.6198675633888426,0.6899611193704382,0.9256268593284176,0.10756986159981845
0.9316061771708211,0.598949309697018,0.6223220811601533,0.6738876424340141,0.9346026349340946,0.10606936638778644
0.9311967705601543,0.5610520441222058,0.5343878482036524,0.7025221839340123,0.9209179770505216,0.10603686608560338
0.9312661538214559,0.530727244438998,0.48964737768435973,0.6810012573175921,0.9275988100297354,0.10603766336729238
0.9322733534701357,0.4985230997997556,0.44774110217110885,0.6826909701740189,0.931100722481915,0.10610630156936449
0.9313992476562243,0.46340121727157224,0.4139714440612312,0.680579583581401,0.918827029324234,0.10603935759088147
0.9314682898678988,0.4114722555203981,0.3689763561954932,0.3227520320572108,0.80453888652778,0.10604013272585688
0.9306988099444657,0.4072224038558603,0.36600271881640245,0.31892563774330585,0.796549086272762,0.9385806299538422
0.9291795840425388,0.41085309598896547,0.36981989844434104,0.31757091308148344,0.7981640458988295,0.9388586819428767
0.9276604063256051,0.41101636065143377,0.3664502137385974,0.3137600451288982,0.8079388015299855,0.939136955399047
0.9261412242282177,0.4112573107936617,0.3694315049546088,0.32954003015608535,0.8039439014023628,0.9394152288552173
0.9246220828064753,0.4097678003359088,0.36590218750554726,0.3232816755540857,0.7906502337441452,0.9396933915778197
0.9231028475178609,0.40838709603595225,0.3663510038102296,0.32457874221939687,0.8031789205269888,0.9399715985938495
0.9215836591626814,0.41028870784963767,0.36828373707507533,0.30763896579820593,0.806323841903918,0.9402498277565926
0.9200645146120427,0.4099423611286676,0.36872938825922663,0.3192316381021991,0.7960390990224369,0.9405279240390544
0.9185453356435507,0.4091797561187283,0.3676813615171011,0.3403397858799617,0.7850913727156694,0.9408062085685815
0.9170261660617469,0.4043850083079659,0.3620865904378743,0.31699199026389935,0.7906162345940402,0.9410505421861859
0.915506974577672,0.4070052170671763,0.36482064589972796,0.31794418110297307,0.7801784955375979,0.9412892837586108
0.913987776835806,0.4033034440610372,0.3627525605714428,0.3114227519645514,0.7798725031873346,0.9415281360646032
0.9124686291562711,0.406004431415772,0.36385072016673586,0.3321864210097163,0.7760815979600011,0.9417669883705959
0.9109494001254488,0.4032385422678203,0.36287023665407003,0.3262219157012296,0.780688482787923,0.9420056192094527
0.9094302649614963,0.40369113840927817,0.3627522949669227,0.33343702771916117,0.7712027199320346,0.9422444715154453
0.907911107895274,0.4046804169548658,0.3642480844491342,0.3185276307880518,0.7847853803654061,0.94248321308787
0.9063918819933474,0.40349675485670133,0.3638248613533338,0.34333518233368543,0.776030599235014,0.9427219546602946
0.9048727530871852,0.40339509325994344,0.3613762931232732,0.30570535802816323,0.7768805779854802,0.9429608069662874
0.9033535303141549,0.403025617899936,0.36376048545777623,0.3431048680225537,0.7776965575860686,0.943199548538712
0.9018343795057242,0.39943339482971935,0.3590833979158101,0.3259933883114774,0.7708627284317799,0.9434382901111367
0.9003151536037977,0.3987406978119228,0.3593042458608966,0.32965411515882326,0.7625499362515029,0.9436770316835614
0.8987959589908279,0.39775323222551756,0.3600459398431437,0.33080151723126305,0.7833404164895228,0.9439157732559862
0.8972767956668144,0.3954170287072253,0.35740871493583193,0.35956459794249107,0.7632129196769029,0.9441545148284108
0.8957575979249479,0.4014784521219114,0.360212429609822,0.3392486519762936,0.7631109222268151,0.9443932564008355
0.8942384471165172,0.39771870196842674,0.3608142828122401,0.3521249691805699,0.7661368465787746,0.9446321087068281
0.8927192399879647,0.3993089228451416,0.35966809970634317,0.34718464778806757,0.7546111347216993,0.9448707395456849
0.891200061019473,0.39625380770596336,0.3583029168201455,0.3441678479871544,0.7599150021248988,0.9451098133188134
0.8896808789220851,0.3955033498801319,0.3570870767154831,0.35166831149470545,0.7577390565236328,0.9453483334241023
0.8881616936958028,0.3937129936858601,0.35553614109478726,0.3504158781545168,0.7535231619209526,0.9455871857300949
0.8866424584071884,0.39603598083898817,0.3587137383982285,0.33741066435473477,0.7541351466212518,0.9458259273025197
0.8851233482744014,0.3974194564276358,0.3602910596146246,0.353132792838591,0.7480152996174638,0.9460647796085123
0.8836041255013707,0.39023138973262217,0.35413322908651035,0.34545308126199714,0.7462813429663129,0.946303410447369
0.8820849215017139,0.38951439477075345,0.3547622558447049,0.3765451161711344,0.7501912452187298,0.9465422627533616
0.8805657331465349,0.38932811232079556,0.35325459162707423,0.34926510078613826,0.7329026774330032,0.9467808935922184
0.8790465260179823,0.3861949916627121,0.3516287201177761,0.3690345664851302,0.7505992350190809,0.9470197458982111
0.8775273971118205,0.39052829129955885,0.3535366525605581,0.3525659416676592,0.7421334466638427,0.9472585982042038
0.8760081837254763,0.38586824778639295,0.35040074188654546,0.3766936291924501,0.7510412239693096,0.9474973397766284
0.8744889922414019,0.39081325665791383,0.35640897288208834,0.3616252359679317,0.7459413514661719,0.9477360149089123
0.8739075939908783,0.3874693374785614,0.35219073042880916,0.38509771898691736,0.7415724606884169,0.948063299042242
0.8714448114295918,0.38860024854347325,0.3538308494072393,0.3425317427721115,0.7336676583084909,0.9482135091271185
0.8699251599978552,0.3838110450980212,0.3483864768875152,0.36739659492998,0.7286017849553446,0.9484523060663272
0.853978937561632,0.3830859508214618,0.34997778439526517,0.3533512737592541,0.7314407139821242,0.9525532130204908
0.8673594686840298,0.3843008355095697,0.35149520957900926,0.35008081054118434,0.7215129621758933,0.948972421634824
0.8653614184922827,0.3884030954901335,0.35440446884917143,0.3655338683746565,0.7291117722056697,0.9491685307836013
0.863842230137104,0.3842245338862275,0.3494305461222913,0.364689011946443,0.7268338291542022,0.9494071616224582
0.8632608162421009,0.380173850270097,0.34639622475047227,0.3716874696744552,0.7281427964300065,0.949734379315647
0.8607980180363373,0.3811538566201027,0.34715190281070224,0.3771907904295826,0.7203909902251553,0.9498846447673076
0.8592784354403045,0.3795175983804804,0.346327094534005,0.3677784798834547,0.7061113472162788,0.9501233309729483
0.843332189224475,0.37818314241895745,0.3448595365989084,0.3662745671411287,0.7298767530811574,0.9542242268537551
0.8567126627751924,0.37915995552921977,0.3464302619697222,0.37375422294195015,0.7064173395664284,0.950643612641797
0.8547145812944885,0.3795702457138981,0.3479949182772519,0.36626579137168735,0.7102422439437532,0.9508396110570063
0.8531953898104141,0.3793579596363769,0.34679754654022,0.3638333545712249,0.7143731406714551,0.9510783526294312
0.852614023787515,0.38206224929447463,0.3488228938878512,0.38640153624410645,0.7237909052272471,0.951405459589052
0.8501512152563953,0.3801007436744263,0.3485120724115832,0.3902739537108739,0.7071823204419161,0.9515557250407126
0.8486316201447801,0.3742435088104989,0.3417262664764997,0.3734836830450985,0.6905227369314844,0.9517944112463534
0.8326854089725817,0.37211319773852836,0.3412919610320984,0.3839675904878126,0.6989715257118405,0.955895262833733
0.8460658818975197,0.3738089224696767,0.3446239144023918,0.3803279493127443,0.6811389715256837,0.9523146929152019
0.8440677753856503,0.3746879037253594,0.344524704474024,0.37595821177138844,0.7025924351891035,0.9525106913304116
0.8425485870304716,0.3751039456750178,0.3439909279234768,0.37147383329619843,0.6977475563110147,0.9527494882696201
0.8419672116208861,0.3774041242282542,0.34519331294582545,0.38641241660983927,0.6882277943051349,0.953076650596025
0.839504390574183,0.3723216469221585,0.34263102171374493,0.3924693653176907,0.6914237144071649,0.9532269160476856
0.8379847860758818,0.3696800187832584,0.3389214938111712,0.38347432076835086,0.6649723756905814,0.9534656576201103
0.8220385883579344,0.37463760036579585,0.34562840856367405,0.3840336271601248,0.6974925626858521,0.9575663431071381
0.835419047828621,0.37063892579272,0.3404336423184494,0.37458331475266005,0.6877178070548098,0.9539857288951799
0.8334209694768124,0.368633084917399,0.33905896185728734,0.4029248408557893,0.6766170845728539,0.9541818158972437
0.8319017279304077,0.36959433768864297,0.3400011872522048,0.39121415232202295,0.6691032724181696,0.9544205131762413
0.8313204172889619,0.37083074903213187,0.3413312749278142,0.4010308630310071,0.6828049298767382,0.9547476865760028
0.8288575502474931,0.37028405065429415,0.3421951359224491,0.41007395591077267,0.6737441563960829,0.9548980627612315
0.8273379363625044,0.3684674780690047,0.3408157033537484,0.404557610484257,0.6676583085421726,0.9551367378935154
0.8113917802588695,0.3662325177722744,0.337358156672758,0.39732367622779474,0.6810029749256046,0.9592376448476789
0.8247721730840785,0.36642263354026694,0.3387404887574697,0.4105049613475007,0.672418189545283,0.9556568534620121
0.8227741354079141,0.3660912052920958,0.3371995797074074,0.39704177945284247,0.6755121121971115,0.9558529626107894
0.8212549032481964,0.3623242122415224,0.3353037853911936,0.39984391043203527,0.6800679982999327,0.9560916377430734
0.8206736226441489,0.3655108330747691,0.3387845525473532,0.39733336531260766,0.6729791755205952,0.9564188111428351
0.8182107067919078,0.3634365789152704,0.3360222611116425,0.41844564286422536,0.6665533361665439,0.9565690765944955
0.8166910929069191,0.3624902464047536,0.3335327964256006,0.41008721883834465,0.6433319167019818,0.9568078846070611
0.8007449308583814,0.3637004413572249,0.3364924497267084,0.4063435391296273,0.6496217594559539,0.960908614387516
0.8141253233707015,0.3626334773318777,0.3361045852326454,0.40671382894881725,0.6600934976623876,0.9573278783686331
0.8121272356322069,0.36058671078033805,0.33359110768461603,0.3987248608454832,0.6436039099022537,0.9575240428841945
0.8106080597926106,0.357854502623588,0.3315792176326695,0.4138462660709257,0.651491712707184,0.9577627844566192
0.8100266947083798,0.3572464210952069,0.3323670869607348,0.42102293942451685,0.6381640458988613,0.9580898914162401
0.8075638602074262,0.36000825879788506,0.3331441373313483,0.39306413217150626,0.6290522736931052,0.9582402122346847
0.8060442056467934,0.35761365439326676,0.3321272438657197,0.4242669562061705,0.6271143221418924,0.9584788984403255
0.7900980385920238,0.3570247573343407,0.3326359539896831,0.4090792760522317,0.6371100722482197,0.962579694660921
0.803478439239472,0.35794913587463967,0.3344317482040818,0.40473312587308485,0.6381640458988613,0.95899912474239
0.8014803734032467,0.3565475432096651,0.3309557309420899,0.41786747452455697,0.6382660433488354,0.9591950124240317
0.7999611099545723,0.3561958630989108,0.3310826434219034,0.4153145595137542,0.6159286017849581,0.9594337539964563
0.7993798806644135,0.3574597709899998,0.3314280288997195,0.41551171650595564,0.6373650658732686,0.9597609716896451
0.796916916627179,0.3552005127491974,0.3298127129567241,0.4027644150252767,0.6293582660432548,0.9599112814347329
0.795397308999982,0.3544257569792939,0.33198053942241723,0.4340967710052708,0.6121546961326203,0.9601500894472983
0.7794511873141992,0.3566975915069692,0.3333768577984829,0.42848893520412634,0.6276243093922176,0.9642507749343261
0.792831545721556,0.3498392473766356,0.3252804861200168,0.40104380828366737,0.6251423714406883,0.960670094282227
0.7908334704986442,0.35116645686521336,0.328041458386611,0.4103138401786255,0.6221844453888252,0.9608662034310046
0.7893142383389251,0.3487279480960156,0.3259947387285963,0.4253213986575137,0.6220654483637418,0.9611048342698613
0.7887329796371478,0.3502695730845863,0.32654777824696324,0.4180803167155336,0.6051848703781388,0.96143205196305
0.7862699824336197,0.3483374806711554,0.32670213431381534,0.42448376933354637,0.6043858903526598,0.9615823174147109
0.7847504311265441,0.3480921590445083,0.326290520348914,0.4294590349663585,0.597790055248538,0.9618210589871355
0.7688043069376449,0.3490041740613887,0.32665200146064777,0.43659818297098085,0.6007649808753968,0.9659219105745152
0.7821845915030643,0.34704927662392243,0.32416174438778755,0.4174106182918724,0.6049298767529763,0.9623412852892002
0.7801865444402121,0.34704266844134035,0.32548655538693105,0.4298701460117287,0.6079048023799487,0.9625372837044096
0.7786673247960771,0.34687279738421817,0.3261712594926502,0.4416262223485332,0.6059498512536265,0.9627760252768344
0.7780860967574768,0.34533778057822956,0.32372453721400424,0.42679465577084086,0.587250318742008,0.9631031322364553
0.7756230501173969,0.3441358977039033,0.3244319305858523,0.43010351794388724,0.581555461113453,0.9632533976881159
0.7741034331035128,0.34488912681842576,0.32579051762646766,0.42783146726457333,0.5703357416064136,0.9634922499941084
0.7581574118552807,0.34470966352657606,0.3235387822661351,0.41819547387109957,0.5878453038673115,0.9675929354811362
0.7715376416650255,0.3408324768859326,0.32088994822792427,0.4395789663787566,0.5826944326390731,0.9640123655626052
0.7695395476687401,0.3398978678205431,0.32132768439737674,0.4161941219260934,0.5783935401614144,0.9642083639778147
0.7680203655713522,0.3407838809977884,0.3204751691424918,0.43457360104804144,0.5853293667657908,0.9644471055502394
0.76743918947242,0.34133825137548,0.3205730599017431,0.4283403427640824,0.5917212069698508,0.9647743232434282
0.7649760971504627,0.3384022819828081,0.3200902063778108,0.4300640071267192,0.5866553336167044,0.9649245886950887
0.76345650829664,0.34147615427660444,0.3239580478545861,0.44810178717154847,0.5485762855928442,0.9651632195339456
0.7475104495016596,0.34000358443843093,0.32041263698497785,0.45086913274788754,0.5723076923076178,0.9692640157545412
0.7608906761825094,0.3390632200322049,0.3213247804546237,0.44406834823380903,0.5619719507012633,0.9656833351024422
0.7588925540261622,0.33639260600152426,0.3187010128429967,0.4620457303360124,0.5870463238418324,0.9658794442512197
0.7573733938310445,0.33336711862034596,0.3159376656293187,0.4552953370048347,0.5567020824478277,0.9661182522637851
0.756792259659314,0.33324285939922255,0.31706326881165037,0.4427467014721891,0.5656268593285176,0.9664551480708098
0.7543291723435908,0.33385818561262054,0.31637935930612054,0.4450303869951515,0.5640458988524415,0.9666180371492127
0.752809470849523,0.3330966462078812,0.31669017856901754,0.4607141562333952,0.5490862728431694,0.9668694023483797
0.7368635006022899,0.33243250955495646,0.31746617537503463,0.44716953043319707,0.5579260518486535,0.9709827114621498
0.7502437169577836,0.331968720983043,0.3175149868457148,0.4487968995881624,0.5301147471312788,0.9674148094637882
0.7482456398575348,0.3311982294218674,0.31740364100414975,0.46409012723158205,0.5355716107096669,0.9676247160151278
0.7467263451199035,0.33344938834797905,0.318049029000782,0.44975051996433946,0.5631959201018617,0.9679242503163378
0.7461452585073864,0.32897307233539075,0.3146511127479235,0.45875025021863003,0.5264088397789237,0.9684155751571766
0.7436821361480321,0.32950719442635557,0.3147854134601376,0.45486008266615996,0.5457543561410603,0.9687594028855527
0.7421624690718174,0.32773090565106533,0.31474953028947306,0.44982684136192486,0.5036634084146954,0.9691916624412656
0.7262166048941467,0.3282106783009776,0.3151569211425049,0.44303765198213085,0.5278368040798114,0.9734857330313
0.7395967245667654,0.32850118623671476,0.31424081795213865,0.46063497576160284,0.522396940076419,0.9700986700227004
0.7375985836370438,0.32952936116002784,0.3147276289834204,0.4694507325325359,0.5383765405864551,0.9704881753478414
0.7360793952818652,0.32698918543028765,0.31256112168684363,0.45109202140795346,0.50719932001698,0.9709203684634137
0.7354982911475325,0.3229905090692836,0.3093603016948622,0.4483636307176868,0.5248958776030577,0.971440926966182
0.7330351268609765,0.32330979013334693,0.3114505583604622,0.4566917167894806,0.5184870378238884,0.971784699327774
0.7315154816870306,0.3231663482306967,0.3112927737819299,0.4695511972234261,0.5120271993199594,0.9722062620208264
0.7155696215769254,0.3212429934223195,0.30731701276189877,0.4575547601064005,0.49378665533356525,0.9764460842359393
0.7289496370573181,0.32131247767548166,0.31017798734367896,0.4603529201491945,0.5138461538460888,0.9730043742115736
0.7269515743499877,0.3222392001896348,0.31153129770782856,0.449563290313135,0.498546536336562,0.973339520428225
0.7254323359324784,0.3214881022855122,0.3100946096580797,0.4613377123761022,0.4973225669357362,0.9737172769218103
0.7248513400579366,0.3220701819742582,0.3107344575870971,0.45769425910209094,0.49834254143650014,0.9741834209493052
0.7223880318421791,0.3223076170496689,0.3110911888046632,0.4689772380763402,0.4979175520611534,0.9744727013221264
0.7208684367305644,0.32001340302486697,0.309450804221713,0.47068894992041654,0.444844878877916,0.9748504135222844
0.7049225694239989,0.31360264883706535,0.3048008990890074,0.46041665367839557,0.49276668083291497,0.9790901803706132
0.7183026421631822,0.31765631382344905,0.307403294390251,0.46967520956716124,0.48197195070110865,0.9756485257130316
0.7163045450380001,0.3189300240308276,0.30819564800796384,0.45903250437785825,0.4958096047598701,0.9759837715898941
0.714785269073742,0.31444475586180304,0.30559932177000443,0.46257759755727057,0.4588185295366429,0.9763614837900522
0.7142043320224389,0.3148789166757166,0.3057732019824544,0.46940752874451674,0.47933701657461825,0.9768273952770545
0.7117409850083756,0.31456752305685376,0.3043824258873747,0.4599680172840568,0.4768380790478659,0.9771167974568004
0.7102213679944915,0.317516282393817,0.307999341920534,0.48694826668030555,0.45229069273261757,0.977497499463292
0.6942755735911943,0.314924315748261,0.3051167316372212,0.4634850359431295,0.46728431789199476,0.9817441317928317
0.7076555765560046,0.31169464071028813,0.3044103940433405,0.4696969305892629,0.4541096472587469,0.9783044149726885
0.7056574700441351,0.3119371912270369,0.3049581546718706,0.47533780458124575,0.4647683807904741,0.978643868725132
0.7041382316266258,0.31328208994072626,0.3047734577153398,0.46219368742623246,0.444793880152929,0.9790260656347906
0.7035572714214942,0.31194571678380756,0.3037122348553077,0.4827346266487875,0.4342541436463989,0.9794963510977254
0.7010939757213199,0.3111799131703403,0.3038109157880063,0.4728978230016252,0.43561410964719016,0.9797903487205397
0.6995743180317922,0.3084185018885349,0.30303333863509463,0.48381202111251587,0.43151721206970706,0.9801726009969822
0.683628539898752,0.309145727554287,0.30150192715999663,0.48801791781805637,0.45184870378227515,0.9844192333265219
0.6970084777825329,0.30893109821808284,0.3041072241906222,0.4960447686546354,0.4393710157245323,0.9809794057728108
0.6950103618839769,0.3062001652117163,0.2996224918688496,0.4789161742076802,0.4247853803653925,0.981319025625606
0.6934911109508848,0.3058804587995371,0.3000794887927508,0.48077806686635993,0.39909902252441043,0.9817012225352647
0.6929101995565254,0.30527877108114837,0.2994744704698017,0.49169246352407026,0.4230514237143552,0.9821713418978477
0.690446773694291,0.3049247494996394,0.2992475556748021,0.4808922709971901,0.4456948576284958,0.9824654502542299
0.6889272349027986,0.3060974328247667,0.3008924223340289,0.49379356539141517,0.3744156396089693,0.9828476582372453
0.6729814821138143,0.3069661819462235,0.30265734444970877,0.49222524406070023,0.4247853803653925,0.9870942241266443
0.686834735866602,0.29819258375254587,0.29515570113240924,0.484306799787809,0.4077008074797277,0.9836966967958766
0.6852928454960594,0.30326994883557423,0.29859029294275063,0.47975507423129526,0.40016999575016143,0.9840824925464924
0.6833149065940685,0.3039249207474012,0.2982309233869516,0.4904323662766321,0.3850063748406001,0.9844190118593862
0.6813116280176699,0.29953599033288686,0.29749318691205395,0.4927749804957533,0.4022779430514447,0.9847582441446936
0.679792364568995,0.3023332087385777,0.30021352611381585,0.5027257103081977,0.37336166595832765,0.9851405517879201
0.663846172795949,0.29891810427118526,0.2958087407525913,0.4996389823173011,0.3897662558435968,0.9893874055845957
0.6776952716881883,0.2970753161888423,0.2958855225926082,0.510794136848872,0.38742031449214664,0.9859885494510131
0.6761652852011908,0.2959733945915673,0.2938699384244614,0.49718466565728114,0.3955801104972352,0.9863709124610235
0.6746220569148629,0.29514556792805835,0.29362428965731124,0.4814051571424618,0.4215894602634762,0.9867567082116393
0.6729342836614238,0.29724198989398626,0.2960061048313595,0.486956764484199,0.403348916277082,0.9871791014064512
0.6715810591286098,0.2953049948026716,0.29378233984036367,0.5103454210358052,0.35010624734377416,0.9875166173214559
0.670049142112989,0.29629395348790644,0.29528024087850996,0.49912891553687255,0.3724606884827608,0.9878989249646823
0.6685077473595191,0.2941421157605548,0.2957353896376255,0.5097035985856637,0.35435614109644575,0.988284942182434
0.6668699453858054,0.29112579186892457,0.2924981596926814,0.47942088022397034,0.35304717382064155,0.9886950993179912
0.66546750363712,0.2920297086438711,0.29059022879925905,0.5127823847037625,0.3600509987250007,0.9890446851918989
0.6639404082497138,0.2887795723769243,0.29063904181929884,0.5127073340058248,0.33652358691028894,0.9894273804026129
0.6623950241542751,0.29092629484173066,0.29150079037265064,0.4999303299208828,0.34560135996594,0.9898129546860929
0.6604319096470403,0.29263970861919775,0.2938211247404103,0.5069937918777434,0.3803484912876911,0.9901513011028572
0.6584125892225838,0.28651114867985283,0.2880208147179609,0.496780980262977,0.36277093072669686,0.990488983118214
0.6568933182645593,0.2891316762266591,0.29148997230054724,0.5071714515722268,0.3388015299617564,0.9908711800278726
0.6553740673314676,0.28760241297357886,0.2904340274450036,0.520814238920204,0.33560560985972643,0.991253376937531
0.6538548289139579,0.2840628372367799,0.2886997118235224,0.48205508030285693,0.3187930301742199,0.9916355184804057
0.6523355779808657,0.2847184472601771,0.28800287268995445,0.5150422446083323,0.29433064173394996,0.9920176600232802
0.6508163226673198,0.28628628863976535,0.28876805031718267,0.5245327031827889,0.3210199745005866,0.9923998015661548
0.6492971074036387,0.2853297273920861,0.2891656788760785,0.5066704782361513,0.311347216319632,0.9927820538425975
0.6477778330038295,0.2809966387307655,0.2856015338129826,0.503722177088118,0.33404164895875965,0.9931641953854721
0.6462585742484985,0.28218488060698305,0.28650972066062746,0.4900420232286278,0.30198045048859967,0.9935464476619145
0.6447393777581905,0.2803815234928937,0.28546960671982974,0.5182548512830711,0.31119422014444353,0.9938840078703467
0.643220078640105,0.28239588742188587,0.2871123640364928,0.52583056403538,0.29944751381208334,0.9941871520858707
0.6417008427257129,0.28302720128913916,0.28855380065238667,0.5155344818843302,0.27726306842328086,0.9944886795913033
0.6401815655098968,0.2775421040102908,0.28626064205377455,0.5148616861302775,0.30917127071825234,0.9947899856295999
0.6386623499333264,0.28102669022774596,0.2852041690879101,0.5039403006245051,0.27590310242226224,0.9950915131350324
0.637143081791308,0.27850932130996925,0.28647489193990766,0.5247268819726914,0.29280067998297454,0.9953929299068969
0.6356238418093509,0.27519567086087204,0.28333344164095425,0.5186984842975475,0.28368890777721845,0.9956943466787616
0.6341046046434,0.27718658879357366,0.284486484868931,0.5285344540480659,0.2868678283042527,0.9959959184776213
0.6325853834348161,0.2727424572762938,0.2815226088986279,0.5331564651788387,0.2855588610284485,0.9962973573961993
0.6310660902616334,0.27476172191644876,0.2835872696993007,0.5374401525284322,0.26485337866540704,0.9965987077279232
0.629546900029117,0.4104879921133773,0.3896736216243159,0.5125230031381913,0.11852103697401617,0.9969002352333558
0.6280276099848292,0.49118701589385916,0.46046520985833667,0.520119563306594,0.266264343391299,0.9972015412716524
0.62650832807567,0.5046129798794786,0.47428432530055253,0.5327669957368426,0.25186570335733904,0.997503068777085
0.6249890877808228,0.5565707272744762,0.5321613209256476,0.5128288446596285,0.3525371865702027,0.9978045298423768
0.6234698196388053,0.6046630990824389,0.5832621254992867,0.4065560636456922,0.7936591585209953,0.9981059687609548
0.6237787567839908,0.5784100734162648,0.5512336289673956,0.722429957347775,0.926034849128655,0.10239712014837858
0.8908709772280106,0.5693531265088996,0.549472272592398,0.354232424546153,0.8164555886102107,0.10584784388517252
0.903314711983016,0.6210558259479086,0.6398753748177786,0.6788024704148361,0.9327156821079825,0.9367877427557306
0.9358393977831545,0.6252074309585273,0.6485964328339068,0.69024480306677,0.9326306842327767,0.1060019628649966
0.9359086152129854,0.6337111034881799,0.6560991186489477,0.7069450128950205,0.9300467488312734,0.1060027490733288
0.9054492020505527,0.6330332105157783,0.6543870983135573,0.7350420484440743,0.9218869528260711,0.10629747753769131
0.8750885584245864,0.6244900068938934,0.650068346683133,0.7484246600392004,0.9216829579260093,0.10659168555428464
0.8753624109498266,0.6255322617516854,0.6468506364570445,0.7584912220663982,0.925728856778619,0.10658949302963991
0.8750664402611532,0.6210028675149861,0.641835691112036,0.7393403885489791,0.9283467913302275,0.10659324689759223
0.8753769847200403,0.6099884431897797,0.6342088351838516,0.7350023390800859,0.9256268593284176,0.10659071109888699
0.8754620672153255,0.6077339908999462,0.6340837797223078,0.6905553302931582,0.929366765830764,0.10659084397916847
0.9040816587525207,0.604222213870611,0.6302197651639928,0.685896548291332,0.9256268593284176,0.10631578179646767
0.9363128760418471,0.6101556502339021,0.6313797929054996,0.6710535851261747,0.9280577985550735,0.10600584961323041
0.9363821413437825,0.6019385647134707,0.6284598474801457,0.6837454920440902,0.9299447513811856,0.1060066468949194
0.936451349386926,0.603863519717576,0.6261046879330598,0.6765141388962872,0.9280067998299728,0.10600743310325159
0.9365205511722801,0.6015211371194668,0.6232346097563535,0.6756149997675018,0.9277518062048102,0.10600821931158379
0.9365897592154249,0.5945591950661478,0.6200676963947329,0.687680292921683,0.9331746706332069,0.10600903873998636
0.9366589922897339,0.6030028647258182,0.6259578529008683,0.6801396038284118,0.9323756906077278,0.10600980280160496
0.9367282754263746,0.6048527982631637,0.625885298599463,0.6965662161387831,0.9229409264768265,0.10601060008329395
0.9367975135069178,0.6005652034345814,0.6239529593146553,0.6803469264177942,0.9354016149595736,0.10601137521826937
0.9368667121633751,0.5996771752622685,0.6283262041391189,0.6684053676418003,0.93106672333181,0.10601215588992316
0.9369359577532674,0.6011966281533824,0.6271636752883811,0.6734952344990826,0.925728856778619,0.10601295870829054
0.9370052149200743,0.6060998602948673,0.630579659288719,0.671969680153383,0.9317467063323193,0.10601375598997953
0.9370744417365922,0.6096783270456071,0.6343755905550501,0.6877959265896165,0.9275478113046347,0.1060145643450253
0.9371436310063634,0.6071411496714378,0.630405776862898,0.6711431297419681,0.9327156821079825,0.1060153394800007
0.9372127858582817,0.5994862960489398,0.6242808038272902,0.6836709575678841,0.9314577135571653,0.10601612568833292
0.9372819782569479,0.6039602645118175,0.6281973195457436,0.6739161537573577,0.9367275818103735,0.10601693404337868
0.9373511737845099,0.6051249745711913,0.6291109105600239,0.699209509662023,0.9183850403740053,0.1060176981049973
0.9374204162455064,0.5975218099526024,0.6239212859756342,0.6953251396766951,0.9198470038248843,0.1060184953866863
0.937489627417547,0.6057150445110087,0.6304383576840294,0.6628659907841714,0.9280577985550735,0.1060192705216617
0.937558826074004,0.6062002524626119,0.6265645821596011,0.6882825648452922,0.918827029324234,0.10602006780335067
0.9376281070204189,0.6017203123195869,0.6234108604891452,0.6898409985443739,0.9225329366765891,0.10602086508503968
0.937697293161293,0.6026630153358825,0.6275760705732458,0.6828000120875304,0.9256268593284176,0.10602165129337188
0.9377664448843159,0.6016954779970585,0.627539395015763,0.6688437590202303,0.9331066723331105,0.10602242642834728
0.9378356216385035,0.6000383367562027,0.6250829073442615,0.671959832231114,0.9283467913302275,0.10602322371003628
0.9379048296816479,0.6090118589343254,0.6315586996834923,0.6767487021093657,0.928516787080298,0.10602400991836845
0.9379741203276386,0.6062092993792421,0.6276849020253539,0.6683728059633298,0.9380365490861777,0.10602481827341426
0.9380432376328085,0.5955745952425591,0.6239103519228903,0.6870778224512535,0.9263918402039053,0.10602559340838966
0.9381124519337445,0.6016612749308259,0.628246921189871,0.67259403048337,0.9299447513811856,0.10602637961672183
0.9381816349457242,0.6058585793859246,0.6296196317508423,0.6741798239342396,0.9366255843602858,0.10602717689841083
0.9382508523755555,0.6067075055687705,0.6333184624313694,0.6696342533291437,0.9275988100297354,0.10602796310674303
0.9383199884540998,0.6044267349760126,0.6276513915884021,0.6682257621884815,0.925728856778619,0.10602876038843201
0.9383891871105581,0.6051350942447342,0.6327423440935773,0.6802092937622108,0.9289247768805353,0.10602953552340742
0.9384583920248062,0.6057976289140028,0.6275292356428694,0.6797824180993377,0.9188950276242167,0.10603034387845318
0.9385275647114293,0.6082155693573281,0.633248807645975,0.6888013676857985,0.9254228644283558,0.1060311190134286
0.9385967696256792,0.6030414482161107,0.6269768667759157,0.6511112248563782,0.9278028049297973,0.10603191629511759
0.9386659338642844,0.6075459902509996,0.6283878243877804,0.6800525211931856,0.9339566510836903,0.106032691430093
0.9387351325207418,0.6028132728207847,0.6292687017786693,0.688563429176781,0.9277008074798232,0.10603348871178198
0.9388042435681205,0.6056103791948952,0.6286172402920109,0.6834226549148659,0.9272078198044937,0.10603426938343578
0.93887344848237,0.608803082559837,0.6315213601147092,0.6887969202370317,0.9290267743306231,0.10603507220180317
0.938942653396619,0.6024529695323806,0.6270726393391193,0.6822871656516227,0.9268508287292434,0.10603585841013538
0.9390118270219108,0.6018553366563291,0.6263178798278546,0.6799252526816033,0.9388015299616654,0.10603664461846755
0.9390809662293509,0.6084122950958311,0.6288262046481942,0.6806800482722912,0.9315767105821351,0.10603743082679976
0.9391501492413301,0.6052386689246532,0.6298088085702787,0.6682866366434757,0.9305567360815985,0.10603821703513196
0.9392192728042921,0.6007804699883917,0.62619056672789,0.6735452682977077,0.9305907352315899,0.10603902539017772
0.9392884589451671,0.6039958621620365,0.62941330130615,0.6474443827669778,0.9309987250318272,0.10603978945179635
0.9393576012815026,0.6081518475967153,0.6293028540932113,0.6788687056339686,0.9341946451338572,0.10604058673348533
0.9394267842934818,0.6084669699398138,0.6292416543850398,0.6821714128555969,0.9299957501061726,0.10604136186846072
0.9394959422742954,0.6061570918761585,0.6309977429370556,0.6788030263459321,0.925728856778619,0.10604217022350652
0.9395650877395267,0.6059686800037289,0.6305701639271257,0.6924955695269865,0.9290267743306231,0.10604295643183871
0.9396342644937152,0.6052010509155819,0.6279827996283485,0.6938617304856374,0.9271568210795067,0.10604375371352771
0.9397034130878414,0.6060945322688676,0.6288388872640286,0.6639748747735426,0.9295367615808345,0.1060445288485031
0.939772561681969,0.6049926142474491,0.6289297682773205,0.6541306454753149,0.9333276668082817,0.10604530398347851
0.9398417071472003,0.6017369221724514,0.6279372927205724,0.693903147352277,0.9352486187844988,0.1060461123385243
0.9399109233254732,0.6066273706273937,0.6273300322527995,0.6859299835758099,0.9278368040797886,0.1060468874734997
0.9399799936972086,0.6076946564798147,0.6283619500807813,0.675007168532934,0.9265958351040808,0.10604767368183189
0.940049217384832,0.6034540662832897,0.6309337543814231,0.6885056123428139,0.9307267318315553,0.1060484709635209
0.9401183190455233,0.6124740567150131,0.6363151896967403,0.6656130845848767,0.9300467488312734,0.10604926824520985
0.9401874551240685,0.6062664236848421,0.6278081203889672,0.6631503892490551,0.9274628134295426,0.10605005445354206
0.9402565912026128,0.6098090961132623,0.6355026612023553,0.6684550837655137,0.9337356566085191,0.10605085173523106
0.9403257335389479,0.6052692603759462,0.6321353492303246,0.6798381700463771,0.9229919252018135,0.10605162687020646
0.9403949321954053,0.6051976538520252,0.6311623734720933,0.6801872947745615,0.928975775605636,0.10605241307853865
0.9404640338560983,0.6077874857113249,0.6321845524676718,0.6873190965468459,0.9249298767530263,0.10605318821351406
0.9405331574190594,0.6048145365999449,0.6249463644872236,0.6703069299551043,0.9314067148321783,0.10605399656855984
0.9406022872398125,0.6075213883591357,0.6295388879767341,0.6916189853169465,0.9240118997024638,0.10605478277689205
0.9406714233183568,0.605081813984738,0.6276731711590497,0.6801907097798645,0.9306417339565769,0.10605555791186745
0.9407405218501537,0.6081644167318754,0.6315407492446761,0.670095398173139,0.9249298767530263,0.10605636626691321
0.9408096767020715,0.6141772371067045,0.6351783802170317,0.6723525975503213,0.9294347641308605,0.10605715247524543
0.9408787752338683,0.6098544916099503,0.6297762277491472,0.6865675174146411,0.9251678708030795,0.1060579497569344
0.9409478987968303,0.6039198930933372,0.628717373196086,0.6771905879118265,0.9278368040797886,0.1060587248919098
0.9410170411331658,0.6024067158301625,0.6245041550949786,0.6656199543048467,0.9345516362091075,0.10605950002688522
0.9410861615672319,0.605334913099002,0.62527803813169,0.6646641102042863,0.9324776880577019,0.10606028623521742
0.9411552547799054,0.6009134739662816,0.6242798742114699,0.6814921444752144,0.9302167445813438,0.1060610835169064
0.9412243783428678,0.6083157469736902,0.6286173730942709,0.6853045610929955,0.9314577135571653,0.1060618697252386
0.9412934987769326,0.609319203789807,0.6331879842108736,0.6877092807573943,0.9336166595835493,0.1060626559335708
0.9413626066954159,0.6064017698486579,0.6274488902755411,0.7012929408623931,0.9255248618783298,0.106063442141903
0.9270052346602768,0.6092102832046067,0.628937028134203,0.679157353000799,0.9277008074798232,0.10759888486796895
0.9419734641243767,0.6054971139441986,0.629496014980449,0.6540627821722587,0.928975775605636,0.10609841180265053
0.9415637446241427,0.6075944788634526,0.6289808307463084,0.6904291736437675,0.9283467913302275,0.1060659115004675
0.9416328431559395,0.6070034613216959,0.6293423184981551,0.6760638347086605,0.9259668508286722,0.10606668663544289
0.9426402949936099,0.607738997098872,0.6268663088944268,0.684271561698206,0.9323756906077278,0.10613529715412301
0.9417652361180799,0.6053214857583117,0.6274651142849769,0.6736729736122937,0.9273268168294635,0.10606839193238879
0.9418339372801268,0.603981272668024,0.6245809369349955,0.7141114015233385,0.9249468763281357,0.1060691559940074
0.9274765877730364,0.6032832476242278,0.6250275066681121,0.6763239707521473,0.9327666808329695,0.10760459872007339
0.9424448134824606,0.603307849516092,0.6289467891003164,0.688033547423722,0.9256268593284176,0.10610412565475497
0.9420350054344802,0.6101769623379006,0.6275977173416334,0.682896505842022,0.9342966425838313,0.1060716364259287
0.9421041070951723,0.6068239890902052,0.6298944217605886,0.6815405501899161,0.9279558011048721,0.10607242263426088
0.9431115432883641,0.6080999440414236,0.63015484699254,0.6787035146797775,0.9224309392265013,0.10614099993287066
0.942236459381669,0.6063404975496622,0.6275324007634004,0.6789067074953055,0.9290777730556101,0.10607411685785
0.9423051855748819,0.6083516664509829,0.6314470793839231,0.6747567612836243,0.9255758606034306,0.10607488091946861
0.9279477506489391,0.6137284850108504,0.6392274768584314,0.6629171364449882,0.9351466213344111,0.10761030149882099
0.9429159866837189,0.60942129448933,0.6352411735523236,0.6605261165111656,0.9272588185294808,0.10610982843350256
0.9425062327656342,0.6081553519359633,0.6313520815005698,0.6862424168516694,0.9301827454312388,0.10607733920467632
0.9425753187818477,0.6069748902292549,0.6275376907200922,0.6786472068016423,0.9283467913302275,0.10607812541300853
0.9435827058513775,0.6099868519336926,0.6301172639529469,0.6855216124765551,0.9333786655332688,0.10614671378497506
0.9427075843979349,0.6130936453492108,0.6327391789730463,0.6775676283228944,0.9278028049297973,0.10607981963659761
0.942776345008999,0.6028611177790899,0.6241905646915886,0.6995864309449993,0.9252188695281802,0.10608056155150264
0.9284189044510445,0.608880553488214,0.6309481412929282,0.6890806436427273,0.9352486187844988,0.10761602642428221
0.9433871429889411,0.6112701552697628,0.6359347112217069,0.6723579583144599,0.9284657883551972,0.10611554228560699
0.942977351524108,0.6068246327443528,0.6301162015348665,0.6670147457149327,0.9279558011048721,0.10608305305678073
0.9430463749624081,0.6081133713821139,0.6303237271998993,0.680754741585953,0.931100722481915,0.10608382819175613
0.9440538643468268,0.6095319136063087,0.6304886233394571,0.6825032640104465,0.9272588185294808,0.10615242763707947
0.9431787022177396,0.6122916165227308,0.6332676655669016,0.6771704949736483,0.9324776880577019,0.10608553348870202
0.9432474274722837,0.5737049615972694,0.5473149972662654,0.6945504894040131,0.9185380365489664,0.10608628647696385
0.9288899443613485,0.5432002784590877,0.5013142332991308,0.6630048147206742,0.928567785805285,0.10762171812967303
0.9438581797703494,0.5052607105033522,0.4579236402055655,0.6961554624776889,0.9267488312791556,0.10612125613771141
0.9434483601454553,0.47143959936963376,0.42071713928703863,0.6651915696861417,0.9291967700806936,0.10608875029884997
0.9435174054860251,0.41573511436250227,0.37606770471700784,0.3152457709825174,0.8193455163619774,0.10608954204386055
0.9436862663528838,0.4182100628960954,0.37530648658916294,0.307503715704462,0.8061198470038562,0.9392110361559821
0.9412227078254731,0.4130213343815837,0.37146239015648397,0.320425142746229,0.8016999575010004,0.9394008334913885
0.9397030251047798,0.41902116367020037,0.3748521302168656,0.3352229960738955,0.7858563535910434,0.9396789962139909
0.9237571487244165,0.41757044946619437,0.37564026072270895,0.31986404943307534,0.79694007649789,0.9438189921176285
0.9371368894877703,0.4114182243305631,0.3714188553622697,0.31540897646850885,0.8026179345515629,0.9402778433492752
0.9351387329135705,0.4163425540246639,0.37622206078386,0.30562395383198737,0.7983000424989086,0.9405133736482303
0.9336193349223825,0.41346232686910284,0.37302362016570445,0.30840384756734696,0.7720696982574964,0.9407915917376166
0.9330382777214856,0.41278113338126654,0.372640237747918,0.30721058117950095,0.7893922651933281,0.9411579980404906
0.9305747567408234,0.4108711075775293,0.372497756416485,0.32972102543714366,0.7927921801954199,0.9413477510824697
0.9290550302155909,0.4137232034709837,0.37287032209019066,0.3353316408937672,0.7768805779854802,0.9415974552781179
0.913109164473473,0.41074812672506017,0.37048217224833824,0.3215597981128284,0.7966510837228498,0.9456981407651457
0.9264888977274768,0.40576209205334224,0.36720747878583493,0.33667016413508244,0.7880322991925368,0.9421175708466147
0.9244906973487375,0.4093857504769567,0.3682810965234714,0.3265957793631784,0.7925201869952616,0.9423135692618242
0.9229713118731322,0.4078338931753673,0.3673433576315726,0.3251599284707285,0.7841903952401026,0.9425522001006811
0.9223903485391052,0.40926159853152455,0.3697436478133643,0.33560873283567716,0.776319592010168,0.9428791963267339
0.9199267649805298,0.4048126700029169,0.3660831925592487,0.3398728037594603,0.7760815979600011,0.9430295725119625
0.9184070572286704,0.40641994056283054,0.3675296415751109,0.3354809878117271,0.7611219719506153,0.9432682033508194
0.9024611464304555,0.40924379970641506,0.3716373261469013,0.3169446567020253,0.7729706757329495,0.9473689331312742
0.9158408778071223,0.40434440624674933,0.365134369105378,0.33962950448630447,0.770964725881754,0.9437883189193159
0.9138426805572788,0.4032575121858928,0.3642443947596759,0.3204455930686829,0.7749596260093767,0.9439843173345255
0.9123233169839433,0.40507045885281734,0.3663755390277732,0.3381932962095786,0.7743306417338545,0.9442230589069502
0.9117422428870094,0.40477355907380885,0.36597421945139647,0.3412325715105089,0.7681257968549744,0.9445500551330032
0.9092786887400535,0.4038065527496566,0.3658916297258735,0.3352620700880602,0.7624309392265332,0.9447004313182318
0.9077589809881941,0.4011033269088306,0.36438713505551595,0.3470259691695705,0.7652358691032077,0.9449391175238724
0.8918130939695867,0.4055474620019668,0.36647896985463946,0.3309731808117842,0.7710157246068547,0.9490397476441162
0.90519289230462,0.3991286084994745,0.36310612445510676,0.34612166782346665,0.7710157246068547,0.9454591777255852
0.9031946418635504,0.39851882307553044,0.3600699504917601,0.3447005093956923,0.7752656183594127,0.9456551761407948
0.9016752908057968,0.3987920632008299,0.36227445030156513,0.33949056142170964,0.751449213769547,0.9458938069796514
0.9010942323533415,0.40010264674518936,0.36240321537290626,0.3516458359946881,0.7599660008498859,0.9462209139392724
0.8986307032375516,0.39919063172830904,0.3615762955402743,0.3509456804888478,0.7401104972375379,0.9463714008580688
0.8971109548100489,0.3989482941538074,0.362490813957004,0.35784756504364057,0.7466893327666639,0.9466099209633577
0.8811650490180662,0.3985925661736359,0.361062043135325,0.3318104527514758,0.7420314492136413,0.9507106064503855
0.8945448223219352,0.3975503238313413,0.3616119153197898,0.3264755791183862,0.7544921376965021,0.9471298150647187
0.8925465624941786,0.39762619992777487,0.3599060990633146,0.33738532978051006,0.7351976200594663,0.9473261013872047
0.8910272133137624,0.3921368402281268,0.35612216426780774,0.34220842913051963,0.7391415214618746,0.9475646657859207
0.8904461780151354,0.3976958969443914,0.35986256205572936,0.3418303959853515,0.7444113897153102,0.9478917173787575
0.8879826257455163,0.39153429948919966,0.3556340274272966,0.35323905509662357,0.7479133021673761,0.9480420935639862
0.8864628867047006,0.3957810687655418,0.3600628278638796,0.35567848074514785,0.7499362515936809,0.948280779769627
0.8705169881091788,0.39718692385131604,0.36080584101524316,0.3541449845266509,0.7312367190819486,0.9523813988165138
0.8838967510876912,0.4611041228944598,0.41842687577769555,0.35939527721444553,0.7249128771779851,0.9488007846045557
0.8818985600956397,0.46630745878226576,0.42160791044630097,0.36160307814282655,0.7290097747555819,0.9489968383865491
0.8803791089132251,0.46306062410351045,0.4215627886650792,0.3705713585808381,0.7295707607308941,0.9492354138586222
0.8797980592216783,0.47068797223876757,0.42981523177292297,0.36190768867398004,0.7281427964300065,0.949562454378102
0.8773345463761442,0.5217210031750387,0.47272480622711566,0.6374110177680743,0.9125031874202705,0.9497128970034714
0.8646586841711081,0.46698544830278954,0.4229303464983607,0.32329875058060065,0.7711687207819296,0.10412377759952016
0.9292637610354193,0.4676491558529492,0.41999760557525134,0.31461661581948785,0.79719507012328,0.943052605094089
0.9426435380939631,0.4639107231672476,0.41912397697438997,0.31187087213715836,0.805915852103567,0.9395114563257356
0.9406452939106855,0.5151291980151566,0.46911674589133046,0.6991471659605615,0.9329366765829263,0.9397468758911228
0.925309427967226,0.46977584279448314,0.4282759119232392,0.32017012921069665,0.7932001699957709,0.10552825573481306
0.9447452598630117,0.46176517358333247,0.41755549374839995,0.3160290381871851,0.8016659583510091,0.9392855155537617
0.9422816969551482,0.4655716011780158,0.4219721649118987,0.3334051013905148,0.7961410964725246,0.9394752464490272
0.9407619798166018,0.5138394938961741,0.46476947276219005,0.696886908962352,0.9273268168294635,0.9397534091716299
0.9109995600775833,0.4698211381671927,0.42500793604172327,0.3040473332441991,0.7915342116446027,0.10706282366569253
0.9443962797369254,0.4663208861229561,0.4222424839122235,0.31622643343557044,0.7972800679982583,0.9392461386970112
0.942398007393586,0.4674655356280629,0.4246394628909981,0.3154265677167556,0.8011559711006839,0.9394816689959663
0.9408786563358333,0.5183757001392689,0.4698965607623239,0.694742404760168,0.9353506162344729,0.9397598317185688
0.9264810197939792,0.46242174372416645,0.4224511826638867,0.29504986642365605,0.7765745856353305,0.10559589179809555
0.944034438598111,0.47244891165056563,0.42618657823334655,0.32307351906805937,0.7972800679982583,0.9392099952604438
0.9425146745261292,0.46695134536053556,0.42024839157649424,0.3249589593795841,0.78827029324259,0.9394880915429056
0.9265687346291847,0.5153910329465461,0.467284539510598,0.6969472671956141,0.9380365490861777,0.943628087446543
0.9261320130722792,0.4671272953734963,0.42497522241833174,0.3196797185654421,0.7977050573734914,0.10556138721833323
0.9441506908390891,0.4671774825177276,0.4242899848902015,0.29760500515884214,0.7970420739480915,0.939216406734026
0.9426313116212754,0.46487453267580015,0.41857899191309483,0.31532558680413336,0.8089077773055351,0.9394945140898444
0.9420502250087583,0.518318271885877,0.4679745136526699,0.6649764640614173,0.9378325541861159,0.9398610421996431
0.925770091520846,0.4753124127379299,0.4314773760061818,0.3086994440728752,0.7876243093921858,0.10552804534103402
0.9442673485849453,0.47044595112755516,0.4228397178093629,0.3150268929682143,0.7865703357415441,0.9392228292809652
0.9283214193262461,0.4686210664641206,0.42459289356514174,0.3264609660724387,0.7892392690182533,0.9433628805513866
0.9417011848078749,0.5097726188023749,0.4656908459889091,0.6827483899143458,0.9394645133870654,0.9398216210494654
0.9258863015217336,0.47166764960998675,0.42400054236442997,0.3162447791617331,0.784224394390094,0.10552792353410934
0.9443839750418452,0.4652314299610064,0.4222411558896231,0.3075346095896445,0.7957501062472829,0.9392292518279043
0.9438028396185576,0.46578548208748055,0.4231378677366515,0.30078759155440626,0.790004249893741,0.9395957245709188
0.9413392967356256,0.5171000777426935,0.4690520933243978,0.6718727893052518,0.9442753931151628,0.9397855219063251
0.9260029370524303,0.46964775561910965,0.4220908901323803,0.3355328879504593,0.7805864853378353,0.10552781280054142
0.9300740276782533,0.46869854454421045,0.4255322172306771,0.31144455240538105,0.7952401189969578,0.9430976736562303
0.9434538450995507,0.4648015333558207,0.4214985477851526,0.31906477935472055,0.8109307267317263,0.9395563698608819
0.9414555977873769,0.5136021643085265,0.46643083124874357,0.6761303478933409,0.939056523586828,0.9397918337196963
0.9261195516195273,0.469244488416353,0.42560293443415187,0.30625743731569166,0.7928941776455076,0.10552773528704386
0.9455554392096563,0.4640904993465301,0.4192233241317598,0.31945972868894734,0.8043518912027139,0.9393304069421946
0.9430919194805525,0.4643829328809256,0.42024971959909474,0.32164155969328023,0.8075308117296345,0.9395202042776009
0.941572158537467,0.5126020151595571,0.4642656431212834,0.7132451814572998,0.9301317467062518,0.9397982562666354
0.9118095964336956,0.4684292468005651,0.42497745792304253,0.3089873766711537,0.7984190395238784,0.10706230321792333
0.945206433426625,0.4663748100370999,0.4220135770833232,0.30780773059515587,0.7960900977474239,0.9392910965255847
0.9432081516965996,0.46795149450950496,0.42318192709979296,0.29694809315038495,0.8106247343815767,0.9395266268245399
0.9416887505765157,0.5177384288952939,0.4675427071041285,0.664910268551649,0.9347556311091694,0.9398047895471424
0.9272909804308167,0.4691769226101363,0.4228308731788438,0.3202173039351148,0.794390140246378,0.10559537135032634
0.9448445109365227,0.47241257201014875,0.4259962061935698,0.31535080225026624,0.8033999150020463,0.9392547759153086
0.9433247343489595,0.4692099635230467,0.421485223291728,0.3342306987771937,0.7865703357415441,0.939533049371479
0.9273787869426648,0.5122985143496792,0.46253765552749343,0.6706723752318879,0.9443773905652506,0.9436730452751165
0.9269419590033077,0.4633223517592087,0.42328298961968835,0.30374419195951297,0.7899022524436532,0.10556084462385047
0.9449607087347172,0.4733648762008128,0.427722206180201,0.30151887920161324,0.7981640458988295,0.9392611984622476
0.9434413232591119,0.46975847486006694,0.42486559415266334,0.3111703989564063,0.796498087547775,0.93953936118485
0.9428602347692583,0.5135769116108021,0.46402870175565025,0.678969051196767,0.9373565660858958,0.9399057785610808
0.9265800499674564,0.46719411024987406,0.4225671522374723,0.3100973328133525,0.8003399915000955,0.10552750828322964
0.9450773226760343,0.4658635984579334,0.4194408653005711,0.3086748242672024,0.7867063323416232,0.9392676210091867
0.9291313543061381,0.4686360922126108,0.42426914378885816,0.32229164169113145,0.8024139396515011,0.9434077276463921
0.9425111150944248,0.5159357056017471,0.4677689689546828,0.6700010090149389,0.9301317467062518,0.939866468144471
0.9266962471398714,0.4706087848993302,0.42397507753106606,0.3036037002297227,0.8009009774755214,0.10552738093962655
0.9451938896839169,0.468079063185704,0.4225869397742193,0.30880419737507614,0.7949001274968168,0.9392740435561258
0.9446127824206889,0.46647956474962265,0.42454566244135616,0.3029575494589063,0.795410114747142,0.9396405162991405
0.9421492457955489,0.5183978704487975,0.4683823051258529,0.665901493695523,0.9414874628133703,0.9398302582677629
0.9268127612694168,0.46951582439813244,0.4242964479335237,0.3151570999727318,0.7811304717381518,0.105527303426129
0.9308838615948165,0.4719398259180144,0.4279534680358461,0.3091073783691263,0.7912792180195538,0.9431422992841
0.9442636658747512,0.47132674534242025,0.42869293315349544,0.31624247601862154,0.7944581385464744,0.9396011505157468
0.9422653685002476,0.5138403521017042,0.46784523065251454,0.6637645342724969,0.9403144921376452,0.9398366808147017
0.9269293401671033,0.46441895069426864,0.42215817661080396,0.30926633495317124,0.7883382915426864,0.1055271926925611
0.9463652706231032,0.46800988824411827,0.42354644716991074,0.324362882116757,0.794390140246378,0.9393751433036323
0.943901668291153,0.4628885109844408,0.41786830061845565,0.32235096748092995,0.7938121546960701,0.9395649849324655
0.9423819386370251,0.516938838802862,0.4674704184072431,0.6855984103865083,0.9351976200593981,0.939843103361641
0.9126193424282896,0.4745757058677908,0.4312962470037043,0.3216520032560093,0.7932001699957709,0.10706178277015412
0.9460161259171045,0.47179809685056806,0.4294090250733765,0.3128651946114236,0.7999320016998581,0.9393358328870224
0.9440178848627214,0.46582512939504483,0.4234151721358547,0.32062690602465316,0.809519762005948,0.9395714074794048
0.9424984430669943,0.5138467439449756,0.46435627181028116,0.6692578085585357,0.9380875478111648,0.9398494151750121
0.9281006575897073,0.4688468889459516,0.41963691685033583,0.3129140371291288,0.7932001699957709,0.10559483982920036
0.9456541283335063,0.4763762925871532,0.42635649872507614,0.3069888043816267,0.8033999150020463,0.9392996230103142
0.944134370519317,0.46979939696042916,0.42352415852393294,0.32425812881455607,0.7950701232468873,0.9395776749993485
0.9281884134134462,0.5149936372999582,0.4662256849575367,0.6688414955864828,0.9361665958350613,0.9437178370033381
0.9277515447984439,0.4639157293661734,0.42032030400030945,0.30679204448306496,0.7976540586485044,0.10556032417608126
0.9457702823271608,0.47586572287420614,0.42865413275985187,0.31374289068365524,0.7975010624733159,0.9393040523530308
0.9442508780781815,0.4692038845672082,0.4253703401291643,0.3175373189595496,0.782490437738943,0.9395815506742257
0.9436696863347711,0.5177036894506051,0.4667904708358047,0.6880815957541477,0.937645558860936,0.9399473036490489
0.927389585387373,0.4716360032810628,0.4264567644314113,0.27149002280389656,0.8075818104547352,0.10552697122542525
0.9458867711126522,0.4684056908466909,0.42602535628965,0.3217126791641829,0.7856013599659946,0.9393065549316657
0.9299408722042406,0.4713388853748154,0.4251250897687943,0.3095998936106721,0.8069358266043309,0.9434459307273229
0.943320594819999,0.5177896887964379,0.46996871665694917,0.6758546060698067,0.9307947301316517,0.939904117557562
0.9275056893186977,0.4704509644781937,0.42661915946173823,0.3095165039462968,0.79694007649789,0.10552683834514376
0.9460032849293083,0.4671892113266395,0.4219749316256497,0.31597602618626075,0.7940161495962457,0.9393091460971548
0.945422154512253,0.4689276675414761,0.42422521280123476,0.30957860939157444,0.8015639609009213,0.9396748990719781
0.9429585690763393,0.5165483660142172,0.4678039291496401,0.6735532101705053,0.9370845728856239,0.939864032005977
0.9276221874908752,0.4691743658728278,0.4245630706042772,0.3202283034289395,0.7835784105396897,0.10552674975828943
0.9316932189805693,0.4692209414021198,0.4255303690658914,0.3088489895376547,0.7983000424989086,0.9431735925903928
0.9450729860266471,0.46914453250308624,0.4254050369329725,0.30950478968392026,0.8015639609009213,0.9396318237140591
0.9430746542342909,0.5146200139465551,0.46743137454278944,0.673472838417793,0.938342541436441,0.9398665788780388
0.927738628404263,0.4671561704137291,0.4238717795064598,0.30812786748762866,0.7927411814704328,0.10552667224479188
0.9471745050432574,0.46709148317189475,0.42369644732263334,0.30828325022891456,0.7981640458988295,0.9394024944949072
0.944710932122927,0.46700196160753193,0.4236221665918473,0.30943140677927006,0.8015639609009213,0.9395916827956898
0.9431911492775722,0.5146835211557854,0.46749640338279225,0.6879193432928918,0.9323756906077278,0.939869015016533
0.9134285730937695,0.4693923053792788,0.42569329751862955,0.3075529553158072,0.7923501912451911,0.10706122356563615
0.946825283366425,0.4693153618897171,0.42556783037007956,0.3082092716838045,0.7981300467487245,0.9393593526968474
0.9448269703474423,0.4690724897246873,0.42445410634990904,0.3093579047465278,0.8032299192519758,0.9395940635674002
0.9433076349341674,0.5166708212157991,0.46806369037029116,0.6743768617983488,0.9373565660858958,0.9398716726221629
0.9289099057770023,0.46937621223766046,0.42467469090384635,0.306987136588339,0.7920781980450329,0.10559429723471757
0.9464632732672449,0.4692867014008668,0.42460160539340075,0.30813600790724616,0.797960050998654,0.9393191121182671
0.9449434441142337,0.4691891877975045,0.42463273645652666,0.32230418985015175,0.7929961750955954,0.9395967211730302
0.9289975605374106,0.5167179152442656,0.46960222668664064,0.6737613666565314,0.9371865703355979,0.943736163408828
0.9285605949266449,0.46961918452666873,0.42589026540398867,0.30691343600877685,0.7921291967700199,0.10555978158159847
0.9465793027308522,0.46937461382986057,0.42477257723635575,0.30806266471196,0.7997280067997963,0.9393218804574649
0.9450598734507065,0.469276145472846,0.42474949177681764,0.31021046479135506,0.80200594985115,0.9395992016049514
0.9444788187529269,0.5169666518137512,0.468259870295574,0.673156195949351,0.9371865703355979,0.9399651317534832
0.9281985810727882,0.4695544972848344,0.4248802245349784,0.3068400928134907,0.7920101997449365,0.10552641755758567
0.9466957289384301,0.469457305508546,0.42491123386269936,0.32101176918042706,0.7895452613684029,0.9393243830361
0.9307498585029683,0.4695030299840206,0.4258783884551985,0.3096352349446214,0.8017679558009831,0.9434637145383301
0.9441295307435071,0.5169323414718275,0.4697688492555791,0.673075347684271,0.9371865703355979,0.9399218349284285
0.9283146383835672,0.4696098157829647,0.4250121635803347,0.30676663049011266,0.7938801529960529,0.10552630682401777
0.9468121082125727,0.4695113366983811,0.4249889453185366,0.30891482766314726,0.7986400339990496,0.9393268634680211
0.9462310710366078,0.46944644205687697,0.42481320366107495,0.3090692573796976,0.8015639609009213,0.9396926164428444
0.9437674330352475,0.5171308730178,0.4684390338246028,0.6729948568034669,0.9371355716106109,0.9398817936702704
0.9284310598978012,0.46969304384010646,0.4251512075466035,0.3197181572297827,0.7835784105396897,0.10552621823716345
0.9325021242409006,0.469740566971338,0.42612127050859766,0.3083396772351419,0.7983000424989086,0.9431913542546864
0.9458817373453114,0.46966395424849106,0.4259956749845296,0.3089956759282273,0.8015639609009213,0.9396494303513576
0.9438834274552237,0.5151988914559167,0.4680644871838514,0.6729145247601187,0.9383765405864324,0.9398842962489052
0.9285474541906433,0.46767089705971276,0.42445753707496026,0.30761839634766,0.7927411814704328,0.10552612965030912
0.947983333958534,0.46760610254218715,0.4242820720888737,0.3077738982170377,0.7982150446238165,0.9394202118657735
0.9455196490237388,0.4675171173562807,0.42420820083172284,0.3089222930235771,0.8015639609009213,0.9396094555333403
0.9439998255027402,0.5152629350436035,0.4681290069485241,0.6873625385910491,0.9323756906077278,0.9398868431209673
0.9142374351753402,0.46991161806106413,0.4262839355701867,0.3070434047571102,0.7922311942201077,0.10706067543447498
0.9476339658493851,0.46983488018324404,0.42615886682841686,0.30770039618429545,0.7981300467487245,0.9393771365078546
0.9456356215414452,0.4695916951307814,0.4250422432922353,0.3088489895376547,0.8031789205269888,0.9396119581119752
0.9441162204213613,0.5172538556581974,0.46869839663847374,0.6738187863968588,0.9373565660858958,0.9398893899930294
0.9297186808752738,0.4698950976046089,0.42526295179494866,0.306478022832646,0.7920101997449365,0.1055937546402348
0.9472717993054207,0.4698056833159374,0.4251893439289468,0.3076268941515534,0.798011049723641,0.9393369402227016
0.9457520164600659,0.46970881336672277,0.42522099513425793,0.321794639291455,0.7929961750955954,0.9396143278103286
0.9298061963998254,0.5173011731776873,0.47024009807535433,0.673203450092497,0.9371865703355979,0.9437538254129104
0.929369228911721,0.4701389263112191,0.4264805139022496,0.30640448109053997,0.7921291967700199,0.10555923898711568
0.9473878437877277,0.4698939247237177,0.42536031355853077,0.3075537892124509,0.7997280067997963,0.9393393763611956
0.9458683863475219,0.46979524181532073,0.4253374848500288,0.3097013510356619,0.8019209519761716,0.9396168746823906
0.9452874618118012,0.5175498024714817,0.4688945677102725,0.6725982793853167,0.9371865703355979,0.9399827383907817
0.9290071358968053,0.4700734970791869,0.42546822867504464,0.30633101876716196,0.7919762005949451,0.10552587496310291
0.9475041949018093,0.46997736733224205,0.42549963640954563,0.3205019406561822,0.7895452613684029,0.9393419232332578
0.9315583573197528,0.47002276640478646,0.42646902650675556,0.3091264388638404,0.8016999575010004,0.9434814762026235
0.9449379622890342,0.5175153759142258,0.4704059238307325,0.6725176693764205,0.9371865703355979,0.9399395522992948
0.9291230827575672,0.47012944135218293,0.42560028945580597,0.3062577946999676,0.7938801529960529,0.1055257531561782
0.9476205360034249,0.47003086571947716,0.42557693839174776,0.30840583303554636,0.7986400339990496,0.9393445808388876
0.9470396133450412,0.469965971077973,0.4254013406034012,0.3085608583925563,0.8015299617509299,0.9397103338137108
0.9445757638303345,0.5177141309512218,0.4690741252193395,0.6724374564611644,0.9371355716106109,0.9398995774812776
0.9292394047729196,0.4702129912363985,0.42573947729118977,0.31920876550854205,0.7834254143646149,0.10552566456932387
0.9333105126076675,0.47026072891901255,0.42671137956448557,0.3078310399918167,0.7983000424989086,0.9432089055252008
0.9466899836602156,0.4701842234718569,0.42658618023382666,0.308487237231722,0.8015639609009213,0.9396670369886562
0.9446917519925195,0.5157783053437348,0.4686977326271735,0.6723567670335402,0.9383765405864324,0.9399020136197715
0.9293557152113574,0.46818680373830035,0.42504354918112575,0.30710971939497056,0.7926901827453321,0.10552555383575593
0.9487917404728963,0.46812211649646607,0.42486769685511405,0.3072658566141726,0.7981640458988295,0.9394377520629313
0.9463278828230606,0.46803302403486835,0.42479434574014835,0.3084140131645279,0.8015639609009213,0.939626995730498
0.9448080749465406,0.5158427780341865,0.4687617211828059,0.686806210401574,0.9324266893327149,0.9399044497582658
0.9150457412521513,0.4704312436302823,0.4268741840684477,0.30653520431678927,0.7922821929450947,0.10706009961992181
0.9484421057818362,0.4703549348552274,0.42674910647319375,0.30719211632524646,0.798011049723641,0.9393948538787209
0.9464438303096019,0.470110685985493,0.4256299729742974,0.3083407096786055,0.8031279218018881,0.9396294983091329
0.944924357224918,0.5178366755492131,0.4693333685111764,0.6732612669264639,0.9373565660858958,0.9399069966303277
0.9305269090425834,0.47041472317382715,0.4258508187060128,0.3059699812297807,0.7919762005949451,0.10559316775232483
0.9480799392378723,0.4703254161608469,0.42577772434208316,0.30711897167677993,0.798011049723641,0.939354657593568
0.946560100072396,0.5119503510936704,0.4693524920366231,0.3212857240825817,0.8110497237568097,0.9396319787410542
0.9306144273831407,0.5573630655301784,0.517056170530851,0.6726462085876506,0.9307267318315553,0.943771376683425
0.9301771926873466,0.5530080121710709,0.5198751973054244,0.30589647919703866,0.8039949001274636,0.10555867424591933
0.94819586795104,0.5852327179844728,0.561897561914295,0.3070457079002218,0.80266893327655,0.9393570937320621
0.9466764011241473,0.628249125908728,0.6447478454714672,0.6745048053691192,0.9263918402039053,0.939634592053257
0.9320893803501207,0.6280313026176091,0.6458373109454693,0.7095142484544223,0.9280577985550735,0.10562377451049652
0.9040949559333051,0.6278668668621779,0.6469676573818556,0.7100592197657967,0.9295877603059353,0.10592530755260744
0.9034837846761103,0.6276051320547669,0.648072284447213,0.6895353158603925,0.9275478113046347,0.10592617681111557
0.9355699651359264,0.6345188894434248,0.6563392251351119,0.6748639765663924,0.9318657033574027,0.10763234855219286
0.9498077129192319,0.6408669821120287,0.6619623605637137,0.7078966080936342,0.9301827454312388,0.10611496647105383
0.9188693190221948,0.6430559068337798,0.6619457381474978,0.7411737698843153,0.9300467488312734,0.1063764305716147
0.888630679173215,0.6400773078693264,0.659359569069061,0.742188542681034,0.9274118147045556,0.10666943159231775
0.8896353043665433,0.6340125839392057,0.653827469589721,0.7412740360283854,0.9256268593284176,0.10673704550888662
0.8886023094762483,0.6310825808628964,0.6498015912101194,0.7413343942616477,0.9252868678282766,0.10667112581590683
0.8885700734029136,0.6251903920028976,0.644350877382478,0.7554432107053906,0.9209689757755086,0.1066718455840983
0.8744609495140323,0.6203012129769687,0.6418033537617147,0.7101341116262785,0.9278028049297973,0.10820435387061453
0.9180156392649432,0.6173536345665736,0.6389743114833626,0.674248004912207,0.9295367615808345,0.10642771128691612
0.9497186801931741,0.6164545033602143,0.6362954021599933,0.6766973579017286,0.9296387590309223,0.10608495767414888
0.9356132336953658,0.6134202819498387,0.6348084595216719,0.675967618919717,0.9302167445813438,0.10565098174813325
0.9515130192524031,0.6136142363996504,0.6348695264275833,0.6742136563123573,0.9297407564810101,0.10617096443634845
0.9499074223759574,0.6166922799299089,0.6364529277741184,0.674202061178073,0.928567785805285,0.10608715573547199
0.9499758982575166,0.6167165599946992,0.636480107970008,0.690056977775106,0.924606884827881,0.10608789211369861
0.93705315992697,0.6176115253283807,0.6392355335288742,0.6747044640512518,0.929366765830764,0.10765649954335513
0.9505747657583004,0.617705516713213,0.6392728730976573,0.6741675934501312,0.9295367615808345,0.10612259601388316
0.9501641764250737,0.616805330629223,0.6365922373449073,0.6766164699272847,0.9297917552059971,0.10609007356498654
0.9360586454470821,0.613769410687069,0.6351051619043259,0.6758870089108213,0.9301827454312388,0.10565608102893573
0.9519585364479028,0.6139636869639546,0.6351668928215375,0.6741330463034614,0.9297917552059971,0.10617605818047252
0.9503528676068571,0.617043196595327,0.6367497629590326,0.6741213717504488,0.9287207819803598,0.10609226608963125
0.9504212809105037,0.6170674945393991,0.6367769431549222,0.6899770825347615,0.9246748831278637,0.10609300800453628
0.9374985156714537,0.6179634253543022,0.6395335639341289,0.6746238540423557,0.9294347641308605,0.107661604360836
0.9510201509144043,0.6180577206869263,0.639571279775982,0.674087181988055,0.9295367615808345,0.10612770083136404
0.9506095825447778,0.6171565870009968,0.6368894709366015,0.6765360584652085,0.9297917552059971,0.10609517838246742
0.9365039260980699,0.6141188433720912,0.63540199708924,0.6758066768674729,0.9302847428813266,0.10566116923638143
0.9524039316164723,0.6143131196489768,0.6354629533266014,0.6740527142601132,0.9297917552059971,0.1061811629979534
0.9507981798596914,0.6173941311400271,0.6370465981439467,0.6740412382539207,0.9286187845303857,0.10609738198046893
0.9508665994211292,0.6174188581868643,0.6370744423511365,0.6898974652599652,0.924606884827881,0.10609812389537397
0.9379438535812317,0.6183152002252503,0.6398321034147134,0.6745436411270995,0.9294857628559612,0.10766668149492492
0.9514654512774339,0.6184096207128477,0.6398697085880167,0.6740067705259789,0.9295367615808345,0.10613280564884493
0.9510548650731034,0.6175079327691799,0.6371863061215157,0.6764553293282205,0.9298427539310978,0.1061002942733051
0.9369492367864569,0.614468490608496,0.6356990978786742,0.6757261859866688,0.9303357416064273,0.10566629620057591
0.9528492507528776,0.614662552333999,0.6357605853250758,0.673972501344857,0.9298427539310978,0.1061862567420775
0.9512434467435389,0.6177452802361095,0.6373436989333809,0.6739610253386643,0.9287717807054605,0.10610246465123624
0.9513118788205595,0.617770096679356,0.6373708791292705,0.6898175700196207,0.9247768805779515,0.10610322871285485
0.9383891057592701,0.6186674041989637,0.640130399424488,0.6744631502462954,0.9294857628559612,0.10767179184908418
0.9519107535178031,0.6187621643929166,0.6401683808708614,0.6739262399358106,0.9296387590309223,0.10613789939296903
0.9515001297667243,0.6178591891409537,0.6374827428996497,0.6763747590286884,0.9298427539310978,0.10610538801742919
0.9373944148096669,0.6147742442078905,0.6360027945136907,0.6756459730714124,0.9304377390565151,0.10567138994469998
0.9532945101273747,0.6148760130803397,0.6360733789149053,0.673892129592145,0.9299447513811856,0.10619136155955838
0.9516886557428164,0.6179102344907152,0.6376589936324414,0.6738806535859521,0.9288227794304476,0.10610756946871712
0.951757022113028,0.6180216045375329,0.6376735133462066,0.6897380321635525,0.924606884827881,0.10610832245697892
0.9388342903531619,0.6189199848140532,0.6404318384210838,0.6749014224966334,0.9295877603059353,0.10767691881327865
0.9528285718814469,0.6181866839471118,0.6377931681825084,0.6749179415920525,0.931100722481915,0.10617588100676387
0.9528753269693233,0.618150335367054,0.637774575866102,0.6768364598037795,0.9288227794304476,0.1061785496857506
0.9383109087117787,0.6151067452129741,0.6362882751053708,0.6745115559609971,0.9302167445813438,0.10571040138067644
0.9527875364148426,0.6151182415912217,0.6363667833747684,0.6738171186035711,0.9299447513811856,0.10612890782725433
0.9521264101481792,0.6182185448274182,0.6379174489642021,0.6883202887410811,0.9239609009774767,0.10611275179969554
0.937768814084111,0.6188455891221591,0.6406009842329631,0.6762154053510037,0.9299957501061726,0.10764823881918867
0.9546397124846009,0.6189983139479603,0.6406908249618846,0.6748418584506513,0.9297917552059971,0.10621394013405625
0.9532520359945442,0.6190389177971052,0.6407240697943162,0.6748562729497789,0.9300467488312734,0.10618140661180282
0.9532966878387552,0.6189912695109006,0.6406710374251376,0.6774798309191168,0.9289247768805353,0.10618390919043771
0.9389917341926393,0.616025561508681,0.6392240682670902,0.6755117554211323,0.9304377390565151,0.10576856972390218
0.954149081619891,0.6161263827791906,0.6392897611183933,0.6748222023154771,0.9301827454312388,0.1062008514263287
0.9534789676004385,0.6191704199153173,0.6408447870486986,0.6748352269868652,0.9291967700806936,0.10618492793926251
0.9535225618779162,0.6191901407632286,0.6408503204762005,0.6763270680825386,0.9299447513811856,0.10618734193104307
0.9548640730769304,0.6194408976915666,0.6409611439622094,0.6748073113039814,0.9297917552059971,0.10623643012169977
0.9536463547574399,0.6195778351114696,0.6409896300469893,0.674794604307505,0.9299957501061726,0.10618733085768628
0.9537015509800315,0.6196303823209088,0.6409567836213379,0.677272627457826,0.9289247768805353,0.10618800633245055
0.9395753026451943,0.6167526940233745,0.6394703721920566,0.6749720257458045,0.9303357416064273,0.10575595717051667
0.9540960177396918,0.6169076358801286,0.6395376365367702,0.6737246752042065,0.9299957501061726,0.10617551558598974
0.9529309765688958,0.6199692662296231,0.6411100816968516,0.6737134374541978,0.9289247768805353,0.10612430684750745
0.9529996871176301,0.61995390792649,0.6411259072995072,0.6750630396080655,0.9297917552059971,0.10612509859251806
0.9545027857526467,0.6201164305987603,0.6412253983259921,0.673685918864954,0.9295367615808345,0.10615906057779759
0.953125844190716,0.6201691744803002,0.6412703740247278,0.6736741648932134,0.9298427539310978,0.10612637202854908
0.9531940009249187,0.6201381718055239,0.6412534860039919,0.6761219692175393,0.9287717807054605,0.10612715823688126
0.9390882074325804,0.6171635062830836,0.6397740688270731,0.6743292899802913,0.9302167445813438,0.10569316016415206
0.9540494629011391,0.617272855971049,0.6398483274241491,0.6736346143666812,0.9300467488312734,0.10614537390880328
0.9533882922041577,0.6203368106271876,0.6414206397819705,0.6736235751634927,0.9289247768805353,0.1061292178812445
0.9534570434285357,0.6203207192734976,0.6414371293959262,0.6749729787705403,0.9297917552059971,0.10613000408957668
0.9549600857434299,0.6204833492214592,0.641536222015631,0.6735959374461566,0.9295367615808345,0.106163977148213
0.9535831254081262,0.6205363076543816,0.6415811977143668,0.6735839849275962,0.9298427539310978,0.10613129967232128
0.9536513165601805,0.6205050904282228,0.6415643096936309,0.6760314318676461,0.9288227794304476,0.10613205819726151
0.9395454276365252,0.6175286190983128,0.6400850031852621,0.674239348270858,0.9302847428813266,0.10569805458785392
0.9545066690250534,0.617637843631305,0.6401598151250883,0.6735447917853399,0.9300467488312734,0.1061502794058619
0.9538455114694337,0.6207037292498865,0.6417315962738694,0.6735333157791472,0.928975775605636,0.10613411784162471
0.9539142626938117,0.6206874233448139,0.641747156272005,0.6748831561891986,0.9298427539310978,0.10613488743992174
0.955417305008706,0.6208502678441581,0.64184702357156,0.6735060354460871,0.9295877603059353,0.10616887157191485
0.9540403415445069,0.6209035481041543,0.6418920214040058,0.6734941226368909,0.9298767530810892,0.10613619409602312
0.9541085020333835,0.620871794499539,0.6418753989877899,0.6759412519020291,0.9288567785804389,0.10613695815764175
0.9400026106066117,0.6178938391892332,0.6403960924794212,0.6741494065614244,0.9302167445813438,0.10570296008491256
0.9549638513693597,0.6180033855492992,0.6404699748034272,0.6734548103665428,0.9300467488312734,0.10615516275620696
0.9543027000715312,0.6210709696996592,0.6420425527657685,0.6734433740697139,0.928975775605636,0.10613903994871855
0.9543714106202659,0.6210545565188952,0.6420583783684242,0.6747932144797655,0.9298767530810892,0.10613980954701556
0.955874465450743,0.6212171685875749,0.6421574488544188,0.6734158951898339,0.9296387590309223,0.10617378260565188
0.9544974738264824,0.6212707885539269,0.6422024466868645,0.6734038632525456,0.9299447513811856,0.10614111066643857
0.9545656493340586,0.6212389276736204,0.6421856914683888,0.6758508733895918,0.9288567785804389,0.10614186919137877
0.9404598164176359,0.6182591486765631,0.6407066505645402,0.6740593457238993,0.9303867403314143,0.10570787665532798
0.9554209798966609,0.6183689095880116,0.6407805328885461,0.6733646701102893,0.9301317467062518,0.1061600793266224
0.954759844243311,0.621437888322358,0.6423531108508875,0.6733534323602806,0.9290267743306231,0.1061439232990636
0.9548285266319843,0.6214218863650773,0.642368803651283,0.6747033918984242,0.9298767530810892,0.1061447095073958
0.9563315533024013,0.6215844090373477,0.6424678741372778,0.6733257549335807,0.9296387590309223,0.10617868256603212
0.9549545898382008,0.6216379217280084,0.6425131375742436,0.6733140406712042,0.9299447513811856,0.1061460050901404
0.9550226527055328,0.6216062575198025,0.6424967586288379,0.6757607331333384,0.9289247768805353,0.10614676915175901
0.9409168917537101,0.6186249945423492,0.641017075847399,0.6739694437238299,0.9304377390565151,0.10571278215238661
0.9558780145570931,0.6187345587816973,0.6410908253691449,0.6732748475289481,0.9301827454312388,0.10616499589703783
0.9552168820326385,0.6218051108928488,0.6426640673427866,0.6732637289070311,0.9290267743306231,0.10614881772276544
0.9552855612924165,0.6217892340905412,0.642679760143182,0.6746136884451748,0.9299447513811856,0.10614960946777603
0.9567885566738754,0.6219525076926504,0.6427790962336968,0.6732360117709675,0.9297917552059971,0.10618357698973396
0.9554116213697368,0.6220052515741903,0.6428238284616226,0.6732243372179549,0.9299957501061726,0.10615091058719904
0.9554797061393385,0.6219732834181926,0.6428073388476667,0.6756707120051773,0.928975775605636,0.10615166911213925
0.9413738860513878,0.6189907510117261,0.6413282979438182,0.6738797005612165,0.9304377390565151,0.10571767657608844
0.9563350711197942,0.6191001900961008,0.641402025331854,0.6731849058195145,0.9301317467062518,0.10616989032073966
0.9556738253293169,0.622172565894004,0.6429746254279054,0.6731735489414139,0.9290777730556101,0.10615372321982408
0.9557425796825902,0.6221570109187702,0.6429908494373411,0.6745235084795576,0.9299957501061726,0.1061544983547995
0.957245593837424,0.6223199626938056,0.6430895215165557,0.6731459906428061,0.9297917552059971,0.1061884714134358
0.955868605342058,0.6223731356781106,0.6431342537444814,0.6731343557991576,0.9300467488312734,0.1061557939375441
0.9559366838538694,0.6223410602464217,0.6431177641305257,0.675580849714472,0.928975775605636,0.10615655799916271
0.9418307670830424,0.6193564896018209,0.641638856028937,0.6737897588517832,0.9304377390565151,0.1057225599264335
0.9567920247418282,0.619466465064652,0.6417131146260131,0.6730948449819893,0.9301827454312388,0.10617476259772791
0.9561307701904425,0.622540771824998,0.6432855597860945,0.6730836072319806,0.9291967700806936,0.10615861764352592
0.9561993931300985,0.6225247698677172,0.64330114191794,0.6744339241544,0.9300467488312734,0.10615940385185811
0.9577025002131325,0.6226873998156789,0.6434004780084548,0.6730561283521006,0.9297917552059971,0.10619337691049444
0.9563254344340444,0.6227408946270576,0.6434453209049305,0.6730446920552722,0.9300467488312734,0.10616069943460271
0.9563935129458558,0.6227088191953687,0.6434286984887146,0.6754904712020346,0.9290267743306231,0.10616146349622133
0.9422876834712177,0.6197228718460635,0.6419503215961662,0.6737000553985337,0.9304887377815021,0.10572745435013534
0.9572488278639804,0.6198328473088945,0.6420231636358018,0.673005300366196,0.9301827454312388,0.10617966809478656
0.9565875952148652,0.6229086380496365,0.6435957194644333,0.6729937846506391,0.9291967700806936,0.10616351206722778
0.9566562275412078,0.6228924394202551,0.6436118106716089,0.6743439824449668,0.9300467488312734,0.10616429827555995
0.958159268917433,0.623055605746673,0.6437113016980938,0.6729665837363075,0.9298427539310978,0.10619827133419628
0.956782209396136,0.6231089932823605,0.6437562773968295,0.6729546312177468,0.9300467488312734,0.10616557171159098
0.9568502910368424,0.6230770251263628,0.6437393893760937,0.6754004103645093,0.9290267743306231,0.10616635791992317
0.9427444928511615,0.6200890395389234,0.642260237803695,0.6736100739797364,0.9305567360815985,0.10573235984719398
0.9577056215994459,0.6201985858989895,0.642334518534481,0.6729151601099426,0.9302167445813438,0.10618455144513161
0.9570443639191648,0.6232763076021741,0.6439069415608523,0.6729040414880261,0.929281767955672,0.10616840649092961
0.9571129890490475,0.6232604129205846,0.6439226343612479,0.6742545569572653,0.9300467488312734,0.1061691926992618
0.9586160188483599,0.6234236865226939,0.6440214613764326,0.6728765228987821,0.9298767530810892,0.1062031768312549
0.9572389020682719,0.6234770740583814,0.6440665698774284,0.6728649277644976,0.9300807479812647,0.10617047720864961
0.9573069962245606,0.6234448913510011,0.6440502130657326,0.6753102303988923,0.9290267743306231,0.10617125234362502
0.9432011282645067,0.6204556363345484,0.6425709065573639,0.673520529363943,0.9305907352315899,0.10573724319753904
0.9581622360491897,0.620565397245997,0.6426447888813698,0.6728256154941492,0.9302847428813266,0.10618945694219023
0.9575010159156565,0.6236446029295776,0.6442171012391911,0.6728144968722323,0.929281767955672,0.10617330091463145
0.9575696544997907,0.6236284043001962,0.6442330596441067,0.674164575538468,0.9300807479812647,0.10617408712296363
0.9590727227845197,0.6237916600230236,0.6443322850660715,0.6727868988642607,0.9299447513811856,0.10620804910824318
0.9576955643901202,0.623845065437993,0.6443775263693273,0.6727748669269722,0.9301827454312388,0.10617537716902985
0.9577636366441391,0.6238125609035388,0.6443609039531115,0.6752204078175508,0.9290267743306231,0.10617613569397008
0.943657825317096,0.6208222331301734,0.642881995851523,0.6734308259106936,0.9305907352315899,0.10574213762124086
0.9586188827265589,0.620931994041622,0.6429556125710087,0.6727357929128077,0.9303357416064273,0.10619434029253529
0.9579576103404688,0.624012898256981,0.64452752652205,0.6727246742908912,0.929366765830764,0.10617818426497651
0.9580262896002463,0.6239966996275996,0.6445440161360058,0.6740749912133106,0.9301827454312388,0.10617897047330868
0.9595292662083326,0.6241602771775008,0.6446429538197405,0.672697155701647,0.9299447513811856,0.106212943531945
0.9581521212681827,0.6242133607653964,0.6446878188499261,0.6726855208579987,0.9301317467062518,0.10618026605605328
0.9582201997799942,0.624181178058016,0.6446713292359705,0.6751307043643013,0.9291287717807108,0.10618103011767192
0.9441144482148589,0.6211889372014898,0.6431920227276017,0.6733411224574444,0.9306417339565769,0.10574704311829951
0.9590754145734577,0.6212990199400121,0.6432661706561276,0.6726463277157424,0.9304377390565151,0.10619924578959393
0.9584140974441593,0.6243815332907401,0.6448382174094289,0.6726350899657336,0.9294347641308605,0.10618307868867835
0.9584827548016674,0.6243652273856675,0.6448549726279047,0.6739853274694252,0.9301317467062518,0.10618386489701052
0.9599858744002852,0.6245286976598774,0.6449537775093794,0.6726076507952177,0.9299957501061726,0.10621783795564685
0.9586086897231616,0.6245825142983299,0.6449989081440852,0.6725960556609334,0.9301827454312388,0.10618516047975514
0.9586766305635632,0.6245501170395671,0.6449824185301295,0.6750408023642323,0.9291967700806936,0.10618592454137375
0.9445709350056601,0.6215557485484973,0.6435029792195006,0.6732512998761029,0.9306927326815639,0.10575192646864456
0.9595318757073144,0.6216656167356371,0.6435771271480267,0.672556743390585,0.9304377390565151,0.10620411806658218
0.9588705429335378,0.6247501504452173,0.6451486426922877,0.6725453865124844,0.9294857628559612,0.10618796203902338
0.9589391846465678,0.6247340590915272,0.6451656635152837,0.6738959814004515,0.9301317467062518,0.10618874824735558
0.960442317699437,0.6249892858403348,0.6453184303817573,0.6725179473419685,0.9298427539310978,0.1062227323793487
0.959065028830087,0.5892007027702052,0.5599207781397917,0.672506352207684,0.9185890352740671,0.1061900327567434
0.9591331323730632,0.5553427245572544,0.5146561570204342,0.6749509400735267,0.9249298767530263,0.10619080789171881
0.9450273248006957,0.516513519293837,0.4698006553968602,0.6731620729352212,0.9295877603059353,0.1057568208923464
0.9599882814597174,0.47707719619533173,0.42840110018704314,0.6710950814115426,0.9290267743306231,0.10620901249028404
0.9578442182230149,0.4263935961561547,0.38540894264744047,0.3042841996003889,0.8058138546535929,0.1061583851030333
0.9585454788343322,0.425795848852699,0.3849247699543917,0.30543648592459904,0.8043518912027139,0.9392902106570413
0.9570259024960905,0.4251969286683521,0.38443901470107733,0.30658833544580544,0.80266893327655,0.9395678197118043
0.955506266708833,0.42459620267653564,0.3839535206255411,0.3077397084546438,0.8010539736505962,0.9398453180329992
0.9539867185306532,0.42399398555261053,0.38346803097674687,0.3088902872762027,0.799422014449533,0.9401227056206263
0.9524670670989157,0.42339016644502914,0.3829820101189124,0.31004038958539337,0.7979090522736669,0.9404002039418212
0.9509475126629447,0.4227854962836304,0.38249467009196153,0.3111898565447604,0.7963450913727002,0.9406777022630162
0.9494278862623742,0.42174517238828124,0.38118093922804785,0.3123387278636678,0.7964300892476786,0.940955156290784
0.9479082473462199,0.42111726988801024,0.38073106493202713,0.31348704325147914,0.7930301742455867,0.9412326989054062
0.9463887022969355,0.42050460053589933,0.38024267355385083,0.3146347232894666,0.7913302167444272,0.9415100864930331
0.9448690571229905,0.41989109085754006,0.3797542821756746,0.3157818473963585,0.7896302592433813,0.9417510427368161
0.9433494776558535,0.4192404816692841,0.3793413468282858,0.32993255721910875,0.7791585210369476,0.9419892306414012
0.9274038603480519,0.41906783932347086,0.3796751231752028,0.31857282004427057,0.7866553336166362,0.9460889195263177
0.9407828820911814,0.4184648784214196,0.37914688890564163,0.3192236962294013,0.7847343816404191,0.942507906673515
0.9387844533030587,0.4174145331885779,0.3778460841283725,0.32036827893699815,0.7848363790905069,0.9427030192201813
0.9372648206446965,0.4167820446525053,0.37739251792952244,0.32251449064183335,0.7818444538886524,0.9429412071247664
0.9366840719529117,0.4161869685137622,0.37682628671999086,0.3226601445889421,0.779566510837185,0.9432673728490599
0.9342197856443706,0.41556236652892586,0.3763352547902107,0.32380250357215523,0.7779515512111175,0.9434171399996649
0.9326998088074854,0.41489790804892734,0.37592021452700014,0.3379245829434703,0.7670548236294508,0.9436551064371143
0.9167542090214984,0.4147159970833885,0.37623340652361,0.3265851769629937,0.7748066298341882,0.9477551275227345
0.9301331663093779,0.41410120724844685,0.37570226388455374,0.3272306923839863,0.7728856778579711,0.944173893202796
0.9281347688102124,0.413042653637295,0.37441755695457324,0.3283705099679044,0.7730386740331596,0.944369227216598
0.9266151580541191,0.4124003690426814,0.3739616202353813,0.3305136243423483,0.7698427539311297,0.9446073043876153
0.9260344062334394,0.41179302771657006,0.37339327525654403,0.33065280566312727,0.7676158096047629,0.944933459038552
0.9235700510891927,0.4111575622800647,0.3728996049885309,0.3317904392320259,0.7657968550785199,0.9450832372625138
0.9220500679945163,0.4104781853272672,0.3724813973914183,0.3458805128559661,0.7546111347216993,0.945321314433531
0.9061045326637802,0.4102874312689116,0.37277401167783386,0.3345640588878751,0.7626009349766036,0.9494211140520155
0.9194835193632795,0.40966187095456663,0.3722407619095849,0.3352035781949054,0.7606289842753995,0.9458399904656448
0.9174850561573051,0.408593941447998,0.37097188500900197,0.3363389880394203,0.7606799830003865,0.9460353687728739
0.9159654391434207,0.4079405716986201,0.37051356891598425,0.3384782506055579,0.7573310667232818,0.9462734016504641
0.9153846622915749,0.407321512291166,0.3699431168079542,0.33861103871873444,0.755053123671928,0.9465995120079737
0.9129203509518682,0.40667581275371373,0.36944759837515545,0.3397432718141309,0.7531831704206979,0.9467494452589307
0.9114003960172523,0.405981410052426,0.36902648683528977,0.35379848061648955,0.7416234594135176,0.9469875224299479
0.8954547865316895,0.40578074372019723,0.3692985211981402,0.3425073612226228,0.7498852528686939,0.9510873220484322
0.9088337848081025,0.405143459960725,0.3687634254784765,0.3431408049969631,0.747811304717402,0.9475060877284937
0.9068353122154407,0.40406700740048507,0.36751064421181123,0.344270337855608,0.7478623034422753,0.9477013774488685
0.9053157208585008,0.4034032998503254,0.3670499531717097,0.3464064236726261,0.7444623884401835,0.9479394546198857
0.9047349777987286,0.40277283524896135,0.36647738950774494,0.3465319846815569,0.7421334466638427,0.9482655539040385
0.9022705982490962,0.40211488303963816,0.3659795005546043,0.3476587378847229,0.7400594985124371,0.9484154317882116
0.9007506433144803,0.40140534373831255,0.365556538636582,0.3616753888946489,0.7281937951551072,0.9486535089592287
0.8848050960939409,0.40119604350086496,0.3658077274713471,0.350412383730486,0.7367105822353324,0.9527533085777131
0.8981840446209133,0.40054639979383044,0.36527052019574874,0.35103967255340796,0.7345856353590534,0.9491721406979154
0.896185581414938,0.39946195519459116,0.36403462694981936,0.35216344755427453,0.7345856353590534,0.9493675190051446
0.8946659925611153,0.3987869479382846,0.363571560962634,0.3542949270850704,0.7311857203568479,0.9496055408093779
0.8940852620169251,0.3981439124138322,0.36299741473840363,0.3544134992459389,0.7287037824054323,0.9499317065336715
0.8916208167604842,0.39747487326181646,0.3624976754071064,0.3555343357538705,0.7267318317042282,0.9500816397846283
0.8901008712125553,0.39674998996078326,0.36207207736422214,0.3695096096065211,0.7141521461963976,0.9503194954885098
0.874155349023181,0.39653024643479073,0.3623029496665711,0.35827694239644514,0.7230769230768601,0.9544194058405621
0.8875342787767795,0.39586888107055707,0.3617638920128161,0.35889748062748894,0.7208499787504934,0.9508382268874075
0.8855358249574921,0.39477591162971837,0.3605520116288741,0.36001537864248534,0.7209519762005812,0.9510335609012095
0.8840161985569202,0.3940906738483213,0.3601530669995812,0.3621417356653267,0.7173480662983138,0.9512716934390107
0.8834354773994173,0.39343527837630665,0.35965859991800786,0.36225316014067777,0.7147301317467054,0.9515976930629524
0.8809711103653686,0.3927545139912354,0.3592274640208797,0.36336784169719105,0.7126901827454049,0.9517476263139093
0.8794511429151695,0.39201450124187703,0.35886782886056057,0.377298124840443,0.6997705057373196,0.9519855927513586
0.8635055928786239,0.3917843108514833,0.35904065550841413,0.36609857523993306,0.7090012749681591,0.9560853923698431
0.8768844941592717,0.3911114365935048,0.35857521457414493,0.3667122834603709,0.706672333191591,0.9525043241502562
0.8748860810156276,0.39000951320830163,0.35753905814069664,0.3678237485584013,0.706672333191591,0.9526996470907015
0.8733663982949342,0.389312341006251,0.3571366849997235,0.36994474481710404,0.7029664258393495,0.9529376799682916
0.8727857522309272,0.38864543306463517,0.35663799701965165,0.37004866422266125,0.7004334891627195,0.9532639010593693
0.8703213883257734,0.3879523105199299,0.3562018456238357,0.37115695257157255,0.6982065448362391,0.9534137235767581
0.8688013457820793,0.38684527187218143,0.3550466872985306,0.3850387108720308,0.6865108372289797,0.9536516900142075
0.852855802003325,0.3862885539447793,0.3543823063653407,0.37387466144292625,0.6958266043347976,0.957751644659687
0.8662347220573459,0.3852414108913219,0.3530878318291337,0.37448118226848237,0.6933446663832683,0.9541704103397484
0.8642362619802673,0.3841578191338282,0.3518231780404203,0.3755991597022068,0.6911177220569016,0.9543657000601233
0.862698649435873,0.3829987768068096,0.3505672338665949,0.387442000999326,0.6761240968975244,0.9546065455703383
0.8448513065537209,0.3823259007609029,0.35003793939232425,0.38704149235414076,0.6730131746705865,0.9585328256879
0.841889983592381,0.381619776402416,0.34960469415263234,0.38814092551488266,0.6707522311941148,0.9586427841208397
0.8403641457081412,0.38091237188734667,0.34917065209938014,0.389238929138521,0.668474288142761,0.958880639824721
0.8388382877989704,0.3802026251863513,0.3487355586949026,0.39033578119060364,0.6662133446664029,0.9591186062621703
0.8373124536694059,0.37949095825048224,0.348300465290425,0.39143160079922246,0.6639524011899312,0.9593565726996196
0.8357865547717003,0.37877886221184814,0.34786457507238716,0.39252662622056156,0.6617254568635644,0.9595945391370689
0.8342606924820757,0.3780644275631444,0.3474284192498292,0.39362014268606926,0.659447513812097,0.959832461281091
0.832734827063554,0.37734807267956694,0.3469912165027879,0.3947125472893851,0.6571185720356425,0.9600703612783995
0.8312090229713878,0.3766297975611158,0.3465537459378555,0.3958039988679656,0.654738631534201,0.9603082723490649
0.8296831378408243,0.3759108823643734,0.3461162753729231,0.39689429887499017,0.6524436889077379,0.9605463384467254
0.8281573306197627,0.3751894140061789,0.3456777490300233,0.3979835267291869,0.6500637484062963,0.9607842605907475
0.8266314526856586,0.37446688004278444,0.3452389592959745,0.39907172213992026,0.6477518062048375,0.9610221162946289
0.8251055822609037,0.3737419967417512,0.3447991137839582,0.40015828946673015,0.6453718657032823,0.9612600827320783
0.8235797866167567,0.3730158332841355,0.3443590048807929,0.40124402289689587,0.6429919252018408,0.9614979384359594
0.8220539424747257,0.3722877585312871,0.34391942275992576,0.40232888272105405,0.6405439864003029,0.961735949166836
0.8205280617246165,0.37155818907047367,0.34347773129649484,0.40341231300810887,0.6381130471737606,0.9619737605772903
0.8190022260306038,0.3708269121382409,0.3430363032242131,0.4044944328861515,0.6357841053973061,0.9622117270147396
0.8174763944041556,0.3700937185469908,0.34259487515193127,0.405575599739459,0.6332341691456804,0.9624496934521888
0.8159505330531989,0.3693590338236321,0.34215159891486385,0.40665513850884283,0.6307692307691468,0.9626876598896382
0.814424724580578,0.3686226434167823,0.3417046307749671,0.40773420076585887,0.6283382915427183,0.9629255155935196
0.8128988935799097,0.36788497285335,0.3412571336394012,0.4088113569734031,0.6258563535910753,0.9631634820309689
0.8113730469347624,0.3671449565281353,0.34080910750816606,0.40988767928430403,0.623425414364533,0.9634013377348503
0.8098471824549094,0.36640984985372427,0.3403608201991529,0.41096257205810094,0.6209434764131174,0.9636393484657267
0.8083213442577812,0.365780878172397,0.3399407622238836,0.4120363132603424,0.6184105397363737,0.9638772706097488
0.8067955573745413,0.3651329401488536,0.3395220256311018,0.41310898230975646,0.6158946026348531,0.9641152370471983
0.805269700716928,0.3644826599393842,0.33910223326035255,0.41418006298461063,0.6132426689332533,0.9643529820175117
0.8037438534460013,0.3638304559191848,0.33868217749845425,0.4152503891815491,0.6108627284316981,0.9645910591885288
0.8022180352738051,0.363175696949605,0.3382615949542578,0.4163192064226562,0.6082447938800897,0.9648290256259783
0.8006921601557075,0.36251816669133413,0.33783995441872294,0.41738659412665924,0.6056438589034769,0.9650668813298594
0.7991663272777014,0.36185871977404593,0.3374177871008899,0.4184526317122872,0.6030599235018599,0.965304737033741
0.7976404965899215,0.3611965015680667,0.3369948296096096,0.4195175971450873,0.6003739906501551,0.9655427477646173
0.7961146271038366,0.36053215036375935,0.33657134312266007,0.42058141100633195,0.597790055248538,0.9657806699086395
0.7945887804586889,0.3598656697369804,0.33614759324456145,0.4216436364930167,0.5951041223968332,0.9660184702457371
0.7930629428873393,0.3591966323728929,0.33572252419734644,0.42270494866432995,0.5924351891202377,0.9662564920499702
0.791537122524915,0.35852481835632977,0.3352974529367604,0.4237645930423557,0.589783255418638,0.9664944584874195
0.7900112148663028,0.35785109125660564,0.3348723861029163,0.42482304613946176,0.5871653208669159,0.966732358484728
0.7884853963812168,0.3575377800847614,0.33529481459852745,0.42588010940882803,0.5825754356141033,0.9669702806287501
0.7869595356560395,0.35683847488438275,0.3349338624824629,0.426935822559819,0.5821334466637609,0.9672081363326317
0.7854336558445976,0.35650448811097485,0.3353489049590444,0.4279902650111622,0.5773735656608778,0.9674461581368649
0.7839077926163034,0.35614812541629676,0.3357415215606461,0.4290433970534939,0.5749256268593399,0.9676839584739624
0.7823819040439544,0.35578599844114117,0.33611039090478045,0.4221955966524531,0.5894772630683747,0.9679220356449795
0.7995574142042674,0.3551052394198545,0.3356829446971106,0.43215831869282195,0.5701657458563432,0.9646848505205528
0.780283769866672,0.3547239369148849,0.3359776705394609,0.42431428976804453,0.5844113897152283,0.9684836763014444
0.7964985660682631,0.5861058348356996,0.4650536386114956,0.42548928984845613,0.5663238419039089,0.9651601189940441
0.7948284882842396,0.763131072049966,0.5855339073607733,0.4264327843368163,0.5682957926051131,0.9654358012847252
0.7934423765549026,0.82853865227189,0.6587833179290089,0.4275253080682242,0.5659838504036543,0.9656360518689425
0.7918757688472997,0.8376851386228998,0.7017281159693078,0.4285405573773109,0.5609859753506043,0.9658859221649426
0.7903821038327035,0.7965404054427538,0.7031799766772671,0.2867477502759108,0.602855928601798,0.9661115418095695
0.7803765266043463,0.7964531187886258,0.703684603131734,0.2862628989416145,0.5966850828729093,0.6275159745175235
0.7759871146494697,0.7963618986924845,0.7041813057180182,0.28577248829635993,0.5902932426689631,0.6266263410328945
0.7715977026945926,0.796266190896592,0.7046689113494892,0.28527631979332724,0.5840203994899866,0.6257460977548248
0.7672083188997769,0.7961671933128338,0.7051489915195575,0.2847742743044239,0.5774755631108519,0.624869032530154
0.7628189570072306,0.7960634040815325,0.7056206387461128,0.28426631212028663,0.5709477263068266,0.623991989452197
0.7584295732124144,0.7959555562532449,0.7060835652909252,0.2837525920783712,0.5643008924777178,0.6231149574475969
0.7540402238354509,0.7958436498279708,0.7065379260899645,0.28323307446931323,0.5575860603483989,0.6222378147094286
0.7496508275250524,0.7957272735822274,0.7069846286253412,0.28270764016502103,0.5508202294942066,0.6213607384114012
0.7452615282104196,0.795605783861867,0.7074221014036446,0.2821759317812189,0.5440373990650187,0.6204707284326413
0.7408721131266471,0.7954803606994933,0.7078514068429551,0.28163802873663424,0.5371525711856293,0.6196215569937285
0.7364828138120139,0.7953499313381938,0.7082723678735927,0.2810942487061796,0.5301147471312788,0.6188908261790574
0.7320934581772587,0.7952151215528342,0.7086850508966873,0.28054407546812277,0.5229069273267442,0.6182909381482348
0.7277041369603561,0.7950753055685489,0.7090891239065891,0.2799881046629238,0.5157161070973189,0.6176911387042665
0.723314787583393,0.7949305727817471,0.709484786106688,0.27942562152203054,0.5084232894176921,0.6170913614070117
0.718925438206429,0.7947801186247443,0.7098725244386038,0.2788566260454435,0.5010284742880913,0.6164915287429731
0.7145361545362743,0.7946248191823526,0.7102511436819965,0.27828111823316215,0.4935826604333897,0.6158917403723615
0.7101468489638503,0.7944642274725251,0.7106210643773563,0.27769957459755457,0.4860858478537011,0.6152919187816797
0.705757530875843,0.794298271978134,0.7109830833382433,0.27711128037006905,0.478368040798955,0.6146921747044952
0.7013682409478972,0.7941270420955893,0.7113358504083469,0.2765164340975257,0.4705822354441125,0.6140922977470294
0.6969789103443076,0.7939497153779238,0.7116805829417179,0.27591483723310395,0.46272843178917356,0.6134892981029485
0.6925896704786925,0.7937671500306683,0.7120165947933457,0.2753068074517162,0.45477263068426055,0.612835914685466
0.6882003930663285,0.79357884543393,0.7123440408992004,0.27469202707845075,0.44681682957923385,0.6121825644880541
0.6838111312984432,0.7933842830885343,0.7126625228525021,0.27407025785712325,0.4385040373990705,0.611529169997215
0.6794218382416015,0.7931835881494547,0.7129725497285808,0.2734417380439176,0.43031024224387693,0.6108757755063757
0.6750326015048822,0.7929765281860264,0.7132745199342168,0.2728062293826501,0.4219974500637136,0.6102224917491046
0.6706433084480401,0.7927629780432763,0.7135668841097094,0.27216373187332055,0.41353166170847544,0.6095690529648382
0.666254068582425,0.7925433310654061,0.7138507932079788,0.27151436464402146,0.4050148746280229,0.6089157249141398
0.6618647974278522,0.7923172833046235,0.7141269112403257,0.270857849729204,0.3962090947725301,0.6082623968634414
0.6574755669489245,0.7920840123139621,0.7143936667133393,0.270193909163321,0.3875393115172301,0.6076089580791749
0.6530863145677261,0.7918442332646971,0.7146510596270195,0.26952282091192004,0.37868253293663656,0.6069555968084063
0.6486970872176929,0.7915965694521241,0.7148999974634768,0.2688443070094533,0.3697067573309596,0.6063022466109943
0.6443078786410346,0.7913427194080214,0.715140502356421,0.26815864542146883,0.3605949851253172,0.6056488964135822
0.639918638775419,0.7910809846006103,0.7153709806787318,0.2674656376011464,0.3513132171696043,0.6049955351428133
0.6355294458432388,0.7908122232354213,0.7155931367260797,0.26676500558293803,0.3420314492137777,0.6043421627986879
0.6311402341376842,0.7905353446762597,0.7158058195455443,0.2660567493668442,0.33251168720778423,0.6036887683078488
0.6267509942720686,0.7902507065087631,0.7160105563631163,0.2653411469184126,0.3229409264768037,0.6030354402571503
0.6223618013398879,0.789958076302267,0.7162052887437644,0.2646175231784551,0.3133021674457268,0.6023821564998791
0.6179726678567254,0.7896578831595366,0.7163913004426696,0.26388607669379205,0.3034934126646931,0.6017287177156126
0.6135834498933792,0.7893491437200686,0.7165678167799816,0.26314692659251526,0.2935146621333615,0.6010753675182008
0.609194275734573,0.7890318758631447,0.7167355017670004,0.26240007287462475,0.2834849128771566,0.6004220173207888
0.6048050609001225,0.788706097468047,0.716893691392426,0.26164480077156904,0.2731491712706884,0.5997687114168039
0.6004159149013772,0.7883710397256547,0.7170424963248081,0.26088198388935524,0.26298342541429065,0.5991153169259648
0.5960267470003622,0.9607422819878142,0.8198269745914304,0.26011051036579214,0.15308117297070112,0.5984619224351256
0.5916375884860341,0.9518201091072449,0.8557639744387522,0.2593313332256151,0.26954526136842105,0.5978085943844272
0.5872484424872879,0.9474272589462474,0.8986102332020964,0.2585433803159969,0.2899107522310942,0.5971552331136584
0.5828593277774989,0.9837006208652148,0.926307693894509,0.25774752524294486,0.2784530386740016,0.5965018829162464
0.5784701598764839,0.9669737838592924,0.9327644733768432,0.19562131196800148,0.7129961750955545,0.595848499498764
0.5268038472334102,0.9090015175576873,0.9069662620727768,0.46079409118310366,0.885252868678208,0.009344601382179227
0.817189091695135,0.8515960066123305,0.836123184189165,0.459350020452308,0.8843858903527462,0.010992224963892839
0.8143881042986423,0.6763187016322962,0.6680245623977394,0.36085475517846843,0.8320101997450138,0.010849769550777245
0.643452410407023,0.6503160037916951,0.6699173266090531,0.7083798313440068,0.9298767530810892,0.08629424470218143
0.9291595068577463,0.8432964082060326,0.8188195809141372,0.7417467760066652,0.9254228644283558,0.10650832532435825
0.898852778171598,0.9087122665354661,0.8694355908374762,0.7417150482248385,0.9278028049297973,0.10680020793602535
0.898900786695076,0.9408797765261407,0.9025693563123149,0.7418394973715778,0.9272078198044937,0.10679945494776352
0.8988180004963171,0.9474215018174827,0.9206948506410608,0.7416257021558652,0.9283127921801224,0.10680567817428034
0.8990373626778259,0.9188373932593463,0.9182989429338508,0.5988790364221037,0.9393115172119906,0.10680112702463904
0.8905829066879942,0.9142614592519187,0.9161847752213292,0.5657299373302846,0.9394645133870654,0.020133964221388898
0.9167846753914475,0.9123231663035325,0.9156181522451305,0.5319624046037132,0.938342541436441,0.019788007086501868
0.9317021091118138,0.9120769685920735,0.9167863694593401,0.5287981242249478,0.9376965575859231,0.019942546853884018
0.9437936437942067,0.9120942578576494,0.9179880971105017,0.5267432440572852,0.9361665958350613,0.019513684604034714
0.9402627735875506,0.9120969218706492,0.9191882311345425,0.5253579431851922,0.9349086272842442,0.019274723779145537
0.9374618206089109,0.9120984237303269,0.9203868157988828,0.5239718878351833,0.9335826604334443,0.01904237485559656
0.934660830083522,0.9120957418380453,0.9215313942108041,0.5250372106522594,0.93106672333181,0.018810030361390298
0.9176852482208733,0.909489300125881,0.9229686024027381,0.5218608586268414,0.93106672333181,0.01878102148860361
0.9297768742670196,0.9095426697822866,0.9241802238222729,0.5198012133355003,0.9291967700806936,0.018337654248693123
0.9262460125083822,0.9118600213857666,0.9250794500587582,0.518410710536725,0.9267488312791556,0.01808279319078703
0.9234450407563672,0.911762722333787,0.9262447234895368,0.5183525760278462,0.9259668508286722,0.017834545141556822
0.9220783600948703,0.9119153398838971,0.9274753577659685,0.5156212071352804,0.9240118997024638,0.01759984534436101
0.917831761263356,0.9119056314338372,0.9286592899142836,0.5142270113656537,0.9227369315766509,0.01733823729016186
0.9150302826302448,0.9118960302594687,0.9297901675597102,0.5152938828479254,0.9199490012748583,0.017089980382246215
0.8980546569630561,0.90925536760179,0.9312433341565596,0.512099224805709,0.9198980025498713,0.017045048022393355
0.9101463759374036,0.9092977772584045,0.932439284909409,0.5100329083412183,0.9181470463238384,0.0166002822175201
0.9066155517255137,0.9116206893185488,0.9332937567842587,0.5086345827977368,0.9155461113472256,0.016345415622935604
0.9038146425514131,0.9115113217513013,0.9344440235596521,0.508566322401041,0.9146961325966458,0.016097174217719477
0.9024479180853766,0.9116541235756606,0.9356573714085676,0.505829036813241,0.9126051848702446,0.015862477742530703
0.8982014068629405,0.911633240574427,0.9368250795474469,0.5044264226584492,0.911296217594554,0.015600860829646113
0.8953999532609944,0.9116165055665892,0.9379397331834378,0.5054954384463759,0.9082872928175902,0.015352609458408866
0.878424379220585,0.9089411213435035,0.9394037010307712,0.5022811242689855,0.9082872928175902,0.015307677098556006
0.8905161006980489,0.9089728570688369,0.9405808823975341,0.5002073821534285,0.9062473438164034,0.014862909079011388
0.886985285872846,0.9113008289657525,0.9413930346188488,0.4988006382247818,0.9035274118147072,0.014608045806433944
0.8841844017299101,0.9111790352976001,0.9425249525486457,0.4987212989155334,0.9027284317891144,0.014409470621099034
0.8828177085528299,0.9113118247241074,0.9437184021922642,0.4959775804107671,0.9005524861877348,0.014278658842649707
0.8785712254904556,0.9112798565681097,0.9448367300241165,0.49456619048653394,0.8991415214618428,0.014121145878969035
0.8757698219508399,0.9112551295212725,0.9456487494431711,0.4956374697082082,0.8959456013598128,0.013976957485515574
0.8587942388366328,0.9085449879742162,0.946627214361484,0.4924019507304478,0.8959456013598128,0.013983533952114043
0.8708860391622677,0.9085658709754496,0.9474697340329297,0.4903200681952735,0.8938376540585296,0.013702920695653643
0.8673552587549169,0.9108986523991904,0.9481315983632919,0.48890407198481745,0.8909817254568679,0.013558102228198747
0.8645544152876248,0.9107647008193609,0.9489458532870572,0.4888135346349243,0.8900127496812047,0.013421315266424726
0.8631877368163536,0.9108871560209431,0.9497924455611442,0.48606254931654846,0.8877178070548553,0.013300698727573328
0.8589413391728313,0.9108431193496775,0.9506110608257812,0.4846417085636858,0.8860688482786827,0.013147753523569148
0.8561399106020504,0.9108117054514182,0.951395081101676,0.4857152115097434,0.8829239269017535,0.013010959917781052
0.8391643543963454,0.9080660556505522,0.952352983803392,0.4824568596476899,0.8827879303016744,0.013026036293052677
0.8512561331325998,0.9080755495492294,0.9531679470058778,0.48036643959925795,0.880543986400312,0.012734790399401077
0.847725443463224,0.9104133371718959,0.9537988020085191,0.47894047633844083,0.8776030599234446,0.012584302373268935
0.8449246156404104,0.9102668164569063,0.9545858767363951,0.4788381850168073,0.876634084147895,0.01244184585281766
0.8435579997470528,0.9103784904515158,0.9554042263965119,0.47607878131326586,0.8742881427964448,0.012315575257988525
0.8393115958457389,0.910322653454211,0.9561952630584793,0.4746477749632223,0.8725371865702982,0.012156931704579443
0.8365101985639143,0.9102838554125359,0.9569529220857551,0.475724017855395,0.8690182745430093,0.012014469647449778
0.8195346742729455,0.9083847180914624,0.9579522590926055,0.4724412447344888,0.8690182745430093,0.012064991837810988
0.8316265368636047,0.9085132164903191,0.9587502900069353,0.47034125472933574,0.8666043348915764,0.01173758036087836
0.8280958252919581,0.9103496154112831,0.9593008217759582,0.46890445081215004,0.8634594135145335,0.011587091227410536
0.8252950872684499,0.9103439655582095,0.9600720709011787,0.46878929365658406,0.8623544411389048,0.011444636921630624
0.8239284316381181,0.910552634657007,0.9608703674200287,0.46602079650868933,0.8598725031873755,0.011318364112130126
0.8196820956338393,0.9106272270210016,0.9616462203569307,0.4645788700835489,0.8580025499362591,0.011159720558721047
0.8168807452854496,0.9104608603031275,0.9623938528135729,0.4656578132124729,0.8544496387589788,0.011017258501591382
0.799905199092211,0.9087890222925681,0.9633822557676794,0.4623489510394263,0.8543986400339918,0.01106777958461691
0.8119971430341573,0.9089095465317072,0.9641503397723687,0.46023827921536054,0.851814704632261,0.010740368107684278
0.808466453364781,0.9107492531198185,0.9646714558407916,0.4587903566762581,0.8485677858052441,0.010589880081552136
0.8056656849909838,0.9107340020923766,0.9654172290657932,0.4586611424058402,0.847428814279624,0.010447423561100865
0.804299073165192,0.9109351082549395,0.9661846490591821,0.45588323413868026,0.8447088822779278,0.010321150751600366
0.8000527903521397,0.9110007430987135,0.9669305772201537,0.45442919635752355,0.8427539311517194,0.010162509412862647
0.7972514869371854,0.9108299244396516,0.967649590789756,0.4555113162355666,0.8388950276242895,0.0100200462483973
0.7802759729715718,0.9091292113888594,0.9686039299641604,0.45217398244854046,0.8388440288991887,0.010070567331422833
0.7923679003303703,0.9092409569005964,0.9693415358501691,0.45005215229319395,0.8360390990224005,0.009743154747154523
0.7888372951411768,0.9110844002586203,0.9698379949656433,0.44859120508270345,0.8327071823204051,0.009592666721022377
0.7860365424118592,0.9110596910910649,0.9705546402282745,0.44844789398807006,0.8315002124946886,0.009450211307906787
0.7846699462305442,0.9112526800596552,0.9712907631557128,0.445659025936449,0.8286612834677953,0.009323936283734933
0.7804237134798231,0.9113085170569601,0.9720070100115639,0.44419200319326824,0.8265873353166171,0.009165293837661532
0.7776224194515553,0.9111336576801938,0.9726965857468557,0.4452774983672503,0.8225244368890117,0.00902282845852483
0.7606469705669721,0.9094040159513233,0.9736130762771471,0.44190950895122527,0.8224394390139196,0.009073351756221718
0.7727389204538198,0.9095068754599669,0.9743200712422151,0.43977536889304236,0.8196515087122407,0.00874593584994637
0.769208349682478,0.9113540198293395,0.9747944851825212,0.4383010396268876,0.815979600509877,0.008595450038485584
0.7664076376288036,0.9113196022117245,0.9754807851287319,0.43814208304284286,0.8146876328090684,0.008452993518034316
0.7650410539630723,0.911504187917832,0.9761857880598992,0.4353410242164777,0.811644708882227,0.008326720708533821
0.760794880661368,0.9115509601192247,0.9768712911925495,0.43386034145208496,0.8094687632808473,0.008168077155124735
0.7579935991486826,0.9113704330101033,0.9775315840295011,0.43494964872500996,0.805150871228193,0.00802561288332371
0.7410181455707563,0.9096126671708387,0.9784083445503287,0.43154862111814674,0.8049978750530045,0.008076131751677883
0.7531101408265908,0.9097062652114696,0.9790833120370153,0.42940082103875166,0.8020399490011414,0.007748721382080932
0.7495795982153108,0.9115572536264458,0.9795378277720246,0.42791203756410545,0.7982150446238165,0.00759823114127743
0.746778886161636,0.9115123945082142,0.9801937381343946,0.42773644275654954,0.7967020824479505,0.007634794258067282
0.745412380718296,0.9116882193662017,0.9808661823781404,0.42492235925879607,0.7935401614959119,0.007698628837963232
0.7411661917721131,0.9117263558744473,0.9815211852584,0.42342638838926794,0.7912792180195538,0.007722334680182473
0.7383649415483853,0.9115409477213732,0.9821518189239411,0.42451974601731957,0.7867063323416232,0.007756669837585872
0.7213896062427141,0.9097537883427012,0.982986481128334,0.421082940273503,0.7865703357415441,0.00783469160220309
0.7334816146399108,0.9098381964324467,0.9836304392872997,0.4189204477294326,0.7833404164895228,0.007831277686304268
0.7299510751575258,0.9116925997902616,0.9840659421654125,0.417415979056011,0.7793625159370094,0.00785811175181711
0.7271504194239742,0.9116374958435141,0.9846915293450718,0.4172225944533883,0.7778495537611434,0.00789343465264631
0.7257839555949457,0.9118045956119449,0.9853328314588368,0.4143940964565074,0.7745006374841523,0.007944382059908318
0.7215377938701555,0.9118330594286947,0.9859557847270051,0.41288176532901577,0.7720186995323957,0.007963643056711447
0.718736593708758,0.9116433602479699,0.9865573789650162,0.41397961011519824,0.7672588185295126,0.007998958206190895
0.7017612145985477,0.9098262530721524,0.9873476188134231,0.410504167160221,0.7671568210794248,0.008072724479793143
0.7138532323824309,0.9099014890902948,0.9879596380288478,0.4083255526143714,0.7636549086272453,0.008077190364587154
0.7103227367045863,0.9117596113387403,0.9883786291592946,0.4068040486237987,0.7593710157245823,0.00810447954506412
0.7075221060021986,0.9116944055977314,0.9889740259585036,0.40659168294518944,0.7578410539734932,0.00813998737095174
0.7061557016221882,0.9118529769487067,0.989582857919687,0.4037472217839855,0.7542371440713396,0.00819193248766066
0.7019095899597279,0.9118712138162222,0.9901756208074048,0.4022172199895193,0.7515512112196348,0.008212187871903667
0.6991083334782093,0.9116760793338066,0.9907468697289952,0.40331994902747215,0.7465363365914754,0.00824850516017275
0.6821330973585304,0.9098304368241117,0.9914910714605862,0.39980281124030737,0.7463323416914136,0.00832423141792709
0.6942251817878917,0.9098958392372212,0.9920719264123199,0.39760656573684683,0.742745431364142,0.008328734952134192
0.6906946861100458,0.9117571797564048,0.9924761543581917,0.39606663660138364,0.7381725456862114,0.008355141586074876
0.6878940741810333,0.9116819437382624,0.9930409402364595,0.3958340588565046,0.7366595835103453,0.008388774692657697
0.6865276854455007,0.9118314502933258,0.9936184087305622,0.3929720858657815,0.7327496812579284,0.008438038949687397
0.6822815894275194,0.9118394423323251,0.9941790556050587,0.3914228250297811,0.7300297492562322,0.008455605722901431
0.679480429941766,0.9116394268059567,0.9947211765642787,0.39253131192551227,0.7245218869528571,0.008489229970798814
0.6625051462628733,0.909764337119009,0.9954186761677533,0.38896898488212917,0.7244028899277737,0.008562276476209614
0.6745972331953505,0.9098201741163139,0.995968123384986,0.38675336120904236,0.7204419889501423,0.008564093614059097
0.6710668054145414,0.9116850547333093,0.996358517762103,0.38519325971667295,0.715784105397347,0.008589689678282646
0.6682662060011113,0.9115990553874764,0.9968926927194304,0.3849392786246042,0.7140161495962047,0.008623321677529786
0.6668999358507235,0.9117391753195536,0.9974385985430618,0.3820578877548908,0.7100042498937,0.008672582612552448
0.6626537775677188,0.9117377986148492,0.9979694534438879,0.38048793834025285,0.7070123246918456,0.00869015049310216
0.6598526243397567,0.9115321868732531,0.9984821587025077,0.38160226251248996,0.7012324691881986,0.008723776955670899
0.6428774514237703,0.9096276142504884,0.999130145196695,0.3779912517888573,0.7009944751380317,0.008796821246410343
0.6549695683936458,0.9875616875453173,0.9951740765384578,0.3757547806996768,0.7372205694856575,0.008798631740245755
0.6514391177718983,1.0,0.9830928336049212,0.37417279934774994,0.7451763705906842,0.008824233341147701
0.6486385690465779,0.9939242981908063,0.9665826795662518,0.3738956279871122,0.7535231619209526,0.0088578620183878
0.6472723013993074,0.9779236282183557,0.945693990746427,0.37099295289830114,0.7552911177218675,0.008907126275417496
0.6430262360445038,0.9331945460037321,0.9008023337075552,0.5804028252894804,0.9009094772629851,0.008924690833960174
0.8377198280623404,0.9426659704235913,0.9138028338851341,0.5430839253039863,0.936472588185211,0.0978700439847374
0.936208930060396,0.9401781219881233,0.9144751231929096,0.5399266734826467,0.9388015299616654,0.020373845242227455
0.9483010473431612,0.9404093726199323,0.9147760531141753,0.53787294488654,0.9386485337865906,0.01994498077770679
0.9447706017276469,0.9310623343640978,0.8989502069878159,0.6930817194488166,0.9280577985550735,0.019706015523474896
0.9401236697699948,0.9416883134112244,0.9140611564146346,0.542197413752949,0.9374415639608742,0.10744693072939764
0.9518479343667101,0.9419725224759559,0.9143668229498418,0.5394731528365373,0.9380365490861777,0.02018267923992174
0.9476018008019809,0.9421528529129766,0.914663658134756,0.5380910287135634,0.9383765405864324,0.019936962560054068
0.9448007164097225,0.9310477269908035,0.8989158997373037,0.6957529683643042,0.9278028049297973,0.019704610314498053
0.9259792262811057,0.9399410069518581,0.9141068182583807,0.5417434563038359,0.9377815554611288,0.1070132150272666
0.9511617393880041,0.9401701478284057,0.9144071727031859,0.5396903233481887,0.9384955376115158,0.02017452149797344
0.9476313594792987,0.9429017087551519,0.9143139233829232,0.5383087551563106,0.937645558860936,0.019935560673084267
0.9448308946083817,0.9337145112793059,0.8985070679797504,0.6948759076418964,0.9288227794304476,0.01970320732019257
0.9416182831528666,0.9428073955432457,0.9137851490508377,0.5412894988547226,0.9371865703355979,0.1074822492008841
0.9504625720078845,0.9429844004338372,0.9140814751604216,0.5399082483377564,0.9382405439863533,0.02016650328032072
0.9476615533224355,0.9431402004961216,0.9143621970044502,0.5409718636521808,0.9373565660858958,0.019934151034764706
0.9306865678272995,0.9304410293188399,0.8990547002327625,0.6944135318076177,0.9291287717807108,0.019905134410628262
0.9409321520036324,0.9404311138266959,0.9142296160815035,0.5415066693663741,0.9374415639608742,0.1074667686480896
0.9504922339387591,0.9431727050305756,0.9141444012979738,0.5401261733273235,0.9374415639608742,0.02016509031999413
0.9476918097434854,0.9432894031033927,0.9144362121307161,0.5400827312831202,0.938342541436441,0.019932746933123545
0.9463257016698945,0.9341995046795266,0.8986187989478696,0.6939509574265188,0.9284147896302102,0.019713961764308476
0.9402330615943457,0.9431333884897259,0.913865228813646,0.5417245546465774,0.9371355716106109,0.10745090052780738
0.9505225069429559,0.9432853445064064,0.9141451759778241,0.5427877331579982,0.9371865703355979,0.020163691755031358
0.933547594663978,0.9408143383544674,0.9148251456829724,0.539628694415279,0.938716532086687,0.020134671808887877
0.9456395961776041,0.9307433679753956,0.8991122036113626,0.6941692000909983,0.9288227794304476,0.01970580402236018
0.9402628455521507,0.9431963593204999,0.9138806781432314,0.5419421619612328,0.936472588185211,0.10745195249670257
0.9505528134263366,0.9433093206234047,0.9141716700287033,0.5419000700354053,0.9381385465362655,0.020162284331383156
0.9491868524108411,0.9435963188561094,0.9144765840177702,0.539174816384894,0.9379855503611907,0.019943508021253522
0.944940638433494,0.9344048661111763,0.8986478383753997,0.6943875221742053,0.928567785805285,0.0196977835900361
0.9402932174294514,0.9433081405908008,0.9138812093522715,0.5446024113828958,0.9362175945600484,0.10745302661231135
0.9364087209995402,0.9408219012907018,0.9145511303530764,0.5414457154926522,0.9385465363365029,0.02036420920714749
0.9485007929133182,0.9410532591982022,0.9148517946698218,0.5393921060246372,0.9382405439863533,0.019935344742626832
0.9449704496126912,0.9317194337316754,0.8990908667149151,0.6946057251293207,0.9277008074798232,0.019696375059052213
0.9403235649013655,0.942327515617642,0.9141389785390219,0.5437159792505868,0.9369825754355361,0.10745410072792012
0.9520480638523647,0.9426119213544741,0.9144441359988988,0.5409917580435388,0.9376965575859231,0.02017303766816338
0.9478018373594348,0.94279182268873,0.9147389570162023,0.5396096339205647,0.9380365490861777,0.01992732431030274
0.9450008749941072,0.9330792603941831,0.899107732601941,0.6972757827638885,0.9259328516786809,0.01969497206474673
0.9261795707218923,0.9461191212876487,0.9140463932300593,0.5432613070329215,0.9350616234594327,0.10702040163582428
0.9513620168704242,0.9492143110492282,0.9139893767930793,0.5412084123334584,0.9353166170844815,0.020164879926215087
0.9478317464730663,0.952211450828989,0.9139034979982492,0.5398221584366296,0.9351466213344111,0.01992591467198319
0.945007223523405,0.9454446432580859,0.8971876553924778,0.6947636492699016,0.9229919252018135,0.019693907915159074
0.9232814577107118,0.9553427567399619,0.9130823816243814,0.540536132801138,0.9308457288567524,0.10695348534073328
0.9313716141884081,0.9555108219896145,0.913366666995721,0.5391521820474203,0.9318657033574027,0.02031409008697349
0.9285593693382137,0.95568196247575,0.9136512401052908,0.5377672385596031,0.9319677008073768,0.0200819438058538
0.9257470825608167,0.9458414024022388,0.897248456693869,0.6929189904751929,0.9221929451763344,0.01984977870002756
0.9210882198111174,0.9553982897894746,0.9130815848108211,0.5407361091581826,0.9307267318315553,0.10690294654033687
0.9313663770428491,0.9555663550391271,0.9133657816473206,0.5393519995670093,0.9318147046324157,0.02031326290722117
0.928554094333017,0.9557377100766453,0.9136501998209205,0.5379671354979201,0.9319677008073768,0.02008110887475172
0.9257418225743197,0.9458987412592215,0.8972465089273884,0.6931198404382453,0.9221929451763344,0.019848952627610918
0.9210829870460127,0.9554535904083232,0.9130801461196707,0.5409357678403153,0.9307267318315553,0.1069031680074727
0.9313611567933271,0.9518673461699665,0.874932984659524,0.5395518567959618,0.9197620059497922,0.02031243462013316
0.9285489110044636,0.9519551513232689,0.8750878763621583,0.5381668735987808,0.9396685082872409,0.020080280587663715
0.92573660076035,0.9367373257078435,0.8240367841011966,0.6933204124357497,0.9135231619208071,0.01984812101851588
0.9210777430168835,0.9092910725277004,0.805490063137293,0.54113554565054,0.9275988100297354,0.10690336732789495
0.9313559027517315,0.873674273597854,0.7706369953364715,0.18166331168868566,0.8150276243093231,0.02031160301103812
0.9469848295108982,0.9087837836629777,0.805475277819008,0.538360972969955,0.9425584360390076,0.5981997385663733
0.9256966763645944,0.8664136402614824,0.7529421344696365,0.3259738910137593,0.7847853803654061,0.019847603892753713
0.9394789467388391,0.8734421647605146,0.770395693629967,0.18423171335144373,0.8089587760305221,0.9418561288927674
0.9481811189626699,0.8738144114092132,0.7705668093420368,0.1840132324307805,0.8123416914576183,0.5995880053073235
0.9437928365391266,0.9087610769749928,0.8054715814894366,0.538543238950661,0.9425074373140205,0.5987379369265105
0.9255873590079604,0.8663792047645855,0.7529338121946737,0.32614936669322314,0.7845813854652306,0.019847706874971872
0.9393696156150653,0.87341212756696,0.7703893633889047,0.1843980955865544,0.8088057798554473,0.9418431730653214
0.9480717640592866,0.8737839272336114,0.7705596822874143,0.1841796543752553,0.8120696982575737,0.5995729676888006
0.9436835004091182,0.9087387278726453,0.8054670883463049,0.5387255843500951,0.9424564385890335,0.5987228550145604
0.9254780526024615,0.8663443580442054,0.7529256448556808,0.32632468353523114,0.7844283892901558,0.019847806535182994
0.9392603279829399,0.8733819652184318,0.7703823691365422,0.18456423956548118,0.8087037824053596,0.9418301065043074
0.9479624811205065,0.8737538006436469,0.7705524445642418,0.18434603661036586,0.8118997025073895,0.5995579300702777
0.9435742706615624,0.9087164502874256,0.8054631264122136,0.538907492946525,0.9424054398639328,0.5987078616894648
0.9253688056459803,0.8663100477022816,0.7529170569761978,0.32649980183041905,0.7843603909901731,0.01984790951740116
0.9391510703882129,0.8733516955942124,0.7703751092796596,0.18473054238186382,0.8085507862302848,0.9418173057038565
0.9478533108219676,0.8737232985887633,0.7705458265849495,0.1845122997173846,0.8118487037822888,0.599542936745182
0.9434650753318601,0.9086940654265143,0.8054594522163523,0.5390894412523191,0.9422864428387356,0.5986927797775148
0.9252596312798778,0.8662757373603578,0.7529084912304248,0.32667492012560717,0.7843263918401817,0.019848015821626354
0.9390419057216879,0.8733215332456843,0.7703681371610072,0.18489692461697438,0.808448788780197,0.9418040841158474
0.9477441342656392,0.8736930110852619,0.7705390979371072,0.18467860253376722,0.8117977050573018,0.5995278880533023
0.9433559425800699,0.9086718951169859,0.805455357480001,0.539271508686205,0.942354441138832,0.5986777421589918
0.9251505341974982,0.866241730966226,0.7529000361532019,0.32684995900206704,0.7840713982149055,0.019848109945159086
0.9389328055104125,0.8732912636214649,0.7703612757109048,0.18506306859590116,0.8083297917552272,0.9417840413400547
0.9476350985096142,0.8736627593403246,0.7705318602139346,0.18484450825651,0.811644708882227,0.5995128504347795
0.9432469162107324,0.9086490990325915,0.8054517939526895,0.539453298154543,0.9421504462387702,0.5986626823937554
0.9250414577658304,0.8662072060729198,0.7528920016164691,0.3270249978785271,0.7839864003399271,0.019848210712705882
0.9388237134342661,0.873261101272937,0.7703545470630624,0.185229093446736,0.8083297917552272,0.9417613409586322
0.9475260564957986,0.8736327221467697,0.7705248659615722,0.18501065223543678,0.8115937101572399,0.5994977242294023
0.9431378554235432,0.9086269287230628,0.8054476992163382,0.5396354450071572,0.9421504462387702,0.5986477112153733
0.9249324783299278,0.866172895730996,0.7528832809347259,0.32719987791753136,0.78393540161494,0.019848315909595404
0.9387147171023269,0.8732315825785566,0.7703472872061798,0.1853950388788428,0.8081937951550344,0.9417388177509183
0.9474170395131485,0.8736024525225503,0.7705182701159898,0.18517695505181941,0.8115937101572399,0.5994827751977337
0.9430289104054927,0.9086048656892254,0.8054433610091767,0.5398169168005833,0.9421164470887788,0.5986327068169208
0.9248235289314239,0.8661390144918373,0.7528749807934731,0.3273748373752636,0.7837824054398652,0.01984841446247085
0.9386058271528408,0.8732011162822364,0.7703408241628577,0.1855613416952253,0.8080407989799596,0.9417162723964908
0.9473081602019078,0.8735722901740224,0.7705110102591073,0.18534282106519817,0.8113387165320773,0.599467737579211
0.9429200436098344,0.9085823914319049,0.8054399081504156,0.5399987062689213,0.9418954526136076,0.598617669198398
0.9247146205214531,0.866104364443558,0.7528662822454399,0.32754971741426786,0.7836804079897774,0.019848514122681973
0.9384969434611454,0.8731710612093997,0.7703336971082352,0.18572708858051223,0.8079388015299855,0.9416936163084955
0.9471993246952053,0.8735423423768767,0.770504148809005,0.18550892533476104,0.8112877178069766,0.5994527885475425
0.9428112049742365,0.9085603283980674,0.8054362118208442,0.5401803766091675,0.9418444538885069,0.5986027201667294
0.9246058494700016,0.8660700541016342,0.752857827168217,0.327724438615816,0.7835784105396897,0.019848611568221743
0.9383881320469403,0.8731408988608718,0.7703263044490924,0.18589279575643491,0.8078198045047884,0.9416711484675654
0.9470905767975819,0.8735123945797312,0.7704972873589024,0.18567467222004774,0.8111347216319018,0.5994377509290196
0.9427024476899266,0.9085379435371563,0.8054324048227228,0.5403618086932296,0.9417764555885242,0.5985876382547795
0.924497087805237,0.8660358510354016,0.752849239288734,0.32789908039863613,0.7835784105396897,0.01984871122843286
0.9382793841493164,0.8731111656151087,0.7703199742080303,0.1860587014791779,0.8077348066296963,0.9416486141864948
0.9469818601889153,0.8734822143519212,0.7704905587110602,0.18584033968660663,0.8110497237568097,0.5994228018973511
0.942593702921199,0.9085158805033189,0.8054277788773312,0.5405433599053837,0.9417424564385328,0.5985727667366085
0.9243883993566313,0.8660019519169613,0.7528414703565214,0.3280738810189121,0.7833404164895228,0.019848815317986702
0.9381706581539624,0.8730808959908893,0.7703128471534078,0.1862246072019207,0.8076838079047093,0.9416260245386401
0.9468731560958306,0.8734521771583663,0.7704831660519176,0.18600608657189355,0.8109307267317263,0.5994078417923258
0.9424850989527753,0.9084935135216896,0.8054240825477599,0.540724871408174,0.9416914577135458,0.5985577291180856
0.9242797797437303,0.8659680885570844,0.7528323734017082,0.3282484433830044,0.7832214194644394,0.019848918300204865
0.9380620447988526,0.873051377296509,0.7703058529010454,0.18639015554038751,0.8075308117296345,0.9416035456243532
0.9467645458696157,0.8734223545161939,0.7704761717995551,0.1861719525852723,0.8108797280067392,0.5993928595405869
0.9423764730820827,0.9084718795906175,0.8054202534159285,0.54090614465478,0.9416404589884451,0.598542780086417
0.9241711989291352,0.8659335457844963,0.7528239183244851,0.32842292632836845,0.7831194220143516,0.01984901906775166
0.937953457413577,0.8730210003965984,0.7702992570554631,0.18655598184440225,0.8074798130046474,0.9415810667100666
0.946656010736898,0.8733924067190484,0.7704693103494527,0.18633738179564707,0.8107777305566515,0.5993779326556319
0.9422680161717558,0.9084492622990419,0.8054162914818372,0.5410872193545664,0.9416064598384537,0.5985278642748189
0.9240626691155396,0.8658996466660558,0.7528160165900124,0.3285972901456409,0.7830684232893645,0.01984911651329143
0.9378449498151404,0.872991606857191,0.7702915987918004,0.18672141105477724,0.8073778155545597,0.941558532428996
0.9465474849908668,0.8733623516462117,0.7704624488993503,0.18650332722775387,0.8106757331066774,0.599362895037109
0.9421594872968284,0.9084272171444863,0.8054123516814558,0.5412686911479925,0.941538461538471,0.5985128266562961
0.9239542240950156,0.8658659978575614,0.7528075615127894,0.32877157454418526,0.7829664258392768,0.019849213958831196
0.9377364857083532,0.8729614445086629,0.770285002946218,0.18688707852133613,0.8072758181044719,0.9415361088814932
0.9464390499828093,0.8733322071769656,0.7704557202515079,0.18666875643812886,0.810573735656476,0.5993479460054405
0.9420511086088936,0.9084050468349576,0.8054078585383242,0.5414497658477788,0.9414364640882695,0.5984978776246276
0.9238458131794554,0.8658318841877384,0.7527993941737965,0.32894589865209345,0.7828304292391977,0.019849314726377996
0.9376280572709774,0.8729317112628998,0.7702778980253056,0.18705254744107513,0.8071398215042791,0.9415135192336385
0.9463306931971438,0.8733024560519207,0.7704487259991455,0.1868343047765959,0.8103697407564141,0.5993329859004153
0.9419427111475849,0.9083830016804022,0.805404295011013,0.5416306817101093,0.9413854653632825,0.5984829175196023
0.9237375080205688,0.8657979850692978,0.7527905406897935,0.32912050072554977,0.7827114322141142,0.019849408849910728
0.9375197386578389,0.8729020852928282,0.7702707709706831,0.18721785752335784,0.8070378240544187,0.9414911953463468
0.9462223864738086,0.8732726155304662,0.7704414882759729,0.18700001195251859,0.8103697407564141,0.5993180811621738
0.941834426326519,0.9083612604736386,0.8054004658791816,0.5418117564098954,0.9412664683383127,0.5984679684879337
0.9236292128741468,0.8657640859508571,0.7527825061530606,0.3292947057053661,0.7826094347640264,0.01984950851012185
0.9374114228607064,0.8728722447713739,0.7702640423228407,0.18738332644309708,0.8069358266043309,0.9414687275054168
0.9461141767462391,0.8732428822847034,0.7704348924303906,0.18716508377861762,0.8101657458563523,0.5993031653505757
0.9417262009544713,0.90833909016411,0.8053965039450903,0.5419927914003178,0.9412324691882077,0.5984530194562652
0.9235209734220682,0.8657302047116986,0.7527732542622774,0.3294687915570904,0.7825584360390394,0.019849610385004338
0.9373032365998539,0.8728426188013021,0.7702574464772584,0.18754839826919611,0.8068338291541295,0.9414462596644869
0.9460059326008166,0.8732128272118664,0.7704280309802882,0.18733039386090056,0.8101147471312515,0.5992881277320529
0.9416180475470228,0.908317134405964,0.8053924313424488,0.5421732704596443,0.9411814704632206,0.5984381147180239
0.9234128353462094,0.8656962161968487,0.7527652197255446,0.32964299653690676,0.7824564385889516,0.019849710045215456
0.937195075370167,0.872812885555539,0.7702501866203759,0.18771398631702674,0.8066808329791684,0.9414236035764915
0.9458978198690136,0.8731834157931773,0.7704209039256658,0.1874957436525475,0.8100637484061508,0.5992732672872386
0.9415098816239929,0.9082950713721265,0.8053884694083575,0.5423542260313385,0.9411304717381199,0.5984231989064256
0.9233047104117125,0.8656623170784081,0.7527571630551018,0.329816963260539,0.7822014449637891,0.019849799739405462
0.9370869579450196,0.8727831344304944,0.7702431923680133,0.1878791772712176,0.8065788355290806,0.9414013461293406
0.9457897352972697,0.873153593151005,0.7704139096733033,0.18766105373483066,0.8099107522311897,0.5992583182555702
0.9414018158256234,0.9082732228896717,0.8053842418697459,0.5425349433468489,0.9410284742881458,0.5984082830948275
0.9231966649511651,0.8656286503906319,0.7527487301115887,0.3299908108560794,0.7820994475137013,0.019849902721623628
0.9369789143618101,0.8727535263397044,0.7702359325111309,0.18804424909731687,0.8064598385039972,0.9413788672150539
0.9456817258190231,0.8731237347502689,0.7704071810254609,0.18782628439838556,0.809859753506089,0.5992433692239016
0.9412938219918545,0.9082510704594249,0.8053801471333946,0.5427157003717236,0.9409264768379444,0.5983933783565862
0.9230887236828429,0.8655948585478828,0.7527404078366259,0.3301646584516198,0.7820484487887143,0.01985000348917043
0.9368709446205368,0.8727237752146595,0.7702294694678087,0.18820936063277993,0.8063748406289051,0.9413564547409078
0.9455737413719407,0.8730942339351702,0.7704003195753585,0.18799123709639254,0.8096897577560185,0.5992284866323739
0.9411859095093726,0.9082293471319434,0.8053760745307532,0.5428963779778697,0.9409264768379444,0.5983784293249177
0.922980805881239,0.8655610845844153,0.7527322404976331,0.3303386251752525,0.7818954526136395,0.019850095398031797
0.9367630615496743,0.8726940598481785,0.7702226080177061,0.18837443245887897,0.8062218444538303,0.9413340201200483
0.9454658351472505,0.8730643755344341,0.7703927941139559,0.1881563486318556,0.8096047598809264,0.5992136151142028
0.9410780220580568,0.9082074807702065,0.8053723782011819,0.5430766584903763,0.9408754781129574,0.5983635467333899
0.9228729268779405,0.8655271854659745,0.7527237854204101,0.33051223451460876,0.7818444538886524,0.019850193950907244
0.9366551841108239,0.8726647735844624,0.7702158793698638,0.18853938515688595,0.8061708457288432,0.9413117626728974
0.9453580353050124,0.8730348747193355,0.7703868622796738,0.18832130132986258,0.809519762005948,0.5991987103759616
0.9409701877979666,0.9081854177363693,0.8053681506625703,0.5432571772590669,0.9407564810878739,0.598348675215219
0.9227651295388202,0.8654935187781985,0.752714954070117,0.33068608211014916,0.781742456438451,0.019850291396447013
0.9365473392124888,0.8726352370108001,0.7702090179197614,0.18870425843616512,0.8061198470038562,0.9412892837586108
0.9452502542361483,0.8730051235942906,0.7703793368182712,0.18848625402786978,0.8094177645558602,0.599183705977509
0.9408624724359114,0.90816390896027,0.8053639231239589,0.5434374180622092,0.9407224819378825,0.5983337704769776
0.922657341586385,0.8654598520904224,0.7527070302019342,0.3308596914495059,0.7816404589884769,0.019850388841986776
0.9364396166539737,0.8726054143686277,0.7702018908651389,0.18886921113417232,0.805949851253672,0.9412669155778917
0.9451425513896767,0.8729756942963196,0.7703722097636487,0.18865124643524078,0.8093497662558775,0.5991689230461924
0.9407547539449617,0.9081418280471507,0.8053600939921275,0.5436177779934439,0.9407224819378825,0.5983188546653794
0.9225496781639984,0.8654262747990555,0.7526984644561612,0.3310333007888624,0.781436464088415,0.019850486287526538
0.9363319003532502,0.8725759850706567,0.7701947638105164,0.18903420354154332,0.8058648533785799,0.9412445473971729
0.9450348673165783,0.8729460862055298,0.7703654811158063,0.18881608000515593,0.8093157671057725,0.5991540515280214
0.9406470917741321,0.908120283512488,0.805355755784966,0.5437978996684945,0.9405864853378034,0.5983039831472085
0.9224420119256052,0.8653929120590715,0.7526901421811982,0.3312069498375829,0.781351466213323,0.019850582625730622
0.9362242409984272,0.8725467703240681,0.770187791691864,0.1891989179833664,0.8057798555034879,0.9412221238496702
0.9449272426924971,0.8729169966139143,0.7703587746016739,0.18898083415634304,0.8091117722055969,0.5991391024963528
0.9405394984390081,0.9080986495814156,0.8053523250599148,0.5439782595997289,0.940518487037707,0.5982892002158917
0.9223344670883638,0.8653594778019598,0.7526819748422053,0.33138040033948335,0.7811984700381345,0.01985067896393471
0.9361167024189769,0.8725172695089696,0.7701806646372416,0.18936351329709744,0.8057118572035051,0.9411999217693031
0.9448197526109294,0.87288715609246,0.7703516475470513,0.18914566772625818,0.8089587760305221,0.599124275271609
0.9404320427752926,0.9080768368575245,0.8053480975213032,0.5441581430185956,0.94046748831272,0.5982742068907961
0.9222269500982936,0.8653258647520292,0.7526736525672424,0.33155377142265574,0.7810454738631734,0.019850774194803116
0.9360091178447609,0.8724881620380722,0.7701740687916592,0.1895283071576488,0.8054398640032332,0.9411775535885845
0.9447122406270925,0.8728576373980796,0.770344786096949,0.1893101836212614,0.8089587760305221,0.5991094037534381
0.9403245401781426,0.9080552923228615,0.8053440027849519,0.5443383838217379,0.9404164895877329,0.598259390739409
0.9221194155864074,0.865292215943535,0.7526650868214695,0.3317271425058286,0.7809604759880813,0.019850870533007204
0.9359016590521501,0.8724582142409267,0.7701666761325165,0.18969290247138004,0.8054058648532418,0.9411551854078656
0.9446048225101258,0.8728284405307729,0.7703383230536267,0.18947489806308448,0.8087547811304603,0.5990945433086239
0.9402171377056541,0.9080332114097425,0.8053397752463403,0.5445181084031487,0.9403654908626322,0.5982445081478813
0.922012025942391,0.8652588532035508,0.7526570301510267,0.33190051358900097,0.7808414789628841,0.019850966871211295
0.9357942506347596,0.87242901737362,0.7701603458914543,0.18985737865701902,0.8053548661282548,0.9411329279607146
0.9444974262954284,0.8727990469913656,0.7703310631967442,0.18963949337681574,0.8087037824053596,0.5990797493039505
0.9401097821666005,0.9080115774786701,0.8053355698414388,0.5446979124032876,0.9403144921376452,0.5982296477030672
0.9219047026309624,0.8981518686942678,0.7908966441178757,0.33207380525344554,0.8003909902251962,0.019851067638758088
0.9356868835187919,0.9070757222273338,0.8219901906053291,0.19002213280820635,0.8198895027624076,0.9411105597799958
0.9443901333342875,0.9236452573112943,0.855612646263429,0.18980400927181895,0.81026774330644,0.5990637593767435
0.940002526752207,0.9356848617800992,0.8998998095482789,0.544877795822154,0.9297917552059971,0.5982147651115393
0.9217974209338458,0.9014662584516706,0.8649856969752558,0.7030704511225978,0.9252188695281802,0.019851159547619464
0.9371470443186416,0.8995097465150508,0.8656277959025809,0.7257596669369153,0.9268508287292434,0.10740320758010641
0.9250463303950447,0.8987408658771725,0.8653742099870221,0.5840299580148924,0.9361665958350613,0.10644408878161074
0.9157772047804036,0.8441100585657333,0.8085844000637981,0.5487374268737171,0.9353166170844815,0.019826287680930078
0.9439644689817617,0.6452755302825152,0.6606018014095365,0.703713663400479,0.9198130046748929,0.01992448842362845
0.9373467470229273,0.6520903794838244,0.6688796982838894,0.726038029578473,0.9239609009774767,0.1074689833194479
0.9249987946477023,0.8448150028916164,0.818553489452424,0.7599122216567167,0.9196770080747001,0.10645097640953505
0.8941931741865177,0.9114891514417727,0.8705474556260062,0.7598533723792864,0.9221929451763344,0.10675295792259602
0.894240710559639,0.9400786059051907,0.9037936603476842,0.7595537652279951,0.92239694007651,0.1067627689167133
0.8945808606292789,0.947511237933228,0.9204495870004648,0.7597286452669993,0.9232979175519631,0.10674960823216659
0.8944458628615002,0.9198072549048144,0.9181555164930002,0.617106508098705,0.9344666383339018,0.10674850643316584
0.8859195380156524,0.9174903681626632,0.9157562887292889,0.5837501658362314,0.9334806629833565,0.019904505443962505
0.9122716814446141,0.9153567440597605,0.9151820074894277,0.5474716908965924,0.9337866553335061,0.019558178458958634
0.9413625700873371,0.9153677219388336,0.9163779139748569,0.5460885343301549,0.932528686782689,0.019689810773146216
0.9385628977656908,0.9153776628195578,0.9175716292229956,0.5447042659015255,0.9312027199318891,0.0194574640642686
0.9357632338920636,0.9153828478113024,0.9187126219738957,0.5457679606346781,0.9286187845303857,0.019225115140719624
0.9187891651633562,0.9128145604866655,0.9201238673239907,0.5425993519352377,0.928567785805285,0.019196091872569106
0.9308817561609253,0.9128764764398087,0.9213313940071739,0.5405400243188088,0.9268508287292434,0.018767224086041406
0.9273522116673614,0.9151770572768874,0.9222478845374653,0.5391517849537806,0.9243688907777141,0.018528010788617377
0.9245525196336719,0.9150890554514843,0.9234096165746428,0.539100043652504,0.9235529111771257,0.01827976273938717
0.923187421254712,0.9152495398856204,0.9246356470393926,0.5363665701636469,0.9216319592010223,0.018045055190841604
0.9189418652841215,0.9152488962314729,0.9258161263289466,0.5349745981184035,0.9202549936251216,0.017783438277957024
0.916141572502466,0.9152464288905737,0.9269435732493219,0.5360401591916635,0.9176370590733995,0.017535184692048414
0.8991675854379357,0.9126451006530265,0.9283710204751425,0.5328539989533405,0.9175690607734168,0.017490241258838763
0.9112602042826756,0.9126961638820699,0.9295637839737507,0.5307877221982136,0.9155971100723264,0.017045476561301183
0.9077307120416691,0.9150026270028864,0.9304360734851567,0.5293920174727555,0.9129621759454949,0.016790606644709653
0.9049311263904323,0.9149033254713363,0.9315830644714689,0.5293305473773018,0.9121121971950288,0.016542356380808088
0.9035659757589141,0.9150537796283391,0.9327921626480629,0.5265913954493944,0.910123246918829,0.01630765104693388
0.8993204501386116,0.9150421580951185,0.9339560416551109,0.5251915609500815,0.9086612834678363,0.016046034134049297
0.8965202606105134,0.9150325926793137,0.9350691016639814,0.5262592266196329,0.9057713557160696,0.015797778333469334
0.8795462385023511,0.9123972222890708,0.9365081690875559,0.5230537676304117,0.9057713557160696,0.015752833792923995
0.8916389455819491,0.9124377188625243,0.9376824509383077,0.5209806211553147,0.9036974075647777,0.015308065773379387
0.8881093917016978,0.9147495278886224,0.9385121109242387,0.5195766568821472,0.9010114747130729,0.015053194749452183
0.8853098216949395,0.9146376393426303,0.9396415941459346,0.5195050211895123,0.9000934976625103,0.014804950022229011
0.8839446845176728,0.9147796008407412,0.9408326090814523,0.5167594363446388,0.8979685507862314,0.014612898151379977
0.8796992299233022,0.9147556962408703,0.9419789139227543,0.5153513025882526,0.8963875903101552,0.014455377436349552
0.8768990654263686,0.9147393009393883,0.9430739128242582,0.5164206360510912,0.8932596685082217,0.014311180184210657
0.8599250564595686,0.9120695308108122,0.944519421157445,0.5131952032517839,0.8932596685082217,0.014323308831904386
0.8720178223624053,0.9120998004350316,0.9456745794827501,0.5111141149038894,0.8912367190819168,0.014042687824094232
0.8684883664165879,0.9144161686780083,0.946461543542076,0.5097014542800085,0.8882277943050667,0.013897862712625258
0.8656887244452305,0.9142920328239299,0.9475726336507557,0.509618977931005,0.8873778155544869,0.013761064677494442
0.8643236645516854,0.9144232131150682,0.9487423116898259,0.5068660865631576,0.8850488737781461,0.013640434850614898
0.8600782828605835,0.9143889027731447,0.9498684305876008,0.5054488593624178,0.8834679133021837,0.013487487431939359
0.8572781121058597,0.9143652306039383,0.950944438765918,0.5065206150964598,0.8801359965999609,0.013350687182137187
0.8403041109612985,0.9116604170828815,0.9520626337955103,0.5032734215656869,0.8801359965999609,0.013365755806059056
0.8523969191042258,0.9116796015523365,0.9528834845648582,0.5011841927981748,0.8778580535486071,0.013085135905584584
0.8488674966375926,0.9140014050970042,0.9535188548443407,0.4997616842520247,0.8748661283467527,0.01294031079411561
0.8460678953418781,0.9138647895041749,0.9543121270110191,0.4996677318968288,0.873778155546006,0.012803513866320476
0.8447027822571074,0.9139859395181797,0.9551357444941178,0.4969072560404595,0.8713982150445645,0.01268288514677661
0.8404575038195632,0.9139397036952435,0.9559326023218173,0.4954799426612668,0.8696982575436323,0.012529934406094036
0.8376573768693771,0.9139091301232323,0.9566974990722654,0.49655447805078823,0.8662473438163261,0.012393136370963221
0.8206833722830313,0.9111697738295872,0.9576381596138852,0.49328361773907825,0.8661283467912426,0.012408204994885094
0.8327762276722837,0.9111772294901304,0.9584307677692632,0.4911851366897566,0.8637484062898011,0.012127585094410614
0.8292468615257715,0.9135039498373148,0.9590358148660354,0.4897528199307015,0.8606374840627495,0.011982754446263247
0.8264472539722663,0.913355069057117,0.9598011985581036,0.4896464385445771,0.8594645133871381,0.011845959733139469
0.825082197207617,0.9134654736227135,0.9605960864856125,0.4868774648843144,0.8570335741605959,0.011724489438479448
0.8208369397336739,0.9134077235422478,0.9613644360948219,0.48543982707048516,0.8551126221843788,0.011565835919049257
0.8180368096545925,0.9133697837061026,0.9621020419808306,0.48651686414993756,0.8516107097321992,0.01142336168122712
0.8010628560692452,0.9105949549172119,0.9630161642041513,0.48322102664827904,0.8514577135571244,0.011450648647032727
0.8131557668399507,0.9106741243773675,0.9637809502860493,0.4811123800017767,0.8489247768804944,0.011146449140606435
0.8096263787911697,0.9129225155906444,0.964356006205761,0.47966882549271284,0.8455588610285076,0.010995945611774784
0.806826880749012,0.9127611550716961,0.9650935899580595,0.4795495385632922,0.8443688907776732,0.010853473588624003
0.8054617748607016,0.9128606890339106,0.9658582653714078,0.47677115378376445,0.8416829579259684,0.010727188598431036
0.8012165580624009,0.9127914246959155,0.9665982395643873,0.4753219605450143,0.8397790055247469,0.010568535079000841
0.7984164936901283,0.912746368905583,0.9673091743298365,0.47640209495485797,0.8359541011474221,0.010426059733843026
0.7814425369758862,0.9109396674718184,0.9682614550692104,0.47307913595759543,0.83586910327233,0.010476565314169052
0.7935355009378178,0.9110579746800047,0.9690059445390315,0.4709596883640881,0.8332171695707302,0.010149142763879626
0.790006119146828,0.9128892601263514,0.9695086896281477,0.469504221045828,0.8297492562686557,0.009998641449719334
0.7872066148468795,0.9128719887400574,0.970230602713761,0.46937107554837554,0.8283552911176457,0.009856172748575594
0.7858416153410208,0.9130712712158688,0.9709731886845214,0.4665824457529386,0.8256183595409539,0.009729883329039908
0.7815963359648075,0.9131350108557637,0.9716951239038445,0.46512090290198826,0.823544411389662,0.009571228702274039
0.7787963654594052,0.9129651397986414,0.972392225100539,0.4662044920264987,0.8193795155119687,0.009428756679123258
0.7618224456661316,0.9112684674655536,0.9733177019170935,0.4628521480998853,0.8192945176369903,0.009479258937442246
0.773915413382738,0.9113783177734116,0.9740310271232238,0.46072114508145723,0.8164895877602021,0.009151835279817146
0.7703860816540788,0.9132132327139795,0.9745096686021415,0.45925237512626094,0.8128006799829564,0.009001338394999565
0.7675866430609384,0.91318648530829,0.9752020110511843,0.45910445774540465,0.8114917127070385,0.00885886526451311
0.7662216404261852,0.9133774539180284,0.9759129900840535,0.45630447107186733,0.80839779005521,0.008732576952313106
0.7619763985967194,0.9134321108827292,0.9766049341263161,0.4548296652933448,0.806289842753813,0.00857392343288291
0.7591763999312562,0.9132575375744731,0.9772722212156302,0.4559168679699783,0.8018699532511846,0.008431446980389414
0.7422025161202823,0.9115325444588904,0.978158632034021,0.4525331139364499,0.8018189545260839,0.008481951453379762
0.7542954947880234,0.9116334551258096,0.9788397748257998,0.45038896711854215,0.7988780280492165,0.008154531117761696
0.7507662537973387,0.913472088957008,0.9792975663498904,0.4489068151076816,0.7949001274968168,0.008030639079971372
0.747966837106468,0.9134358476526416,0.9799600946915528,0.4487430933999581,0.7935401614959119,0.008075949041290827
0.7466018219561317,0.9136185202755884,0.980639643856211,0.4459301217643965,0.7903612409689913,0.008129053538455819
0.7423566865091185,0.9136638084965851,0.9813002244313926,0.4444413779991143,0.7880322991925368,0.008150442834434276
0.7395566659413859,0.9134847832471413,0.9819378302155861,0.4455323927746908,0.7833744156396278,0.008186949477104487
0.722582819051381,0.9117307541777893,0.9827816336422122,0.4421145283974963,0.7833404164895228,0.008259157729406167
0.7346758765672927,0.9118225106523867,0.9834316343040101,0.43995628475537285,0.7801104972375015,0.008255308630585448
0.7311466449632951,0.9136646488228335,0.9838702801689438,0.4384593608611087,0.776030599235014,0.008281095156545806
0.7283472345302155,0.9136191460504541,0.9845020869211154,0.4382785641268705,0.7745516362090257,0.008315567623573421
0.726982309179184,0.9137932008595357,0.9851487896601223,0.43545217072628084,0.7711687207819296,0.008365754291223854
0.7227371402529883,0.9138291918539561,0.9857788699829131,0.4339475432154032,0.7686697832554046,0.00838473623943584
0.7199371822631684,0.9136451604055864,0.9863866616597263,0.4350428068929262,0.7637909052273244,0.008420023705523305
0.7029633613429973,0.9118621490203103,0.9871865739394068,0.43158837019149887,0.7636549086272453,0.008493758973726537
0.7150564179202408,0.9119451625260693,0.9878048791284735,0.42941511640978747,0.7602719932001492,0.00849819717512857
0.7115271581561813,0.9137913592935023,0.9882266369726715,0.4279015145826486,0.7559711007224905,0.00852545756487788
0.7087278290743897,0.9137349859177413,0.9888275671993823,0.42770292805334353,0.7544411389714014,0.008560749460308065
0.7073629068522549,0.9139004765508032,0.9894425080645279,0.42486140538507433,0.7508372290692478,0.008611666969506732
0.7031177786017015,0.9139271166808014,0.9900413134550778,0.42333974255704554,0.7481512962176566,0.008630895853575168
0.7003178800608993,0.9137384902569894,0.9906188926177302,0.42443996990506716,0.7430854228643966,0.008665431438736496
0.6833441214057525,0.9119265144350708,0.9913737849312549,0.4209457444209237,0.7428474288142297,0.008736484739924829
0.6954371720380936,0.9119999446457432,0.9919604610487207,0.4187559715437934,0.7392435189119624,0.008738234330297884
0.6919079498207825,0.9138494490803237,0.9923661276857432,0.4172244607934956,0.7346876328091412,0.008762809431025254
0.6891086176100951,0.9137832599788116,0.9929372438050732,0.4170069726069323,0.733055673608078,0.008795949773230852
0.6877437610947688,0.9139402400736998,0.9935199801221577,0.41414861316833207,0.7292137696556438,0.008845185239532892
0.6834986453597987,0.913957082357229,0.9940881745917669,0.4126089619984168,0.7263918402038598,0.008862725436690626
0.680698718658935,0.9137629133560345,0.9946354084379987,0.41371419272630083,0.7209009774754804,0.008896323108531713
0.6637250595026702,0.9119223664416749,0.9953432002166269,0.410177160547778,0.7207479813004056,0.008969336393872134
0.6758181357919564,0.9119866245807442,0.9958983579310416,0.40796912136321306,0.7169570760730721,0.008971123633658283
0.6722889167035406,0.9138395081995996,0.996290168865599,0.40641878837438505,0.7122821929451675,0.008996697551168251
0.6694895779221723,0.9137629133560345,0.9968310724707687,0.40618045277172743,0.7104632384190381,0.00903030297435909
0.6681248321697524,0.9139111504820845,0.9973820247802818,0.4033042638286968,0.7064173395664284,0.009079538440661127
0.6638796914036171,0.9139180697641713,0.9979190771199102,0.40174483739551525,0.7034424139395696,0.009097076423147502
0.6610798100717408,0.9137185727369772,0.9984371387363518,0.40285550830626593,0.6975945601359399,0.009130674094988588
0.6441061559217087,0.9118489362310023,0.9990965019574831,0.3992720558812408,0.6974415639608651,0.009203687380329013
0.6561992538003745,0.9119041295741594,0.9996201855362667,0.39704400317722577,0.6933446663832683,0.009205473512779484
0.6526700794551674,0.9137605711701087,1.0,0.39547325957530766,0.688278793030122,0.009231045215618093
0.6498708608233921,0.9919138623400425,0.9958156221230325,0.3952132823692769,0.727632809179795,0.009264648424137573
0.6485060837820158,0.9992236279430147,0.9835937637298169,0.3923166828131559,0.7356906077347958,0.009313884997775291
0.6442609874461978,0.9937937436745334,0.9671532644765419,0.3907358530327849,0.7431874203143707,0.009331421872925988
0.6414611680664564,0.9784538025638818,0.9462314636265454,0.3918529965698656,0.743493412664634,0.009365016222760033
0.6244875376960315,0.9322489823023359,0.9007413774701938,0.5988100612568561,0.8951296217594518,0.009438033937443177
0.8340736774496973,0.9426802559698118,0.9134424085513677,0.5584087616011404,0.9323246918826271,0.09809283992338234
0.9460095286406021,0.945401697223015,0.9133797258846257,0.557027947887178,0.9323756906077278,0.020120422613368574
0.9432103309724273,0.9455170007118459,0.9136682609282867,0.5569876428827301,0.9331746706332069,0.019888068153141206
0.9418456268343198,0.9364394568717571,0.897716031317783,0.7109173391215822,0.9230429239269142,0.019669276340312056
0.9357524995897166,0.9453634355597962,0.9131027003701684,0.5586210875703854,0.9321206969824516,0.10740232171156308
0.9460437734649512,0.9455146585259198,0.9133797258846257,0.5596831145102503,0.9319677008073768,0.020118997472349513
0.9290702504156481,0.9430606019332008,0.9140314529758042,0.5565265377480988,0.9335826604334443,0.02008997198952763
0.9411633220115903,0.9330121236907314,0.8983384533769112,0.7111293871252791,0.9234509137271516,0.01966109977365722
0.9357861768323943,0.9454265315455435,0.9131172200839337,0.5588332547021746,0.9312367190819941,0.107403440120599
0.9460780974503624,0.9455379015923611,0.9134054673893648,0.558794339525466,0.9329706757330314,0.02011757233133045
0.9447134662155232,0.9458231834140052,0.9137073047927406,0.5560658297071075,0.9328176795579566,0.019898781625836984
0.9404682879026396,0.9366440852528499,0.8977433664496426,0.7113420704788,0.9232469188270898,0.019653062731297948
0.9358204657741727,0.9455388491943004,0.9131177291592638,0.5614868726600513,0.9308457288567524,0.10740459174970533
0.9319380969933113,0.9430695415741399,0.9137594296798088,0.5583329167159228,0.9334466638333652,0.020319472845709837
0.9440311645216894,0.9432995227769356,0.9140571944805431,0.5562776394546205,0.9331746706332069,0.019890605059182134
0.9405020862335793,0.933974011176482,0.8982970412054867,0.7115541184824974,0.9223459413514092,0.019651629838929135
0.9358548269934412,0.9445449935525523,0.9133513947358158,0.5605994080842787,0.9318657033574027,0.10740572123209806
0.9475813910155786,0.944827396809814,0.9136540289527517,0.5578717321625637,0.9326646833828818,0.020128284696690545
0.9433362962442091,0.9450062253871572,0.9139467915350243,0.5564896080395898,0.9329706757330314,0.01988256690948719
0.9405364987667366,0.9339623896432616,0.8982422602732176,0.7142122235985047,0.9220909477262467,0.01965021023458846
0.9217148856725199,0.9428382730630489,0.9133955736209911,0.5601377867279156,0.9323756906077278,0.106972088580143
0.9468991143529104,0.943064982357261,0.9136925416081654,0.5580832242351652,0.9330216744580184,0.02012010591536434
0.9433701017716083,0.9457749093529348,0.9136228868227709,0.5567018942994706,0.9322566935827581,0.019881138446461083
0.9405709541657647,0.9366132971294563,0.8976690635851465,0.7133355599697366,0.9230769230767919,0.019648781771562353
0.9373582729358771,0.9456810252437937,0.9130994024473773,0.5596761256621883,0.9316617084572272,0.10744120026725802
0.9462043274267167,0.94585674282609,0.9133924085004601,0.5582953913669539,0.9327156821079825,0.020112064443662352
0.9434046041040722,0.9460122389405825,0.9136693233463673,0.559357656563003,0.9318147046324157,0.019879706661427944
0.9264312525182503,0.9333689047606055,0.8983541683110168,0.7128670291840398,0.9235019124521386,0.019850684500613107
0.9366760360101831,0.943323069791169,0.913514564445993,0.5598880148284295,0.9319677008073768,0.10742576400789068
0.9462382665579612,0.9460428125125937,0.9134529884647513,0.5585073202425592,0.9319677008073768,0.02011063598063625
0.9434391054978666,0.94615759750225,0.9137412136364724,0.5584672137849309,0.9327666808329695,0.019878287057087277
0.942074633836707,0.9370944464840731,0.8977743536436535,0.7123984983983427,0.9226859328516639,0.019659491922251096
0.9359811304988446,0.9460044614529657,0.9131765826941745,0.5600994274823028,0.9317467063323193,0.10740998447446279
0.9462728054985039,0.946155684419089,0.9134533647378216,0.5611615735502598,0.9317127071822142,0.02010920751761015
0.9292995168034852,0.9464352269912504,0.9137670658097614,0.5580057909753879,0.9319677008073768,0.020080183142123956
0.9413925136188217,0.9376602184798184,0.8978066688602648,0.712609990470944,0.9221419464513474,0.019651309818917852
0.9360151700676398,0.9470089731467133,0.913372200423223,0.560311316648544,0.9306927326815639,0.1074111361035691
0.9463074267290019,0.9474450488317159,0.9136856801580628,0.5602729176935672,0.9324266893327149,0.020107779054584045
0.9449430636405212,0.9481052413150584,0.9140003551132432,0.5572931667292553,0.9297917552059971,0.0198889872417549
0.9236064113599012,0.9358053860192383,0.8983507154522554,0.7107685481347183,0.9214279643008467,0.01982014639725351
0.9338265676269688,0.9458459794983995,0.9139641886310905,0.5564641543372733,0.9294857628559612,0.10736057515645914
0.9419189077609471,0.9460093424969183,0.9142509972453712,0.5550787343370882,0.9303867403314143,0.0200674078103936
0.9391079329295016,0.9461760310418663,0.9145374074528716,0.5536925598589875,0.9305567360815985,0.019835242704567362
0.9362968767467694,0.9362009830100695,0.8984122028986572,0.708918528575871,0.920611984700372,0.019603083135419523
0.9316373481680729,0.9459031038039996,0.9139611784465294,0.5566581345803556,0.9294347641308605,0.1073100806494899
0.9419177062650128,0.9460670031809746,0.91424758865403,0.5552729925457187,0.9303357416064273,0.020066557376592017
0.9391066375666983,0.9462335844502312,0.9145348842099306,0.5538866592301617,0.9304377390565151,0.019834395592772815
0.9362956010960075,0.9362601276745215,0.8984075990869755,0.7091133030062331,0.9205609859752713,0.019602233808953613
0.9316360734559805,0.945960442660982,0.9139580797271285,0.5568527898826261,0.9293327666807727,0.10731036855676647
0.9419164400009383,0.9440069344437179,0.8712321619450962,0.555467171335621,0.9172290692731622,0.02006570140611203
0.9391054160458308,0.9404377291609907,0.8406241405203732,0.554081076276248,0.9235019124521386,0.019833547373642586
0.9362943911520554,0.9152204502940051,0.7894296218185612,0.7093078391804115,0.9165660858477622,0.01960138337515203
0.9316348791565066,0.9039106065943296,0.8017857875641041,0.5570466509976164,0.9403654908626322,0.10731064539068624
0.9419152791806487,0.8703680010344237,0.7686524204960457,0.19797583899631888,0.7973480662982411,0.020064856508988836
0.9426662901716578,0.8707324344369416,0.7688214113719549,0.19776355273643786,0.8016999575010004,0.5965096121192869
0.9382793844622066,0.8622280288567319,0.7507138674820253,0.34549056690160174,0.7851423714406565,0.5957695021714134
0.9320440216883799,0.9039477061042265,0.8018119274756232,0.557223317958,0.940127496812579,0.9405052900977725
0.9418106082340727,0.8718481195054062,0.7502583335963555,0.19813797232948271,0.805609859753531,0.020064938451829092
0.9425616317406647,0.8529498258361274,0.6943266033427125,0.19792532868532575,0.8070718232044101,0.5964870999849298
0.9381747479334828,0.802210176036191,0.6324259869764365,0.34566115832929545,0.7986400339990496,0.5957549628539462
0.9319393535578095,0.8309776902678312,0.6775395344581359,0.5574145185456032,0.9379345516362037,0.9404833648513253
0.9414967196115014,0.5603791573487299,0.5263150909803935,0.33313777795214605,0.7946621334466499,0.020067570588738433
0.9523180102642597,0.6006774316869292,0.5787289646200171,0.33480382402763587,0.7920101997449365,0.9363185646284748
0.9512774490784754,0.6517636356075053,0.6665378632302281,0.7001759164534043,0.9210709732257101,0.9366393597747245
0.9506450532704487,0.6579492234831208,0.6720369834816564,0.7708439315971263,0.9194560135996426,0.10603616846412553
0.893569686657329,0.6183362977778664,0.5858166212387024,0.7706657953902749,0.9081172970675198,0.10675445282576287
0.8938569890534604,0.5766553112963555,0.5335979979085415,0.7707716208453037,0.9138971525711668,0.10675625778291989
0.893787956228473,0.5338787003006473,0.48633812243367924,0.7708612051704611,0.9168210794729248,0.10675773053937317
0.8938241109307357,0.48855924419841446,0.4393461755184611,0.7709622655018111,0.9176370590733995,0.10676188304816997
0.893642549876386,0.43479665481496754,0.39147943798260615,0.3970578617452576,0.7873183170420361,0.10675950227645979
0.8917178713492406,0.4312375692057834,0.38741660958751745,0.34893932516397874,0.781436464088415,0.9311853993542079
0.9362561369608042,0.43055223130040776,0.386804997632357,0.3364005375536021,0.7903612409689913,0.9402106280735507
0.9504870055541086,0.42995608955646475,0.38632557262010486,0.3370701962678997,0.7866553336166362,0.9369695672742471
0.9484895091768935,0.4293628192251913,0.3858461498212238,0.33823749273169756,0.7849893752655817,0.9372050422064183
0.9469708308317073,0.4287668848809181,0.3853659302087824,0.3394045509393111,0.7832724181895401,0.9374832602958048
0.9454521274553556,0.4281396260347947,0.38496091872957633,0.3537466598964849,0.7726816829579093,0.937761423018407
0.9295073953121364,0.4279869012089935,0.38531712095147325,0.34223956127188604,0.7802294942625849,0.9419015296556127
0.9428874467748294,0.4274028029493234,0.38479732847890896,0.34290580498088064,0.7783595410114685,0.9383606023543951
0.940889828370683,0.4263639630343702,0.3834907180295048,0.34407000411428723,0.7785125371864297,0.9385807406874102
0.9393711969589322,0.42574959515048083,0.38304533466324464,0.3462453624922901,0.7753166170845134,0.9388197037269705
0.9387913080876755,0.4251743471353403,0.38248781085523015,0.3464016585489478,0.7732426689332215,0.9391465892194557
0.936327945429134,0.42456839145357456,0.382005484113596,0.3475635545392428,0.7713557161071094,0.9392971868718201
0.9348089260343202,0.42392726722435486,0.381597566478266,0.36187671537006927,0.760424989375224,0.9395359284442447
0.9188641397612063,0.42376624641176225,0.38193345216774677,0.35039066270838437,0.7682787930300492,0.9436365585644886
0.9322441796469851,0.4231715993757842,0.38141180931702584,0.3510516250719682,0.7664428389289242,0.9400561547463094
0.93024661130517,0.4221232762897229,0.38012024536368494,0.3522111385004243,0.7665448363791256,0.9402523746286547
0.9287279642489401,0.4214984633293605,0.3796722214458208,0.35438332012930807,0.7632809179769993,0.9404911162010794
0.9281479930877277,0.4209122302834342,0.37911258165512957,0.35453326268772756,0.7609689757755405,0.9408180016935644
0.92568472836362,0.4202953056622363,0.37862762100200453,0.3556906715198924,0.7591500212494111,0.9409685993459289
0.924165640133102,0.4196397975507458,0.37821706281507056,0.36997162805652395,0.747811304717402,0.9412073409183536
0.9082208901551776,0.41947014104500613,0.3785334243589535,0.3585085274072244,0.7558521036974071,0.9453080264053813
0.9216009156480371,0.41886419430288124,0.3780083529965524,0.3591638113317581,0.7538801529960892,0.9417275672204181
0.9196033748405035,0.4178076717781507,0.376732619072609,0.36031848021780744,0.7541011474712604,0.9419235656356276
0.9180847027531085,0.4171722957380548,0.3762822202076611,0.36248736596948006,0.7507012324691686,0.9421625286751882
0.917504732217675,0.4165742337592381,0.37571836173184237,0.36263067706411367,0.7482532936676307,0.9424895249012413
0.9150415012856397,0.4159467603617322,0.37522970474914596,0.3637828442602318,0.7465363365914754,0.9426399010864697
0.9135224130551229,0.41527686836797095,0.374813340890077,0.37802853888164223,0.7346366340841541,0.9428787533924624
0.897577564829874,0.4150982632816514,0.3751162473516462,0.36659148757511884,0.7430854228643966,0.946979383512706
0.9109575947031869,0.41448069500630585,0.37459038581579784,0.36724061654823426,0.7409094772630169,0.9433989796945269
0.9089601170993462,0.41341521496135447,0.3733141251095563,0.3683900835076013,0.7410624734382054,0.9435950888433043
0.9074414105940991,0.4127694152999237,0.37285580237642557,0.3705550380322389,0.7376795580109956,0.9438339411492971
0.9068614306719782,0.4121596245121951,0.37228508909061747,0.37069155882563054,0.7352316192094577,0.944160826641782
0.9043981528065084,0.41152085140854233,0.37178983404896776,0.3718383652576107,0.7332596685082535,0.9443114242941463
0.9028791240250089,0.41083636634491233,0.37136634756201825,0.3860453432491322,0.7210029749255682,0.944550276600139
0.8869343033340424,0.41064880731422826,0.3716840282750177,0.3746365650097683,0.7299277518061444,0.9486507959868148
0.9003143432198208,0.41002004660842717,0.37115500383200917,0.37527965815955766,0.7275818104546943,0.9450703921686356
0.8983167999091703,0.4089450905440805,0.36985419905474004,0.37642360551733023,0.7278368040798568,0.9452663905838452
0.896798068372759,0.40828915690568135,0.36939430040145677,0.3785837949182893,0.7240968975775104,0.9455053536234057
0.896218160415239,0.40766711523400995,0.36882279251545935,0.37871384308535094,0.7216659583509681,0.9458322391158909
0.8937548919364557,0.407017686078358,0.36832489913557676,0.3798546931127327,0.7196430089246633,0.9459828367682551
0.8922358224793125,0.406318168114525,0.36789956448384165,0.3940198571439748,0.7070123246918456,0.9462215783406798
0.8762909751927324,0.40612101506118525,0.368205636065942,0.38264177424297396,0.7159881002975226,0.9503222638277076
0.8896710322874379,0.405480323510587,0.3676686921814927,0.3832783550570691,0.7137611559710422,0.9467418046427445
0.8876734608167265,0.4043969445165476,0.366383458469214,0.3844163063008794,0.713914152146117,0.9469380245250898
0.8861547730848538,0.4037304638897687,0.3659217094377741,0.38657196883434386,0.7102082447937619,0.9471766553639467
0.8855747690702365,0.40309616597036996,0.36534809220921294,0.3866944325128836,0.7075223119421707,0.9475036515899997
0.8831115246839505,0.4024354406844275,0.36484967204703217,0.38782944526375895,0.7054823629408702,0.947654249242364
0.881592452097911,0.40171993506673925,0.36442170127043505,0.4019491023638708,0.6923926901827144,0.9478929908147886
0.8656476170140244,0.4015131915666002,0.36470455459073725,0.39060473271289586,0.7017424564385237,0.9519936209350325
0.8790276994527844,0.40086099112225715,0.3641670817106188,0.39123456293511305,0.6993625159370822,0.9484131063832854
0.8770301467554478,0.3997693000500727,0.3629501858279891,0.39236627980877725,0.699566510837144,0.9486093262656307
0.8755114246057225,0.3990910959781664,0.36255202915877244,0.39451666099683136,0.6957246068848235,0.9488481785716233
0.8749314675245401,0.39844528558916653,0.3620594124553557,0.3946318181523971,0.6930386740331187,0.9491750640641083
0.8724682168804629,0.39777283864602486,0.361629593513973,0.39576059653312634,0.6908117297066383,0.9493256617164728
0.8709490723298234,0.3970419908165572,0.3612694315713557,0.40983156995298864,0.6772630684232581,0.9495645140224653
0.8550042278592502,0.3968254405303081,0.3614910719032604,0.3985231769857869,0.6869528261793221,0.9536650334091413
0.8683843040402186,0.39616088013840284,0.361027742524926,0.3991457006850303,0.6844708882277928,0.9500845188573941
0.8663867701162551,0.3950606660125472,0.35994699330592494,0.4002707463855446,0.6846238844028676,0.9502806280061716
0.864868088642174,0.39437180231278524,0.3595459393340683,0.4024156079720045,0.6806629834253499,0.9505195910457321
0.864288015791852,0.39371320644931446,0.3590490973054111,0.40252318063904835,0.6779940501487545,0.9508464765382171
0.8618247807922539,0.3930296743514085,0.3586169034169446,0.40364477162489565,0.6755121121971115,0.9509969634570136
0.8603057113351089,0.3922832661829224,0.3582519937935306,0.4176640037434811,0.6616744581385774,0.9512357050294382
0.8443608918957013,0.39205584886914796,0.3584564805001793,0.4063942479874403,0.6715512112197075,0.9553364458832501
0.8577409399166087,0.39137913592935025,0.3579891958278665,0.4070097431292574,0.6691032724181696,0.9517560420650708
0.8557433966059582,0.39027060972534955,0.35692005573976454,0.40812768085361806,0.669171270718266,0.9519520404802803
0.8542246650695469,0.38957087721013406,0.3565155688294857,0.4102663874886596,0.6650743731406692,0.952190892786273
0.8536446016059114,0.38890013237462717,0.3560158272848175,0.41036566089863014,0.6621844453889025,0.9525177782787579
0.8511814260553305,0.3882042385412308,0.3555794124978524,0.41148010419895953,0.6599575010624221,0.9526682651975545
0.8496623472114999,0.3874420572702721,0.3552121279273547,0.4254442197203294,0.6453038674032996,0.9529071175035471
0.8337174780226504,0.38720398211657014,0.3553976172707037,0.41421580141220016,0.6557586060348513,0.9570078583573587
0.8470975226017723,0.38651533475611893,0.35492716526448875,0.41482351351867597,0.6531236719081335,0.9534272995121845
0.8451000074511832,0.3853993457398624,0.3538693731295078,0.4159341844294264,0.6532766680832083,0.9536234529543891
0.8435812571413974,0.38468725327708464,0.3534611898896577,0.41806590221640594,0.649009774755541,0.9538621945268138
0.8430013147660254,0.3840041467060874,0.3529582832244583,0.4181573528816711,0.6460688482787873,0.9541892461196508
0.840537989967121,0.3832965276396355,0.35251843771244207,0.41926460878711835,0.6436039099022537,0.9543397884052311
0.8390189424122463,0.3825181531030799,0.35214799023478416,0.4331695573561458,0.6285932851677671,0.9545785299776559
0.8230740694687215,0.38226942010945053,0.35231553356605894,0.4219853355701355,0.6392350191244986,0.9586792154646836
0.8364541084158326,0.3815686202011069,0.3518408628747165,0.42258506609444946,0.6366340841478859,0.9550987119862934
0.8344565463318085,0.3804443226825617,0.3507949410484127,0.42368815251667824,0.6367530811729694,0.95529475469493
0.8329378992755787,0.3797215723798565,0.3503846484659988,0.42581240494322814,0.6323501912451093,0.9555335405607819
0.8323578536466494,0.37902482749264277,0.3498780454712282,0.42589571518887537,0.6292562685932808,0.9558606032269756
0.8298945914256586,0.3783061250593548,0.34943503926542285,0.4269949895121614,0.6266043348915673,0.956011090145772
0.8283754875506619,0.37751090823927014,0.34906062542693156,0.4408374752516353,0.6111347216318563,0.9562498760116239
0.8124306249324942,0.37725131000604356,0.34920970481731783,0.42970022964322285,0.6222184445388166,0.9603505172052245
0.8258106973587878,0.37653729552046394,0.34873265475214954,0.4302914623636436,0.619379515512037,0.9567701244604021
0.8238131321458675,0.37540617526795417,0.34769860987463597,0.4313865274943469,0.6195325116872255,0.9569661671690387
0.8222944099961431,0.37467170509597797,0.34728462317602177,0.4335031557230109,0.6150446238842733,0.9572049530348907
0.8217144206873357,0.3739628094488,0.34677458945619993,0.43357769019921677,0.6117297067572736,0.9575319049675164
0.81925113969297,0.3732315289407109,0.3463281525253434,0.4346689829403412,0.6090947726305558,0.9576825026198809
0.8177320170446003,0.3724201134912448,0.34595136595313924,0.4484453922981386,0.5929791755205542,0.9579212441923055
0.8017872220105784,0.3721487918128909,0.34608197476252406,0.4373579422321674,0.6045728856778396,0.9620219296793333
0.8151672268527252,0.3714226319311316,0.3456014961856756,0.43794043889251055,0.6016149596259766,0.9584414704943702
0.8131696209641621,0.37030749754454884,0.34458301794641044,0.4390272047661403,0.6017509562260557,0.9586374689095796
0.8116509269744969,0.3696525258115147,0.34419647040809287,0.4411356925751868,0.5969740756480633,0.9588763212155722
0.8110709658257513,0.36901609489378795,0.3437136168841606,0.44120149099131534,0.5936931576710549,0.9592032067080573
0.808607678573595,0.36837220831551815,0.3432948802913788,0.4422838888349063,0.5909052273692623,0.9593538043604218
0.8070885653119118,0.36778884847018967,0.342947648862148,0.4559909656431804,0.5743306417339227,0.9595926566664144
0.7911437274120194,0.3674621081697269,0.34308115940091477,0.4449556936814898,0.5861453463662656,0.9636932314198741
0.8045237532177678,0.36681438290963786,0.3426265374240974,0.4455294145723916,0.5831534211644112,0.9601127722349111
0.8025261911337433,0.3657665979899611,0.34165660947773424,0.44660752380467184,0.5832044198893982,0.9603088813836884
0.8010074564684357,0.3651173815977634,0.34126821377463107,0.44870719613491294,0.5782915427114403,0.9605476229561131
0.8004275212895231,0.36446347546992924,0.3407800835742329,0.44876386139732416,0.5748916277092349,0.9608746191821661
0.7979641861652635,0.36380253205674784,0.3403579162563999,0.4498376025995656,0.5720356991074595,0.9610252168345305
0.7964450885480585,0.3632004204205858,0.34000593493300146,0.4634712965031895,0.5547811304716106,0.9612639584069553
0.7805003157291961,0.36285897441077847,0.34012176727758503,0.45249133968553457,0.5671398215043837,0.9653645774538422
0.7938802670672271,0.3621933430498887,0.33966318779341825,0.4530558082946272,0.5639949001274545,0.9617841847090198
0.7918826955965161,0.3611304286818868,0.3387024940308704,0.45412434757018616,0.5640458988524415,0.9619802938577973
0.7903639703178946,0.3604654356113601,0.33830935286034153,0.45621532354971395,0.5590310242242822,0.9622190354302219
0.7897840101078177,0.359793841509964,0.33781779193489214,0.4562624585647679,0.5553761155970278,0.9625459652161342
0.7873206687257661,0.3591156392259859,0.33739061133174236,0.4573266695196523,0.5525541861452439,0.9626965185750714
0.7858015867530397,0.3584939158055319,0.33703440689647446,0.4708839626069625,0.5345176370590252,0.962935370881064
0.7698567820194411,0.35813648035394113,0.3371315074822785,0.45996178291391043,0.5473863153420098,0.9670359899279509
0.7832367214676696,0.35745380288570894,0.3366689682773913,0.46051699924119394,0.5441563960901021,0.9634554310827768
0.7812391061924187,0.3563757537055974,0.33571751091202967,0.4615761671068517,0.5441563960901021,0.963651595598338
0.7797204403628162,0.35569414005463695,0.33532014441626035,0.46365721574538243,0.5389205269867716,0.9638903371707629
0.779140494858547,0.3550042125376033,0.33482330681434513,0.4636948602224429,0.5352316192094122,0.9642255276808416
0.7766771043528342,0.35430895699457,0.3343921687038459,0.4647491438363305,0.5321886952825707,0.9643886382263801
0.7751580411534822,0.35366698707531746,0.33403227236574873,0.47822610488029293,0.5137271568210053,0.9646400477189744
0.7592132880466611,0.3532937820971103,0.33410984437921293,0.46736479964223454,0.5268168295792748,0.9687533125393174
0.7725931883836936,0.35259192015942314,0.33364308648919827,0.4679097709536091,0.5235189120271571,0.9651855877146643
0.7705955918818175,0.3514991634820388,0.33270139008995003,0.46895913060636163,0.5235189120271571,0.9654113734596431
0.769076891634362,0.350800285596497,0.33229874913108587,0.47103025190389536,0.5181470463237474,0.9657109520542803
0.7684969836768412,0.3500911771858647,0.3317976884173011,0.4710579293305952,0.5143051423714269,0.9662196177718545
0.7660335493665889,0.3493782318813414,0.33136232940830346,0.4721024444409412,0.5111772205693796,0.9665636669673665
0.7645144423626977,0.34871558636052524,0.33099715418036946,0.4854951025051568,0.49200169995742726,0.9669959708165066
0.748569716790159,0.3483251171477368,0.33105678682187234,0.4746972131213876,0.5055673608159168,0.9712899971131138
0.7619496459130315,0.34760535089717703,0.33058527903769,0.47523225709176486,0.5022354441138077,0.9679031002048661
0.7599520494111549,0.3464966101417938,0.32965255343110794,0.47627105405369674,0.5022354441138077,0.9682931038310626
0.7584333335192217,0.34578046623374253,0.3292464817471925,0.4783316523697734,0.49655758606036215,0.9687290618879439
0.7578534045980998,0.3450523896929659,0.3287404077480911,0.4783492039086563,0.49261368465784017,0.969252720930614
0.7553900287981965,0.34432154007557003,0.3283000354537767,0.47938323574690966,0.4894177645558102,0.9696004686272941
0.7538709155365133,0.45015844440807407,0.41300098711919886,0.49268797727925495,0.4158096047599429,0.9700362716571803
0.7379261511656687,0.5069090014996784,0.46812028626678104,0.48195679962698623,0.4879558011049312,0.9743216607354903
0.7513060752823075,0.5564928093640522,0.5256517613984291,0.4824813603252702,0.5036124096897083,0.970882054648915
0.7493084819093272,0.6023794320460167,0.5859622831842635,0.48350983285256555,0.524181895452557,0.9712217852352782
0.7477897566307061,0.6604339788028241,0.6635767491042598,0.5128517569626498,0.841308967275836,0.9716038160445849
0.7607907054629965,0.6508956322308956,0.6640475995172549,0.6998329466766382,0.9221419464513474,0.10338372301843071
0.956792070736594,0.6573512509007136,0.6696320894881831,0.733390218320892,0.9203569910752094,0.10608470298694266
0.9263322101420801,0.660683555698558,0.6724277541318434,0.7810005941712135,0.9139311517211581,0.10637940930459161
0.8817287758916725,0.6585856365215657,0.6727040049664503,0.7671107748698656,0.9172970675732586,0.1082064578084049
0.8966445879054157,0.6523039475058563,0.6672106837470441,0.766634103664551,0.9156991075223004,0.10670550858874445
0.8961629347810276,0.6451937862057693,0.65907183083896,0.7666810798421488,0.9177730556734787,0.10667316331355647
0.8961433851280436,0.6391081613951333,0.6536579475047717,0.7676291409073677,0.9171270718230744,0.10667379449489359
0.8972282439670498,0.6332973947848066,0.6482844139239273,0.7353414570485453,0.9183170420739089,0.10674112050418591
0.924780714687635,0.6302009355942139,0.64544021005422,0.6997373265281543,0.9198980025498713,0.10639957388730893
0.957182484950593,0.630296410959442,0.6454954779281095,0.7142711522946634,0.914883127921712,0.10608798070055293
0.942825501524295,0.6311404382190533,0.6482210893795952,0.7002440577220082,0.9199490012748583,0.10762337359651337
0.9577931859347695,0.6312382736494894,0.6482621252779495,0.6997061943867877,0.9198980025498713,0.1061229448246221
0.9573833609907529,0.6303659971245108,0.6456207989941734,0.6996939639026791,0.9212749681257719,0.10609043898576066
0.9574524313624884,0.6303748473690405,0.6456698915629706,0.7007484460633864,0.9201869953251389,0.10609124734080645
0.9584602752507849,0.6305195801558423,0.6457076074048238,0.6996752210828769,0.9198980025498713,0.10615978034598902
0.9575845959152445,0.6305735040699861,0.6457528708417897,0.6996626729238566,0.9198980025498713,0.10609291941768197
0.9576532032104228,0.6306687648838317,0.6458073640358287,0.714197332587009,0.9149171270717034,0.10609369455265737
0.9432962745397981,0.6315130066948256,0.6485349453875052,0.7001694041177102,0.9199490012748583,0.10762907637526098
0.958263901065703,0.6316116824515099,0.6485765124948998,0.6996315407824898,0.9198980025498713,0.10612865314004813
0.9578540313784782,0.6307385656002831,0.6459330835086728,0.6996191117515616,0.921325966850759,0.10609615283786508
0.9579231383582933,0.6307469867420477,0.6459820211414999,0.7006736733309966,0.9202549936251216,0.10609695565623245
0.9589309988297376,0.6308919162009501,0.6460200247215833,0.699600527769215,0.9199490012748583,0.10616549419809344
0.9580552622354066,0.6309457328394027,0.646065000420319,0.6995878604821026,0.9198980025498713,0.10609862219642957
0.9581239164640185,0.6310412260839127,0.6461200248233984,0.7141232349138071,0.9149851253717998,0.1060993862580482
0.9437669195834695,0.6318863082211548,0.6488491998021955,0.7000949490602324,0.9201019974500468,0.10763477361733022
0.9587345392258033,0.6319855382355775,0.6488900807645798,0.6995565695032799,0.9199490012748583,0.10613435591879575
0.9583247289875967,0.6311112413517467,0.6462458770985025,0.6995448949502674,0.921376965575746,0.10610186668996947
0.9583936967315547,0.6311194479421286,0.6462943056559995,0.7005988608892428,0.9202549936251216,0.1061026418249449
0.9594015909950708,0.6312641628496486,0.6463326855091529,0.6995257153274612,0.9200509987249461,0.10617118590348426
0.9585258487687289,0.6313184085908663,0.6463771521325585,0.6995134451339886,0.9198980025498713,0.10610434712189078
0.958594494549323,0.6314136872839937,0.6464320215996677,0.714049494624881,0.9149851253717998,0.1061051001101526
0.9442375286448406,0.632259627626766,0.6491631886123654,0.7000200571997506,0.9201529961750339,0.10764049854279142
0.959205123568899,0.6323589470375979,0.6492038261039398,0.6994821938645301,0.9200509987249461,0.10614005869754337
0.9587952319794053,0.6314833807247539,0.6465584050838121,0.6994701222178776,0.9214279643008467,0.10610756946871712
0.9588642209998528,0.6314918018665183,0.646606568036789,0.7005245646692209,0.9203569910752094,0.10610835567704929
0.9598721183922656,0.6316366240497295,0.6466444388146122,0.6994515382355313,0.9199490012748583,0.10617691082894547
0.9589963354902795,0.6316910843423298,0.6466899457223882,0.6994391092046028,0.9200509987249461,0.10611003882728162
0.9590649865899956,0.6317869888103229,0.6467448373232074,0.713975555789135,0.9150361240969005,0.1061108361089706
0.9447080391459983,0.6326332688594509,0.6494770446202756,0.6999458403984566,0.9201529961750339,0.10764619024818224
0.9596755937073023,0.6327327849423834,0.6495175493095897,0.6994075005508682,0.9199490012748583,0.10614577254964777
0.959265705246704,0.6318563783032912,0.6468705567960515,0.6993955480323077,0.9214279643008467,0.10611327224746474
0.9593347255561087,0.6318644597387,0.6469193616266187,0.700450109611743,0.9204079898001964,0.10611405291911853
0.9603426501699137,0.6320098183003675,0.6469572324044419,0.6993768449218694,0.9201529961750339,0.1061826025343363
0.9594668547523448,0.6320636349388202,0.6470020753009178,0.6993642967628491,0.9199490012748583,0.10611576375274281
0.9595354526608348,0.6321595572860952,0.6470576309130371,0.7139020537563927,0.9150871228218875,0.10611652781436144
0.9451784836274575,0.6330071067642365,0.6497910334304458,0.6998711867941587,0.9202549936251216,0.10765188195357309
0.9601460403789881,0.6331063188993771,0.64983180372428,0.6993330852027544,0.9201529961750339,0.1061514753283954
0.9597361957229293,0.6322288395033722,0.6471833503858813,0.6993210929748299,0.9214789630258338,0.10611898609956914
0.9598052035167517,0.6322376718686199,0.6472315133388582,0.700375773682357,0.9205609859752713,0.10611976123454454
0.9608130014102816,0.6323830304302875,0.6472697603897516,0.6993023104456635,0.9201529961750339,0.10618830531308393
0.9599372178825165,0.6324371688958138,0.6473152672975275,0.6992898814147352,0.9200509987249461,0.10612145545813365
0.9600058595955461,0.6316530372304936,0.6446721260495306,0.7138281943393747,0.9164470888227925,0.10612220844639547
0.9456488877461622,0.6324488977047258,0.6474119916102614,0.6997967317366809,0.9204079898001964,0.1076575847323207
0.9606164103927313,0.6324525093196651,0.6474581625293376,0.6992585110171845,0.9202549936251216,0.10615717810714304
0.9602065156743405,0.6324058443939636,0.6475044662506739,0.6992466776267159,0.9201869953251389,0.10612468887831676
0.9602755015658935,0.6324850138541191,0.647524652194201,0.7137859435760912,0.9151381215468746,0.10612546401329218
0.9459180547501482,0.633234942453207,0.6502590949959798,0.7002849186575522,0.9205609859752713,0.10766095103278532
0.9613547853386102,0.6332813034311164,0.6502970985760632,0.7002732043951756,0.9205609859752713,0.10619347657070558
0.961410186816757,0.633324142190496,0.6503315386288352,0.7002904779685104,0.920611984700372,0.10619417419218341
0.9614584437745499,0.6333653896937883,0.6503522336476925,0.7004215982883994,0.9205609859752713,0.10619692038466773
0.9613650994302705,0.6334182408510195,0.6504204497419364,0.7002666920594813,0.920611984700372,0.10621282172502032
0.9615932854104354,0.633465030931694,0.6504580549152396,0.7002560102405686,0.920611984700372,0.1061971972185875
0.9616497788731686,0.63350840606953,0.6504928712410818,0.7002725293359877,0.920611984700372,0.1061979834269197
0.9616969813931235,0.6336006810433019,0.6505311404256853,0.7003541320789834,0.9205269868251662,0.10620065210590644
0.9616596833923858,0.6337478632917211,0.6505843055971239,0.700247750692859,0.9205609859752713,0.10621127145506949
0.9618325833506538,0.6338914160459188,0.650618878452156,0.7002359173023907,0.9205609859752713,0.10620092893982623
0.9618892457737531,0.634035809126365,0.6506540931847783,0.7002528334914495,0.9205609859752713,0.10620167085473127
0.961937014623822,0.6341835098739586,0.6506949962808726,0.6997351822224991,0.9204079898001964,0.10620435060707481
0.9615680671371796,0.634286995157468,0.6507372052658574,0.6991663455833679,0.9202549936251216,0.10617264758658075
0.9611303596652516,0.6343422957763165,0.6507837745917138,0.6991544724835352,0.9203059923501087,0.10613822052031598
0.9611993424279088,0.6343977215501381,0.65083034391757,0.6991424008368827,0.9202549936251216,0.10613899565529139
0.9612682156792167,0.634453236720369,0.6508766476389063,0.6991300909340465,0.9202549936251216,0.10613979293698035
0.9613372710322539,0.6345090737176737,0.6509229734939526,0.699118297252942,0.9203059923501087,0.10614055699859899
0.9614061661858315,0.6345642849401129,0.6509696756220689,0.6991063447343815,0.9203059923501087,0.10614135428028797
0.9614750738549933,0.6346194782832699,0.651015580936625,0.699094273087729,0.9202549936251216,0.10614212941526337
0.9615440534887543,0.634675118608474,0.6510624158670015,0.6990820426036206,0.9203059923501087,0.10614292669695237
0.9616129517712282,0.6347308483300875,0.6511092507973779,0.6990700106663323,0.9203059923501087,0.10614370183192778
0.9616818813426593,0.6347864707760098,0.6511559529254942,0.6990582169852277,0.9203059923501087,0.10614449911361674
0.9617508265585677,0.6348417892741401,0.6512021238445704,0.6990462247573035,0.9203059923501087,0.10614527978527055
0.961819743614416,0.6348968932208878,0.6512488259726869,0.6990339942731951,0.9203059923501087,0.10614608260363793
0.9618886700569509,0.6349525156668101,0.6512953952985432,0.6990219623359066,0.9203059923501087,0.10614686881197014
0.9619576036959461,0.6350082453884237,0.6513418318221393,0.6990098906892541,0.9203059923501087,0.10614763287358875
0.9620265051073158,0.6350633493351714,0.6513884011479958,0.6989979381706937,0.9203569910752094,0.10614843015527774
0.9620954159053725,0.6351192936081674,0.651434572067072,0.6989858665240414,0.9203569910752094,0.10614921636360992
0.9621643448510242,0.6351749160540897,0.6514819382064887,0.6989736360399328,0.9203569910752094,0.10614999149858534
0.9622332400046023,0.6352303418279113,0.6515279763233047,0.6989618423588284,0.9203569910752094,0.10615077770691754
0.9623021977360939,0.6352858569981423,0.6515748112536812,0.6989496515840841,0.9203569910752094,0.10615157498860653
0.9623711492097939,0.6353413900476551,0.6516209821727574,0.6989376990655236,0.9204079898001964,0.10615235012358194
0.9624400662656427,0.6353973343206512,0.6516678171031338,0.6989255877095073,0.9204079898001964,0.10615313633191412
0.9625089426458464,0.6354526528187814,0.6517141208244699,0.6989135557722188,0.9204079898001964,0.10615392254024633
0.962577844057217,0.6355080607133212,0.6517606901503263,0.6989016032536581,0.9204079898001964,0.10615471982193532
0.9626467548552733,0.6355637904349347,0.6518076578829628,0.6988897698631897,0.9204079898001964,0.1061554949569107
0.9627156531377472,0.6356192162087562,0.651853850935749,0.6988775393790814,0.9204079898001964,0.10615628116524294
0.9627845536104487,0.6356748386546784,0.6519001546570853,0.6988655074417929,0.9205269868251662,0.10615706737357511
0.9628534425062347,0.6357301392735268,0.6519464583784215,0.6988537137606885,0.9205269868251662,0.10615785358190731
0.9629223720776654,0.6357858868744223,0.651993293308798,0.6988414832765801,0.9205269868251662,0.10615865086359631
0.9629912265556002,0.6358414020446532,0.6520398626346542,0.6988292925018358,0.9204079898001964,0.1061594259985717
0.9630601598817066,0.6358970423698573,0.6520866975650307,0.6988174591113672,0.9205609859752713,0.1061602011335471
0.9631290863242414,0.6359527720914708,0.6521330012863669,0.6988053874647149,0.9205609859752713,0.1061609984152361
0.9631979595755498,0.6360082872617019,0.6521799690190033,0.6987935540742463,0.9205269868251662,0.10616178462356828
0.9632668860180846,0.6360641242590066,0.6522261399380795,0.6987812441714101,0.9205609859752713,0.10616257083190048
0.9633357561404976,0.6361194427571368,0.652272709263936,0.6987692916528494,0.9205269868251662,0.10616335704023269
0.9634046950986157,0.6361751724787503,0.6523198097988324,0.6987573391342892,0.9205609859752713,0.10616415432192165
0.9634735286129485,0.6362307055282632,0.6523658479156486,0.6987453071970007,0.9205269868251662,0.10616491838354027
0.963542423766528,0.6362864352498767,0.6524120188347247,0.6987335532252601,0.9205269868251662,0.10616570459187248
0.9636113220490019,0.6363422722471814,0.6524591193696212,0.6987210844849678,0.9205269868251662,0.10616649080020467
0.9636802391048489,0.6363976980210031,0.6525050246841774,0.6987091716757716,0.9205609859752713,0.10616727700853686
0.963749087324993,0.6364531059155428,0.6525519924168137,0.698697338285303,0.9205609859752713,0.10616807429022586
0.9638179793496762,0.6365087462407469,0.6525988273471903,0.6986850283824664,0.9205609859752713,0.10616886049855805
0.9638868588587752,0.6365645832380517,0.6526447547954564,0.6986730361545421,0.9205609859752713,0.10616964670689026
0.9639557696568328,0.6366200984082826,0.6526913241213126,0.6986611233453457,0.920611984700372,0.10617043291522246
0.9640246607428469,0.6366754169064129,0.6527380262494291,0.698649210536149,0.920611984700372,0.10617120805019785
0.9640934926927329,0.6002962275180099,0.5673010424047797,0.6986370991801327,0.9090182745430866,0.10617199425853005
0.9641623941041022,0.5655298566306872,0.5212490920198811,0.6986249878241164,0.917365065873355,0.10617278046686225
0.9642312736132026,0.529268742019806,0.4795087750642685,0.69861307501492,0.9207649808754468,0.10617356667519443
0.9643001499934072,0.4890765275817066,0.43768323668501297,0.6986011622057233,0.9212069698257892,0.10617435288352664
0.9643690326314025,0.437771731560891,0.3944739231031532,0.3297180075254804,0.7923501912451911,0.10617513909185884
0.9636007698483824,0.4371867750956908,0.39399423691312296,0.330889036669493,0.7907182320442416,0.9367329296396127
0.9620819538317873,0.4365996909959472,0.3935140217274236,0.33205950988240995,0.7891032724180604,0.9370109816286473
0.9605630814950707,0.43601164141498217,0.3930335431505751,0.33322934774550306,0.7875223119422117,0.9372890336176818
0.9590442654784752,0.43542167875085613,0.3925525355780574,0.3343989473524118,0.7858053548660564,0.9375671299001435
0.9575253837550717,0.4348304359301477,0.3920712646143907,0.3355677130626773,0.7840713982149055,0.9378450822289669
0.9560065771251636,0.43423780210130913,0.39158946465505473,0.3367358831324827,0.7824564385889516,0.9381230788512175
0.9544877204329243,0.4336431550653311,0.3911071423401626,0.3379035369805563,0.7807904802378971,0.9384013523073879
0.9529688574828952,0.4330474352724404,0.39062481559852846,0.3390704363507142,0.7789545261367721,0.9386794042964224
0.9514500477240913,0.432449795244676,0.39014143307892696,0.34023693862723214,0.7774415639607923,0.9389418428523808
0.9499311691295835,0.4318509894877332,0.3896588451595147,0.3414026467164706,0.7756906077346457,0.9391804183244536
0.9484123718863624,0.4312505763833495,0.3891746724664659,0.34256779887461275,0.7739396515086128,0.9394191709702352
0.9468934964207492,0.43064867929857004,0.38869076316456624,0.3437323156829315,0.7722906927325539,0.9396579568360871
0.9453747404789512,0.43004486019098864,0.3882060614758483,0.344896355978882,0.7705057373565296,0.9398966984085119
0.9438558180799035,0.42943954637544224,0.3877210986093522,0.346059562378189,0.7687207819803916,0.9401353292473685
0.9423370114499963,0.4288329559791698,0.38723613352948516,0.34722213342767216,0.7671568210794248,0.9403739600862254
0.9408181516288612,0.42822465989940617,0.38675037827617087,0.3483841485460597,0.7652358691032077,0.9406127459520771
0.9392993575145363,0.4276149763873688,0.3862640940271873,0.34954532976780306,0.7636209094772539,0.9408514985978588
0.9377804476310714,0.42700305796509674,0.38577833877387296,0.3507059550584508,0.7617509562260238,0.9410901848034995
0.9362616003255204,0.426390504828318,0.3852915277425913,0.35186574645245483,0.7599150021248988,0.9413289263759241
0.9347427717933416,0.4257757096295917,0.38480366093334223,0.35302525988091094,0.7581470463237565,0.941567446481213
0.9332238963277297,0.42515941793497225,0.3843168499020605,0.3541839791220873,0.7564130896727193,0.9418061880536377
0.9317050584088649,0.42454184965962677,0.38382872191503337,0.3553415070823438,0.7546111347216993,0.9420449849928464
0.9301862517789568,0.42392258285250284,0.3833403238967441,0.35649871736768857,0.7528261793454476,0.9422836711984872
0.9286673637977612,0.4233016085739596,0.3828516647006767,0.35765529230320947,0.7509392265193355,0.9425223020373439
0.9271484945899409,0.4226793469871211,0.38236353671364953,0.35881079508590275,0.7490012749681227,0.9427609771696278
0.9256297036045105,0.42205507398107134,0.38187408513076393,0.35996594048432007,0.7472503187419761,0.9429997298154096
0.9241108531700633,0.42142940639103516,0.381383843374431,0.3611201328580016,0.7454823629408338,0.9432384160210502
0.9225919683177635,0.420801825717838,0.3808941306137673,0.36227384871931556,0.7435614109647304,0.9434772683270428
0.9210731022388385,0.42017317228772816,0.38040362546628526,0.36342673068398557,0.7416234594135176,0.9437157884323317
0.9195542299021211,0.41954260577445734,0.3799131203188033,0.36457858020519196,0.7397535061622875,0.9439545300047565
0.9180354576900656,0.4189102263020042,0.3794220861756521,0.3657298737953023,0.7378665533361755,0.9441932162103972
0.9165165884822439,0.41827635927329876,0.37893026185905365,0.36688037319813316,0.7359456013599583,0.9444319688561785
0.9149977005010488,0.4176407794093894,0.3784386987202333,0.36803031666986796,0.7340416489587369,0.9446706439884627
0.9134788500666016,0.41700403381630163,0.3779468766170058,0.36917918798877514,0.7321036974075241,0.9449093855608872
0.9119599933743627,0.4163653679883401,0.37745452330473817,0.37032742395785867,0.7302677433062854,0.9451480163997441
0.9104412017631542,0.41572509302500965,0.37696138424576525,0.3714750245771181,0.7282617934550899,0.9453867136787417
0.9089222950085851,0.4150830194059223,0.3764687653289775,0.37262155304355016,0.7263918402038598,0.9456253888110256
0.9074034977653644,0.4144394475030135,0.37597535623874245,0.3737673270320663,0.7243008924776859,0.9458641303834504
0.9058846473309168,0.4137942825560894,0.3754811569750602,0.37491226712393866,0.7224819379515566,0.9461027612223071
0.9043657937675733,0.4131475174134372,0.37498722110252697,0.3760565718659872,0.7204419889501423,0.9463414585013047
0.9028469464620223,0.4124988302479832,0.3744927584476956,0.3771999235832999,0.7183680407989641,0.9465802443671565
0.9013280553519314,0.4118485500385138,0.3739982957928642,0.37834236198524107,0.7163960900976463,0.9468188752060134
0.8998092143041712,0.4111969860966056,0.37350277736006543,0.3794839267811745,0.7144921376964248,0.947057616778438
0.8982903231940802,0.4105434089475579,0.37300804910071395,0.38062485622728404,0.7123841903952552,0.9472962476172948
0.8967715009196939,0.4098883299388325,0.37251253066791523,0.3817650709048419,0.7104632384190381,0.9475349891897195
0.8952526379696639,0.4092312269953985,0.3720159608838911,0.3829038957546602,0.7083722906926369,0.9477737307621443
0.893733790664113,0.40857284389538207,0.37151938445975397,0.38404212496401846,0.7063663408414413,0.948012472334569
0.8922148839095438,0.40791296966325696,0.371023337031286,0.38517991737037294,0.7041903952400617,0.9482511031734258
0.890696036603992,0.4072508569450408,0.37052649942937077,0.386316200820896,0.7020824479387784,0.9484897340122826
0.8891771767828573,0.40658757313386157,0.37002939400956447,0.38745196804968707,0.7000764980874692,0.9487285198781344
0.8876583388639925,0.4059219435609,0.3695315050564239,0.3885865042881944,0.698002549936291,0.9489672725239159
0.8861394727850667,0.40525503919514055,0.3690333482853922,0.3897203654675141,0.6958266043347976,0.9492058479959887
0.8846206286084111,0.4045866401214161,0.3685357182966587,0.39085319420337017,0.6937016574585186,0.9494444788348454
0.8831017906895466,0.4039163190248897,0.36803676913880873,0.3919853081706741,0.6915767105822397,0.9496832647006974
0.8815828463882296,0.40324408484520247,0.36753808558547885,0.39311631027578664,0.6895027624309478,0.949921961979695
0.8800640084693647,0.4025705687210045,0.36703913642762886,0.39424651819361944,0.6873608159795594,0.9501607035521197
0.8785451549060217,0.40189513414986106,0.36654019169652097,0.39537597163353655,0.685082872928092,0.9503993343909766
0.8770263076004703,0.40121778291970034,0.3660375439957287,0.3965039161176218,0.6830429239269051,0.9506379652298332
0.8755074915838752,0.4005391533208853,0.3655314699966272,0.3976311855425194,0.6807819804504334,0.9508767510956853
0.8739885504114535,0.39942295154117446,0.3642552092903857,0.39875774019886534,0.6808839779005211,0.9511155037414666
0.8724697124925895,0.3987217278938503,0.3637858108487671,0.3998831829930196,0.6763280917975862,0.9513540792135395
0.8709508714448293,0.398035850034162,0.3632976806483689,0.40100755363434604,0.6740331491712368,0.9515928207859641
0.8694319959792169,0.39734784275200197,0.36286285284841147,0.40213113008839274,0.6718572035698571,0.951831562358389
0.8679131549314563,0.39659994345140726,0.36249661962913904,0.41615242709390565,0.6576795580109547,0.9520701931972457
0.8519680588976719,0.3963791325322867,0.3627182533209308,0.40488354494387235,0.667811304717361,0.9561707679507054
0.8653479955298935,0.39569922456481743,0.3622499150840215,0.4054997548542414,0.665278368040731,0.9525901980321744
0.8633503082900429,0.3945730032355421,0.3611607262813946,0.4066194000812533,0.6653293667657181,0.952786240740811
0.8618314641133873,0.3938681572457095,0.3607538644240319,0.4087591391597587,0.6611134721631515,0.9530248272862408
0.8612511806883871,0.39319442657012904,0.3602535938836945,0.4088598818161966,0.6583935401614553,0.9533517681455097
0.858787880920648,0.3924946994186981,0.3598153287185728,0.4099758340723578,0.6559456013599174,0.9535021443307383
0.8572686299875563,0.39173038693733947,0.35944567362773316,0.4239424512836587,0.6412579685508035,0.9537408305363789
0.8413234967199119,0.3914984926513827,0.3596491045564145,0.4127143903598056,0.6517637059073422,0.957841449583266
0.8547034893593666,0.39080621937256665,0.3591778557366393,0.4133231349097448,0.6491117722056288,0.9542608907380918
0.8527058052484118,0.389671264014094,0.35809869350464585,0.4144352353575991,0.6492137696557165,0.9544568891533013
0.8511869203961129,0.3889549091305166,0.35768945227345733,0.41656858122850204,0.6449638759030449,0.9546955753589419
0.8506066691987382,0.3882683929804652,0.35718523086588355,0.4166612628840507,0.6419039524012078,0.9550225051448542
0.848143309043313,0.3875560877542331,0.35674353718908164,0.4177697894891459,0.6393880152995735,0.9551728370366557
0.8466241363326126,0.38677578940694746,0.35636992016415064,0.43167799422602027,0.6242243943901258,0.9554116339758643
0.8306789367323808,0.3865323862272459,0.3565554095074997,0.42049357389318986,0.6350361240968141,0.9595120426289724
0.8440590520245457,0.3858273274739589,0.3560796808248189,0.42109453540778774,0.6323841903952143,0.9559314727104412
0.8420612646600332,0.3846846929639197,0.3550129178971718,0.42219913078584814,0.6323841903952143,0.9561273603920827
0.8405424079677952,0.3839566182110713,0.354599984763154,0.42432540838996124,0.6279643008924722,0.9563661019645076
0.8399621151561076,0.3832564601689471,0.3540920648126379,0.42440959224161645,0.6249553761155084,0.9566930981905604
0.8374988216461605,0.3825328588124245,0.3536469426241558,0.42551049464882573,0.6223544411388957,0.956843474375789
0.8359795707130679,0.38173444517674016,0.3532698948741736,0.4393565939404227,0.6066128346791402,0.9570819944810779
0.8200343955182232,0.38148017139365675,0.35343612346307385,0.42821867327282237,0.6178495537610615,0.9611826799681056
0.8334144645027317,0.3807625363534969,0.3529577520154181,0.4288113752397107,0.6151126221843697,0.9576019993160066
0.8314167115560727,0.379611593341169,0.351902337040892,0.4299079096168814,0.6151126221843697,0.957798108464784
0.8298978798949994,0.37887179335526505,0.3514854486128959,0.432026483604381,0.6104547386315744,0.9580367393036409
0.8293175223151721,0.3781586334993592,0.35097409793732853,0.43210248732705425,0.6072588185294308,0.9583637355296939
0.8268542528977205,0.3774224576438919,0.35052607623283544,0.4331948919303703,0.6046748831279274,0.9585141117149224
0.8253350113513163,0.3766078453788261,0.3501461223267292,0.44697562960884274,0.5882702932425445,0.9587527425537792
0.8093897344673624,0.3763414226237067,0.35029361694347894,0.43588706768067964,0.5999150021249307,0.9628533173072389
0.8227699176565619,0.3756105730063108,0.3498115558063649,0.43647111300621866,0.5969740756480633,0.9592727473887079
0.820772199127755,0.3744521707575834,0.348768011140516,0.4375593481263158,0.5970760730980373,0.9594687458039174
0.8192532829864985,0.3737002200117152,0.34834769198746857,0.43967013907847363,0.5922651933701673,0.9597074209362014
0.8186728859825867,0.37297342362752106,0.34783370297366834,0.43973689051933773,0.5890352741181459,0.9600342621352593
0.8162096622470121,0.37222509522416136,0.34738171712171284,0.44082107528430825,0.5861963450913663,0.9601846383204877
0.8146904457317721,0.371393216936586,0.3469983391306684,0.45453263925071297,0.5693157671057634,0.9604233355994853
0.7987451741669407,0.37111507431219565,0.3471276287709367,0.44349617600810287,0.5813344666382818,0.9645239546463724
0.8121253363925396,0.37037122466894634,0.3466413445219532,0.4440714455642001,0.5782915427114403,0.9609432739942735
0.8101276116059415,0.3693083067250881,0.3456434462062533,0.4451509843335839,0.5782915427114403,0.9611392724094829
0.8086087204958505,0.36865866301805356,0.34525320676510646,0.44725299951630015,0.5733956651082508,0.9613780139819077
0.8080282815647357,0.36800518241712804,0.3447650765647083,0.44731061780344716,0.569995750106159,0.9617049437678199
0.8055650934985721,0.36734402981634867,0.344342116860057,0.4483859870896123,0.5671398215043837,0.9618553199530483
0.8040458707255418,0.3667438348392039,0.34398934536321124,0.4620250814667384,0.5495622609433894,0.9620940172320459
0.7881005756939921,0.3664085679092136,0.34412100773719245,0.45104325830897607,0.5621249468762244,0.9661945366187218
0.8014807238395609,0.3657431528876346,0.34366243046639666,0.4516094344207202,0.5589460263493038,0.9626139113334069
0.799483014697441,0.36466957889177704,0.3426832661228473,0.4526796017802026,0.5590310242242822,0.9628099097486162
0.7979641642629933,0.36400352379190676,0.3422885401786819,0.45477272206538566,0.5539141521461488,0.9630485405874731
0.797383613943194,0.3633321406660369,0.3417964524709343,0.4548211277800873,0.5503272418189908,0.9633755368135262
0.7949204590433241,0.3626535092792937,0.34136900626326444,0.4558870462376232,0.5473353166170227,0.9635259129987547
0.7934012581725622,0.36203370609371344,0.34101122148110197,0.469450017763984,0.5291967700806026,0.9637644331040435
0.7774558964955354,0.3616828806126329,0.34112467887860176,0.45852589231209673,0.5421674458137886,0.9678651185910712
0.7908361350661894,0.3609993467267988,0.34066187849593643,0.45908222050157144,0.5389205269867716,0.9642853238075155
0.7888384165373816,0.35991000141639673,0.33969142155390414,0.46014325470733697,0.5388865278367803,0.9644939458494676
0.7873195348139781,0.3592268948453995,0.3392922091067202,0.4622269241638908,0.5334976625583749,0.9647453110486346
0.786738963843467,0.35853696911629396,0.33879563489595405,0.4622656407937791,0.5298767530811119,0.9650848201678619
0.7842758859144303,0.35784064975598895,0.3383631776163384,0.46332206871332193,0.5268168295792748,0.9652479307134004
0.7827566412391298,0.35720016918091685,0.33800064294000826,0.47680466848697045,0.5080662983425555,0.9654990744454317
0.7668112983354778,0.3568329340949288,0.3380956297565066,0.465941139524529,0.5214449638758651,0.9696299901965002
0.780191509997628,0.3561310685813852,0.3376280794796736,0.4664878977572826,0.5180960475987604,0.9661102130067545
0.7781937382775945,0.35502552642952995,0.3366671201126057,0.4675390046220509,0.5180450488737733,0.9664883681411843
0.7766748878431473,0.35432558293878824,0.3362628965934759,0.4696127467376081,0.5125711857202759,0.9669205612567563
0.7760943406522429,0.3536164727402277,0.33576157470191315,0.46964149631713537,0.5087292817679554,0.9674418506010729
0.7736312232991214,0.3529020345156676,0.3353241041369807,0.4706876792207688,0.5054823629409384,0.9677893768306174
0.7721119629793423,0.35224173475663384,0.3349573463487811,0.48408704816749815,0.48613684657880185,0.9682251687871468
0.7561666222659165,0.3518565971457014,0.33503359919312886,0.4732865776750699,0.4997875053123835,0.9725252743566326
0.7695468411245274,0.3511346978968136,0.33456103563097916,0.4738233688574627,0.49642158946016934,0.9691389975563652
0.7675491006934503,0.35001402093284867,0.3336087858787992,0.4748641909969582,0.496387590310178,0.9695321017224634
0.7660302283567333,0.34929659865614315,0.3332003392478,0.47692729100296605,0.490641733956636,0.9699678383122089
0.7654496041949961,0.34856766748569273,0.33269453085321865,0.4769461132414965,0.4867828304292061,0.9704917188220147
0.7629866044883511,0.3478346884458252,0.3322528393897877,0.47798189229176513,0.4834679133020927,0.9708256912628463
0.7614673441685724,0.34715243471657353,0.33188027592945313,0.4912939006377206,0.46318742031451166,0.9712080542728566
0.7455219252327545,0.34674917824138596,0.33193779701502124,0.48055970507378865,0.477620059498463,0.9754544651352606
0.7589021566069483,0.3460089509406451,0.33146022016755483,0.4810858541466325,0.47401614959619565,0.9720147483151174
0.7569044380781409,0.34487186258384445,0.3305174679903392,0.4821160341765789,0.4739141521461079,0.9723542574343447
0.7553855200595474,0.34413568494044894,0.33010400807402324,0.4841680949793983,0.4679473013173947,0.9727363989772194
0.7548049572241653,0.34338693101018053,0.32959265739845595,0.48417639423647185,0.46383340416480223,0.9732066290733703
0.7523419118356434,0.342635196603623,0.3291459526497083,0.48520125321164387,0.4605184870378025,0.9735006266961846
0.7508226890626126,0.3419307761406991,0.3287689048997261,0.49842228740470196,0.43957501062470783,0.9738826575054912
0.7348772203773541,0.3415087625108934,0.3288074286219946,0.4877572258434737,0.4545176370589843,0.9781294559353828
0.7482575484344234,0.34074807415997144,0.3283243094935422,0.48827273280676864,0.4507267318316508,0.9746892961809681
0.7462597516832243,0.33959499993724374,0.327391320495811,0.48929191334289035,0.4506247343816767,0.9750290267673312
0.7447408511864468,0.338840492454067,0.32697311289869835,0.4913322598833332,0.44443688907767864,0.9754111683102059
0.7441602432949668,0.3380706391832544,0.3264564855466652,0.49132999644958586,0.4402379940501078,0.9758813430395729
0.7416972241891688,0.3373958464783304,0.32603537400679955,0.4923440941871171,0.43668508287294117,0.9761753406623871
0.7401779231937464,0.3368043873183112,0.3256965843745657,0.5054699847440596,0.41499362515935445,0.9765575929388297
0.7242324986259168,0.3361758465276772,0.3256556879185844,0.4948768765503777,0.4303442413938683,0.9808041145348014
0.7376128357567833,0.33551426661206096,0.3252066060093819,0.495381344310484,0.42651933701654343,0.9773641762475224
0.7356150202322107,0.3347793673373197,0.32442111384177147,0.4963889297123212,0.4262983425413722,0.9777037961003177
0.7340962010867202,0.33413654457632164,0.3240398429799198,0.49841732373420355,0.4200594985126145,0.9780859376431923
0.7335155087150573,0.3334604717148152,0.3235559336780201,0.4984041799347234,0.41560560985965367,0.9785562231061271
0.7310524802225724,0.33279484392978176,0.3231395720323221,0.4994065634098781,0.411967700807395,0.9788502207289415
0.7295332355472719,0.3321824981926728,0.32279603471929164,0.5124337364879459,0.3894602634934472,0.9792322958316755
0.7135877602913321,0.3315339200908382,0.3227366654689378,0.5019159172483858,0.405473863153361,0.9834788838677879
0.7269681043057696,0.33085273196678644,0.3222825724877896,0.5024087104554797,0.40147896302585195,0.9800391116808607
0.7249703106834664,0.3301044071392831,0.32150736806859076,0.5034045418855764,0.40132596685077715,0.9803786761668721
0.7234514039288973,0.3294430399871212,0.3211213495259424,0.5054203877484382,0.3947301317466554,0.9807607069761788
0.7228707503555407,0.32874714615372486,0.32063242693872596,0.5053956488146736,0.39014024649372914,0.9812309924391136
0.7204077425137672,0.328062548450619,0.32021157879000933,0.5063860797712678,0.3864003399913827,0.9815248793283602
0.7188885040962578,0.3274278250043116,0.3198638183651094,0.5193112792026138,0.36294092647676734,0.9819070208712347
0.7029430097540548,0.3267585695129852,0.31978492718252877,0.5088709329321945,0.3794305142370149,0.9861536532007744
0.7163233697258602,0.32605734765358924,0.31932634769836193,0.5093520118769119,0.3753846153846325,0.9827138256470632
0.7143255917480347,0.3252943153288131,0.31856037967634937,0.5103358907884483,0.3751806204843433,0.9830532904728635
0.712806675606779,0.3246150456517068,0.3181698746306824,0.512338632561194,0.3683807904801597,0.9834354098690243
0.7122259907444657,0.3238980506898381,0.31767567536700014,0.5123024176212367,0.36362090947716297,0.9839057617721002
0.7097630141916484,0.32319426941124135,0.31725113310208325,0.5132803401281749,0.35962600934976763,0.9841997593949144
0.7082437570007656,0.32253609996864335,0.3168978326095684,0.5260993170108526,0.33536761580955954,0.9845817902042211
0.6922982623456733,0.3218455341612466,0.316799941850317,0.515739938133605,0.35257118572030777,0.9888284225337608
0.7056786307654965,0.3211240640151239,0.31633714146765174,0.5162090248503981,0.3482362940925441,0.9853885949800497
0.7036808559165673,0.3203473897982749,0.3155804076294544,0.5171800379280018,0.34808329791758297,0.985728104099277
0.7021619335175195,0.31964829825531466,0.3151848892984707,0.5191692388076279,0.3410114747131274,0.9861102456421518
0.7015811829483982,0.3189104158223921,0.31468646913628995,0.5191213493146583,0.3360815979599465,0.9865804203715187
0.6991183065202415,0.31818596162412394,0.314256121199238,0.5200864456970278,0.33196770080746774,0.9868744179943331
0.6975990462004629,0.3175047735000722,0.31389859980822465,0.532795189385274,0.3068423289416842,0.9872564488036396
0.681653399481041,0.3167920409590032,0.31378197507682276,0.522519795812862,0.32469188270283666,0.9915030811331794
0.6950338210920912,0.3160492551330256,0.31331310563087333,0.5229761755331788,0.3201019974500241,0.9880632978728955
0.6930360337275792,0.3152583025216689,0.3125666617544586,0.5239343624862145,0.3199320016999536,0.9884028734322634
0.6915171551330705,0.31453981463976344,0.31216560335585997,0.5259091091573487,0.3125541861452348,0.9887850149751382
0.6909364452395916,0.3137795536036783,0.3116624332995115,0.5258492671458184,0.30748831279208844,0.9892551897045052
0.688473509362419,0.31303527664559216,0.31122733768166294,0.526801219728708,0.30323841903941684,0.9895491873273196
0.6869542083669957,0.3123302171771339,0.31086401061851454,0.5393961166704002,0.2771440713981974,0.9899312181366261
0.6710086035747769,0.3115938265914912,0.3107286519149621,0.5292073689302101,0.2956226094347585,0.9941779611997337
0.6843890571005624,0.3108299412461767,0.3102552959659941,0.5296510416540507,0.29103272418183224,0.9907381336460226
0.682391267858713,0.3100236414168416,0.30951729609994727,0.5305960053888783,0.29062473438159486,0.9910774877382549
0.6808723219929487,0.30928575880512615,0.3091112244160319,0.532556139014065,0.28307692307691923,0.9914596735745567
0.6802915886327519,0.3085031175567432,0.3086033044655158,0.5324837091341506,0.2778580535485844,0.9919267477640221
0.6778287009405717,0.3077379529488103,0.3081629299578304,0.5334221208239203,0.2733021674457632,0.992190072188524
0.6763094205958602,0.30700838348799686,0.3077943262182161,0.5458990809545672,0.24639184020395533,0.9924915996939564
0.6603637895209173,0.3062481212003621,0.3076394433690658,0.5358005131799946,0.26553336166591635,0.996657396518918
0.6737442173897583,0.30546185635792095,0.3071605473524829,0.536230922976263,0.26060348491273544,0.9931368441941971
0.6717464685106633,0.30464170276702274,0.3064317816702513,0.537161789886875,0.2601784955375024,0.9933957392759823
0.6702275132582116,0.3038831458052934,0.30602201587013567,0.5391069133724737,0.25261368465794476,0.9936970453142789
0.669646783026911,0.3030776984601183,0.30550697329173904,0.539021935333539,0.24700382490436823,0.9940864288324952
0.667183876561356,0.30229015507023,0.30506185110325695,0.5399461707803648,0.24241393965155567,0.9942996573908724
0.6656645802592775,0.30153607400792604,0.30468902425177324,0.5523015408384799,0.2144326391839968,0.9946012956298727
0.6497189488714445,0.30075108807051765,0.30451329587453757,0.5422958929756398,0.23418614534625704,0.9987670481614075
0.6630993736113902,0.452065278759996,0.42026910872906154,0.5427123250757844,0.08346791330211545,0.9952463851031184
0.6611016159713872,0.5217470103784583,0.48418426897911404,0.5436292539996364,0.23231619209514065,0.9955052137447629
0.6595826732345178,0.5393631521374198,0.5035606853428846,0.5455586128677321,0.20900977475560012,0.9958066748100545
0.6590019301747452,0.5878488860259787,0.5575976682047972,0.5454606101574091,0.3121631959199931,0.9961961469151253
0.6565390240220808,0.6420206964130477,0.6061692980032694,0.4114017576238107,0.7843263918401817,0.9964093533267886
0.6568585637431057,0.6143736410181335,0.5787924219666093,0.7435918716043779,0.914883127921712,0.10265612596373173
0.9094735832703766,0.6084614273624316,0.5824094907223677,0.3575138475486834,0.7922311942201077,0.10751670948721925
0.9368803801182954,0.6568316253314953,0.6713102009798415,0.6940034929150751,0.9227369315766509,0.934366996227541
0.9688998005829328,0.6622518190291986,0.6739908145988815,0.6939918977807906,0.9237059073522005,0.106136387879767
0.9689684329092754,0.66882381394476,0.679573201867359,0.7286337512836549,0.9211729706756842,0.10613717962477759
0.9394470226164024,0.6723146900935798,0.682390623947957,0.7610246794888469,0.9194560135996426,0.1064997545462016
0.9081053619406547,0.6691675073802994,0.6797743751576195,0.7607625182677966,0.9176370590733995,0.10672658118671866
0.9083664360560118,0.662700374452952,0.6742710273675798,0.7755163339108002,0.9109392265193037,0.10672448832228508
0.8937045032620485,0.6572213579178704,0.6716591389181139,0.7613591911710835,0.9170760730980874,0.10826232289341803
0.9088408730083359,0.6510570821462534,0.6662427544746947,0.760908886983457,0.9172290692731622,0.10675917561243445
0.9083366248768141,0.6440185452493694,0.6581294881353796,0.7289961389394115,0.9199490012748583,0.10672711270784467
0.9374324593649104,0.6408378925204135,0.6553257668212764,0.6949659684794218,0.920662983425359,0.10644741078864821
0.9702956140790477,0.6409859150950807,0.655366935521891,0.6938913139618086,0.9203059923501087,0.10620825950202219
0.969420374666238,0.6410407866111641,0.6554121768251467,0.6938792423151561,0.9202549936251216,0.10614136535364477
0.9694886377828924,0.6411385147659089,0.6554633720963947,0.7084347891037663,0.9152911177219494,0.10614210726854979
0.9551306243241431,0.6420072690723575,0.6582359512805169,0.6943870456618373,0.9204079898001964,0.10767756106797256
0.9700986785700851,0.6421082870149677,0.6582785586722819,0.693849063198525,0.9203059923501087,0.10617706585594056
0.9696884240286936,0.6412067242262732,0.6555898883827991,0.6938371106799646,0.9216829579260093,0.10614454340704393
0.9697571001595757,0.6412147162652726,0.6556363249063955,0.6948931812152312,0.920662983425359,0.10614534068873291
0.9707638886713648,0.6413632752183963,0.65567802481605,0.693818884081894,0.9203569910752094,0.10621394013405625
0.9698886107731393,0.6414180394587885,0.6557227349102657,0.6938066535977856,0.9203059923501087,0.10614702383896522
0.9699568770186895,0.6415157676135332,0.6557744613905538,0.7083626371893998,0.9153421164470501,0.10614777682722705
0.9555989129964906,0.6423849510227468,0.6585491432771268,0.694314377525739,0.9205269868251662,0.10768324170000661
0.9705668793204643,0.642485968965357,0.6585913522621116,0.6937761568062428,0.9203569910752094,0.10618271326790422
0.9701566748414039,0.6415838697982061,0.6559011104792182,0.693764323415774,0.9216829579260093,0.10615023511243475
0.9702253447144944,0.6415916472858231,0.6559479454095947,0.6948207513353168,0.9206969825754641,0.10615101024741015
0.9712321207107024,0.641740313514638,0.6559892469124691,0.6937462159457954,0.9204079898001964,0.1062195986193767
0.9703568396835798,0.6417948810829295,0.6560343554134649,0.6937339854616871,0.9203569910752094,0.10615269339764248
0.9704250996713388,0.6418925913583924,0.6560851522779327,0.7082910412061292,0.9154951126221249,0.10615345745926108
0.9560671068633004,0.6427632587480019,0.6588616712624363,0.6942420667739164,0.9205609859752713,0.10768890018532705
0.9710350747517218,0.6428639727428203,0.6589040351833912,0.6937036077982361,0.9204079898001964,0.10618838282658145
0.9706249056291827,0.6419608008187567,0.6562119120351472,0.6936918935358598,0.9217169570760007,0.10615587145104162
0.9706935567288992,0.6419685783063735,0.6562588797677837,0.6947482420366744,0.9207649808754468,0.1061566853427658
0.9717003358540026,0.6421174590865711,0.6563004468751783,0.6936739051939729,0.9205609859752713,0.10622527925141076
0.9708250016356539,0.6421719193791713,0.6563462193874743,0.6936615952911367,0.9204079898001964,0.10615832973624933
0.9708932553656218,0.6422698442060166,0.656396352240642,0.7082189687104905,0.9155461113472256,0.10615910487122474
0.9565352644349203,0.6431411552497738,0.6591736901724158,0.6941693986378181,0.920611984700372,0.1076945697440043
0.9715031616103,0.6432427095708404,0.6592166959709609,0.6936312970464136,0.9205269868251662,0.10619406899529392
0.9710929414867606,0.6423379463906898,0.6565232669338263,0.6936197019121291,0.9217849553760971,0.10616155208307568
0.971161592586478,0.6423449729484678,0.6565697034574227,0.6946756930286679,0.9208159796004338,0.10616233829140785
0.9721683779693717,0.6424951410369605,0.6566118017738574,0.6936013561859664,0.9205609859752713,0.10623094881008799
0.9712930687821886,0.6425499052773525,0.6566569102748532,0.6935891654112221,0.9205609859752713,0.10616402144164015
0.9713612912231997,0.642647097053641,0.656707574337061,0.7081474918553117,0.9155461113472256,0.1061647855032588
0.9570033212560998,0.6435191590272369,0.6594863730936954,0.6940968496298114,0.920662983425359,0.10770022822932475
0.971971281009393,0.6436210351753774,0.6595297551653106,0.6935584700728592,0.9205609859752713,0.10619972194393597
0.971560979534567,0.6427156283410791,0.6568343562279855,0.6935469543573027,0.9218869528260711,0.10616721056839612
0.9716296243764919,0.6427230840016221,0.6568810583561018,0.6946035014049372,0.9209179770505216,0.10616800785008511
0.9726364610732752,0.642872501160276,0.6569227582657564,0.693528926306052,0.920611984700372,0.10623660729540843
0.9717610817988294,0.6429271581249769,0.6569679995690123,0.6935166164032156,0.9205609859752713,0.10616970207367421
0.9718292479197177,0.6430248862797217,0.6570183980266999,0.708075816453313,0.9155971100723264,0.10617044398857924
0.9574713036095628,0.6438980031309482,0.6597983698699649,0.6940247771341728,0.9206969825754641,0.10770589225132363
0.9724391867049116,0.6439995753312968,0.6598420396798101,0.6934863181584927,0.920611984700372,0.10620542472268359
0.9720289540657907,0.6430928811887033,0.6571455783244047,0.6934744847680241,0.9219379515511719,0.10617290227378696
0.9720975112986365,0.6431005514006289,0.6571914836389607,0.6945310715250226,0.9209689757755086,0.10617366633540558
0.9731044093217753,0.6432500758349742,0.6572339582284656,0.6934564170074098,0.920662983425359,0.1062422657807289
0.9722289593342865,0.6433048400753663,0.6572793544676916,0.6934444247794851,0.920611984700372,0.10617537716902985
0.9722971504863418,0.6434026755058022,0.657329487320859,0.7080039425044942,0.9156481087971997,0.10617612462061328
0.9579392177530992,0.6442765432868678,0.6601110306575345,0.6939522281261663,0.9206969825754641,0.10771155627332246
0.972907103664455,0.6443780976079345,0.6601541692583396,0.693414126534762,0.920611984700372,0.10621108320800403
0.9724968303496895,0.643470670414784,0.6574564020140437,0.6934020151787457,0.9219889502761589,0.10617856075910741
0.9725654376448678,0.6434778042482532,0.6575029713398999,0.6944586813544722,0.921036974075605,0.1061793469674396
0.9735722418011354,0.6436275432339809,0.6575449147203647,0.6933837488713108,0.920662983425359,0.10624793533940614
0.9726968168448131,0.6436826293014468,0.6575902888258806,0.6933719948995707,0.920611984700372,0.10618103011767192
0.9727649954812856,0.6437804647318829,0.6576404216790481,0.7079323465212235,0.9156991075223004,0.10618176095922016
0.9584070496066808,0.6446548688914048,0.660423691445104,0.6938799570837078,0.9207649808754468,0.1077172147586429
0.9733748923392769,0.6447571741423103,0.6604668300459092,0.6933416569454836,0.920662983425359,0.1062167306199677
0.972964644055677,0.6438483523651733,0.6577677347790127,0.6933296250081951,0.9220909477262467,0.10618421924442786
0.9730332169330018,0.6438559153014076,0.6578143041048691,0.6943864103120136,0.921036974075605,0.10618499437940328
0.9740400918023124,0.6440052073050884,0.6578561368167838,0.6933118749224925,0.9206969825754641,0.10625359382472659
0.9731645585861997,0.6440605258032187,0.6579013781200396,0.693299366472836,0.920662983425359,0.10618669967634915
0.9732327935427927,0.6441587903364198,0.6579516437754673,0.7078607505379526,0.9156991075223004,0.10618744159125419
0.9588748145018959,0.6450342493735726,0.6607361087618637,0.6938075272037934,0.9207649808754468,0.1077228621706066
0.9738426403384546,0.6451360182460217,0.660779512967189,0.6932691873562049,0.9206969825754641,0.10622240017864495
0.9734323670236891,0.6442265528147372,0.6580789568754319,0.6932575525125564,0.9220909477262467,0.10618988880310512
0.9735009680610749,0.6442335972517971,0.658124862189988,0.6943139010133712,0.9209689757755086,0.1061906639380805
0.9745078053836371,0.6443838547366991,0.6581672039772328,0.6932393656238498,0.9206969825754641,0.10625926338340386
0.9736323003275862,0.6444385295806818,0.6582120690074186,0.6932272939771975,0.9206969825754641,0.10619234708831282
0.9737005071241183,0.644536776234601,0.6582622018605861,0.7077891148453179,0.9158011049722745,0.10619312222328824
0.9593425108742939,0.6454129862015927,0.6610486367471733,0.6937351767426065,0.9209179770505216,0.10772853172928383
0.9743103570486751,0.645515184176807,0.6610919081502384,0.6931969957324746,0.9207649808754468,0.10622805866396541
0.9739000524449537,0.6446047711435828,0.658390046169591,0.6931852020513698,0.9221929451763344,0.10619554728842556
0.9739686096778,0.6446122268041259,0.658435818681887,0.6942418682270965,0.921036974075605,0.10619632242340096
0.9749754867373372,0.6447619657898536,0.658478293271392,0.6931673328375751,0.9207649808754468,0.1062649329420811
0.9740998978268829,0.6448167479095275,0.658523822312878,0.6931548640972829,0.9207649808754468,0.10619801664699006
0.9741681077523112,0.644914672736373,0.6585732911547453,0.7077177968275952,0.9158521036972616,0.1061987696352519
0.9598101518652409,0.6457919554602773,0.6613610319302228,0.69366302482824,0.9209179770505216,0.10773420128796106
0.9747778731966843,0.6458946898139479,0.6614043033332879,0.6931249232368359,0.9207649808754468,0.10623371714928585
0.9743675936241281,0.6449828821967373,0.65870073705697,0.6931129310089115,0.9221929451763344,0.10620120577374602
0.9744362103059925,0.6449903378572803,0.6587469079760462,0.6941697560220939,0.9210709732257101,0.10620199198207823
0.9754430782917316,0.6451404880664913,0.6587891169610309,0.6930949823763888,0.9208159796004338,0.10627058035404476
0.9745674549634238,0.6451953774618564,0.658834646002517,0.6930826724735524,0.9208159796004338,0.10620367513231052
0.9746356492443744,0.6452933201679838,0.6588842476466443,0.7076461611349605,0.9158011049722745,0.10620442812057235
0.9602777177626907,0.6461716577695189,0.6616733164447223,0.6935907140764177,0.921036974075605,0.10773985977328153
0.9752454365910168,0.6462740702961156,0.6617167206500475,0.6930527316131052,0.9208159796004338,0.10623937563460632
0.9748351351161921,0.6453616190247574,0.6590119370196791,0.6930410570600927,0.9222269443262121,0.10620686425906649
0.9749036820236832,0.6453682343590523,0.6590577316656852,0.6940973261421792,0.9211729706756842,0.10620765046739868
0.9759105581445522,0.6455187063953369,0.6591004718597101,0.6930229098807501,0.9208669783254209,0.10627622776600842
0.9750349673567587,0.6455737030663934,0.6591455803607059,0.6930105999779139,0.9208159796004338,0.10620933361763096
0.9751031240909609,0.6456719497203126,0.6591957132138735,0.7075746842797814,0.9159031024223623,0.1062100976792496
0.9607451835354799,0.6465514673544517,0.6619853132209916,0.6935188798369629,0.921036974075605,0.10774551825860199
0.9757128957931265,0.6466532362269009,0.6620287174263169,0.6929803017331908,0.9209179770505216,0.10624504519328355
0.9753025630293433,0.6457400519049856,0.6593227607093181,0.6929687860176339,0.9222269443262121,0.10621251167103016
0.9753711609378337,0.6457471857384549,0.6593684004193541,0.6940252536465406,0.9212069698257892,0.10621330895271913
0.9763780026408497,0.6458975504990483,0.6594111627470891,0.6929505197101995,0.9209689757755086,0.10628189732468567
0.9755023783738737,0.6459524398944135,0.659456802457125,0.692938527482275,0.9208159796004338,0.10621499210295143
0.9755705663970322,0.6460508117033059,0.6595057400899522,0.707503128005875,0.9159031024223623,0.10621574509121327
0.9612126374184653,0.6469307405609281,0.6622981289445313,0.6934468867600523,0.9209689757755086,0.10775117674392243
0.9761802110660334,0.6470332603632162,0.6623414003475965,0.6929084277843722,0.9209689757755086,0.10625070367860401
0.9757699314934767,0.6461188960086971,0.659633584398957,0.6928967532313595,0.9221929451763344,0.10621818122970739
0.9758384949841155,0.6461257258943744,0.6596794897135132,0.6939531811509021,0.921325966850759,0.10621896743803959
0.9768454274251055,0.6462764124820417,0.6597228939188384,0.6928785266332889,0.921036974075605,0.10628756688336291
0.9759697146103816,0.6463310873260243,0.6597670949377239,0.6928665741147286,0.9209689757755086,0.10622065058827189
0.9760378954370812,0.6464297630827086,0.6598170949886314,0.7074320085349719,0.91600509987245,0.1062214201865689
0.9616799207766373,0.6100150833197779,0.5769810655407042,0.6933746157175935,0.9097662558435786,0.1077568352292429
0.9766475638856891,0.5746014109113466,0.5305963923734849,0.6928362758700053,0.9179770505736542,0.10625635109056769
0.9762372686686547,0.5376951402931823,0.4865924741756045,0.6928244424795369,0.9226349341265632,0.10622385078838464
0.9763057714587173,0.49645641572820404,0.44451970889567527,0.6938811086552634,0.9221929451763344,0.10622462592336003
0.9773127145379528,0.4439184141191402,0.4007088032891755,0.32447446542956393,0.7926901827453321,0.10629321429532658
0.9756002242603423,0.4433324921727186,0.4002266093498014,0.32564684469195204,0.7909902252442862,0.9368964277526391
0.9740808575581115,0.4427226030489396,0.3998197452790677,0.34001138943977915,0.7806204844878266,0.9371737599734823
0.9581353907501904,0.4425976000496901,0.4002445509351337,0.32849305306517196,0.7880322991925368,0.9413130250355716
0.9715154196848341,0.44202489804428907,0.3997233064911929,0.32916652387841205,0.7862643433913945,0.9377710568388157
0.9695175102933917,0.4409655970791547,0.39834466852268147,0.3303374338943328,0.7862643433913945,0.9380057012692274
0.9679985503475965,0.44035858830768626,0.3978966423914464,0.33251672349937045,0.7832214194644394,0.9382830445634275
0.9674179311920921,0.4397958987001369,0.3973383261966136,0.33268167619737743,0.7810454738631734,0.938648509630974
0.9649545979451695,0.4391993385809979,0.3968536267212667,0.3338503227795506,0.7793625159370094,0.9388377532985407
0.9634352813052689,0.438574940419975,0.3964422805742564,0.348190446268525,0.7685847853803125,0.9391046211972158
0.947489787901735,0.43844226720879986,0.39684650188001513,0.33668922462979656,0.776319592010168,0.943204597989409
0.9608698778498441,0.4378581600094889,0.3963230152912506,0.3373581288661782,0.7744496387590516,0.9396232972293297
0.958872010385603,0.43678853197114187,0.3949588881830203,0.33852439288651226,0.7745006374841523,0.9398186312431317
0.9573529941196863,0.43617182190132653,0.39450769693125404,0.3407016970233503,0.7714067148320964,0.9400565976805809
0.9567723048769192,0.43559741421243425,0.39394621782926115,0.3408604947699392,0.769128771780629,0.9403828187716585
0.9543091042951728,0.43498964378355787,0.39345861219779016,0.34202477332207404,0.7673608159794867,0.9405324862620524
0.9527896875306099,0.4343517288854353,0.3930443576812849,0.3563375370592603,0.7561410964724473,0.9407703862593609
0.9368442770428111,0.43420967799091514,0.3934282668813695,0.3448561303931621,0.7642158946025575,0.9448703519781972
0.9502242590440209,0.4336140654737157,0.3929018829899649,0.34551955473731333,0.7621419464512655,0.9412890622914747
0.9482264466483437,0.43253505081238275,0.3915520011374956,0.34668156985570064,0.7622949426263403,0.9414844405987041
0.9467073959645731,0.43188817839403926,0.3911345815004592,0.3488558957902397,0.7590990225244241,0.9417223627427261
0.9461267298756351,0.4312613397110401,0.3906419647970425,0.34900877684159415,0.7568720781980574,0.9420486945673715
0.9436634904955818,0.43062096641165926,0.3901862892556287,0.3501686476543262,0.7549001274967395,0.9421982956176248
0.9421440737310198,0.43000638397638735,0.3896955207169976,0.36445055721569397,0.7431364215893836,0.9424362620550739
0.9261986366476069,0.42985836140171996,0.39005726521988043,0.3534854914095342,0.7517212069698189,0.9465361724071264
0.9400518218775811,0.42880748873006286,0.38864564359671544,0.3546697040623912,0.7518912027197757,0.9429971275765634
0.9385103695524304,0.4281770294924834,0.3881517077241822,0.3553222480408096,0.7479133021673761,0.9432388146618946
0.9365327967312318,0.42752514372350137,0.3876928692756083,0.3559728065510286,0.7458733531660755,0.9434312031627902
0.9345295700945013,0.42685312230726846,0.3872675324105022,0.35712882555545344,0.743901402464985,0.9436259170686119
0.9330105632152712,0.4261780006235578,0.38683217340150455,0.3713823826309337,0.73200169995755,0.9438639499462019
0.9170645885875848,0.42598032728311547,0.3872453699266714,0.36044924315342075,0.7407054823629551,0.9479643032325259
0.9309138770909007,0.42534368181400617,0.38674430699951573,0.36160677111367723,0.7389375265618128,0.9444240403327161
0.9293847125647932,0.42470298847547977,0.38624166593883646,0.36278355811546814,0.7370165745855957,0.9446624497044368
0.9278410734544655,0.4240588855578992,0.3857324268192039,0.3640737550608095,0.7349936251594045,0.9449038045890644
0.926147423196304,0.42342139082290076,0.38524034353819836,0.3650876939608847,0.7331916702081571,0.9451834511414768
0.9248004436263417,0.4227783552984483,0.38473848822422435,0.36624307761548613,0.7312877178070494,0.9453754631482415
0.9232721708354985,0.42213116820474383,0.38423347221646126,0.36741573484342216,0.7292817679557402,0.9456137617863944
0.9217275993142624,0.42150357859190574,0.38369784528775747,0.3686681681836108,0.7272928176795403,0.9458552716980172
0.9200778246212988,0.42089741551047016,0.38313055830025855,0.36971304067823296,0.7252528686782398,0.9461242435344824
0.9186878361902373,0.4202868845204718,0.38255720667621745,0.37086270618441985,0.723280917976922,0.946326775230199
0.9171584463836431,0.4196752879252735,0.3819846407988817,0.3720344500969843,0.7212919677007221,0.9465649631347841
0.9156157553286999,0.4190614474801995,0.38141418647748065,0.3726904090807055,0.7191330216743381,0.9468065284131907
0.913651935568383,0.4184264022068183,0.38087803276647864,0.3733125356863092,0.7168040798978836,0.9470005889909617
0.9116337384174686,0.4177752745193879,0.3803796148176689,0.37445691984708573,0.7148661283466708,0.9471941512676773
0.910114678347012,0.4171227522479711,0.37988119686885913,0.3756004304018543,0.7127921801953789,0.9474320069715586
0.9085956464366167,0.41646799506631943,0.3793825088887872,0.37674326589743545,0.7107522311941921,0.9476700841425757
0.907076633299595,0.41581152147360756,0.37888303294863906,0.37788522778700884,0.7087122821930052,0.9479080505800251
0.905557579486929,0.41515345662480857,0.37838302801282175,0.3790262763612102,0.706672333191591,0.9481461277510422
0.9040385319320552,0.4144939077956136,0.37788275968585533,0.3801664910387681,0.7045813854653034,0.9483842049220595
0.9025195281817209,0.41383222239223433,0.37738302035455806,0.3813061497852299,0.7025924351891035,0.9486221713595088
0.9010005256829441,0.41316925683227257,0.3768822230319225,0.38244425986649633,0.7004334891627195,0.9488601377969581
0.899481490643653,0.41250458737674783,0.3763814279226579,0.38358213169157884,0.6983425414364319,0.9490981042344075
0.8979624399598829,0.4118372539082233,0.3758793114309058,0.38471881223574167,0.6963025924352451,0.9493361814054246
0.8964434518540272,0.41116938048538604,0.3753777261481939,0.3858547780113528,0.6941606459838567,0.9495741921363012
0.8949243730101961,0.4104991827559047,0.37487613865211106,0.386989870180956,0.6919677008074814,0.9498121142803233
0.8934053066819483,0.4098272650395066,0.3743729685957626,0.3881238901977315,0.6898427539310887,0.9500501914513405
0.8918862779004479,0.4091539634666912,0.3738711199219016,0.38925715573659136,0.6876328091797177,0.9502881578887898
0.8903672522478439,0.4084782088564022,0.3733679476521822,0.39038938883198737,0.6855928601784171,0.9505261243262392
0.8888482391108221,0.4078013922167696,0.37286424860016454,0.39152070861201205,0.6833829154270461,0.9507642014972564
0.8873292291026971,0.4071229771693371,0.372360815152667,0.3926513533328486,0.6811389715256837,0.9510022122281327
0.885810152136203,0.40644157449390284,0.37185606253605297,0.3937809656102218,0.6789970250742954,0.9512401343721548
0.8842911264835984,0.40575932076465115,0.3713521000928863,0.39490950573476713,0.6768210794729157,0.9514782115431721
0.8827721227332641,0.4050753613519083,0.3708473452629013,0.3960370531252124,0.674594135146549,0.9517161779806214
0.8812530908228688,0.4043894852801482,0.37034259264628727,0.39716364749092237,0.6722141946451075,0.9519541444180707
0.8797340182368285,0.4037019017369687,0.36983678646507695,0.3982893285412603,0.6700892477688285,0.9521921551489472
0.8782149769397458,0.40301240511062825,0.3693315026394227,0.39941441395113864,0.6678623034423481,0.9524300772929695
0.8766959231270817,0.40232098467355776,0.3688256964582124,0.40053799040518534,0.6655843603909943,0.9526682209041273
0.8751768849588943,0.40162807310437865,0.36831856889451453,0.4016608123813161,0.6632554186145398,0.9529062316350038
0.8736578499196033,0.40093345585170836,0.367812229290893,0.4027824827858917,0.6609604759880767,0.9531441980724531
0.872138827395895,0.40023671096449465,0.3673053651183443,0.4039035575500072,0.658784530386697,0.9533821645099024
0.8706197329075853,0.3995384713693159,0.36679797416349735,0.40502340132383896,0.6564045898851418,0.9536200866539245
0.8691007585688699,0.3988385278785742,0.36629058099527945,0.40614209352611486,0.6540246493837003,0.953858208118369
0.8675817485607435,0.3981364531774327,0.3657826654715053,0.40725991212238344,0.6517637059073422,0.9540962299226021
0.8660626697169129,0.3974324600293456,0.3652744754897271,0.408376777693916,0.649383765405787,0.9543341409932676
0.8645436503221,0.3967269739612218,0.3647660309702838,0.4094921740189812,0.6470378240543369,0.9545722181642848
0.8630245839938531,0.39601978220960676,0.3642575864508405,0.41060701441295056,0.6446578835528953,0.954810184601734
0.8615055520834565,0.39531045745966376,0.36374834511783694,0.41172070323536425,0.6422439439013488,0.9550481510391833
0.8599864888841049,0.3945996487293248,0.36329029241596833,0.41283324048622205,0.6398980025498986,0.9552862282102005
0.8584674475870222,0.393887127163782,0.36285387762900334,0.4139448247123445,0.6375180620484571,0.9555242500144339
0.8569483906454605,0.39317226341231315,0.3624171994508892,0.41505513823881923,0.6350361240968141,0.9557622718186671
0.8554294150551875,0.3924561195042619,0.3619791998902876,0.416164578159286,0.6325031874202978,0.9560001275225486
0.8539103049224002,0.39173763341028456,0.36154040794286774,0.4172728665081973,0.6301742456438433,0.9562382046935657
0.8523913168165436,0.39101744163281615,0.3611005668575935,0.4183799635761889,0.6276753081172046,0.956476281864583
0.8508722554945285,0.3902959714866934,0.3606557080602605,0.4194862664569008,0.6252443688906624,0.9567141929352483
0.8493532110685504,0.3895719410274058,0.36020953009381107,0.4205912192192369,0.6228134296642338,0.9569522701062655
0.8478341666425728,0.3888464212239377,0.35976361551851066,0.4216950601193816,0.6202294942626168,0.9571904026440666
0.8463151222165934,0.3881187666342134,0.35931611838294475,0.4227977097386064,0.6176455588609997,0.9574282583479481
0.8447960621461368,0.3873898390396194,0.3588694136341971,0.4238994857518237,0.6152656183595582,0.9576663355189654
0.8432770208490545,0.38665898942222354,0.3584208607206638,0.4249999910653932,0.6126306842328404,0.9579041912228468
0.8417580014542412,0.3859262231458103,0.35797257119827963,0.4260993845167711,0.6101147471312061,0.9581423791274317
0.8402389538993678,0.3851913238710691,0.35752428388926644,0.4271975866872293,0.607513812154707,0.9583802791247403
0.8387198375087892,0.3844549334642192,0.3570741484154676,0.42829463728613204,0.604980875478077,0.9586183120023304
0.8372008806918894,0.3837170483494044,0.356624803115116,0.4293903377666588,0.6023459413514729,0.9588563448799204
0.8356818018480587,0.3829763990976112,0.3561744042501681,0.4304852837692701,0.5997450063747465,0.9590943556107969
0.8341627198753323,0.38223425156199664,0.35572374199407103,0.4315788002347778,0.5971270718231381,0.9593323220482463
0.8326436410315012,0.3814906128942735,0.35527149496433746,0.4326712048380936,0.5944751381215383,0.9595702884856956
0.8311246372811669,0.3807446356164807,0.35481924793460384,0.4337622196136699,0.5919252018699126,0.9598082992165718
0.829605608499667,0.3799969472914122,0.3543667397270922,0.4348522813645106,0.5892732681683128,0.9600462878007349
0.8280865496807688,0.3792475550707807,0.35391343691939126,0.43594119154379585,0.5866043348916037,0.9602842985316112
0.8265674989969996,0.37849624440320373,0.3534606608939885,0.43702859276724926,0.5839354016148945,0.9605223757026286
0.8250484545710206,0.37774301528868126,0.3530063045216911,0.43811476300041896,0.581181470463207,0.9607604528736458
0.8235294132739379,0.3769878695151414,0.35255168697161576,0.4391999802088531,0.5783935401614144,0.9609982421373864
0.8220103532034808,0.37623144358501914,0.35209627039460906,0.4402836487520918,0.5757076073097096,0.9612362750149765
0.8204912993908162,0.3754722499420622,0.3516408582443443,0.4413663642705945,0.5730216744581185,0.9614743521859936
0.8189722393203596,0.3747122016694315,0.3511846537072614,0.4424475708332658,0.5702337441563259,0.9617123739902269
0.8174531886365894,0.37394980584709014,0.3507281857790293,0.44352766553374545,0.5673948151295463,0.9619502850608923
0.8159341129216551,0.37318485328744033,0.35027066207282986,0.4446064895345774,0.5646578835528544,0.9621883622319095
0.8144150716245719,0.3724186241470644,0.34981261158433224,0.4456841222544896,0.5618359541010705,0.9624262179357909
0.8128960178119073,0.37165068932319734,0.3493548267003547,0.44676020630920665,0.5590310242242822,0.9626642951068082
0.8113769577414507,0.3708806232889304,0.3488962450028169,0.4478352182110956,0.5561410964725155,0.9629023722778254
0.8098579039287852,0.3701088515711723,0.34843660974068275,0.44890868144778917,0.5533191670207316,0.9631404494488425
0.8083388219560588,0.36942041697417544,0.34799465488610276,0.44998115195038313,0.5504462388439606,0.9633783051527239
0.8068197618856026,0.36874946116314244,0.34756773767410204,0.4510523914626934,0.547641308967286,0.963616493057309
0.8053007331041018,0.36807530496065327,0.34714082267547236,0.4521218440536241,0.5446663833403136,0.9638543487611904
0.803781682420333,0.36739902112362066,0.346712061725428,0.45319014507299915,0.5417084572885642,0.9640923151986397
0.8022626223498768,0.36671975144651436,0.3462830307441216,0.4542573739395468,0.5388865278367803,0.9643370917505159
0.8007435435060457,0.3660383487710801,0.3458524216292916,0.4553229350128065,0.5359286017849172,0.9645877371814914
0.799224502208963,0.3653539638314286,0.34542260268790886,0.4563871459676907,0.5330386740330368,0.9648383272456831
0.797705457782985,0.3646674476813772,0.34499146457740965,0.45745016564165564,0.5301147471312788,0.9650890280434425
0.796186394583632,0.3639779456912522,0.34456006307576137,0.4585116763597885,0.5270718232043237,0.965339573814207
0.7946673438998628,0.3632865288300381,0.34412707680047655,0.4595719163782741,0.5239269018273944,0.9655902081718257
0.7931483138668036,0.362591913365296,0.3436938271340426,0.4606307268596561,0.520985975350527,0.9658548613991427
0.7916292663119302,0.3618945266118629,0.34325978729416146,0.46168794896647847,0.5179770505736769,0.9661563889045751
0.7901101812103084,0.3611950086480299,0.342825218458611,0.46274421804856547,0.5149511262217175,0.9665757369262693
0.7885911180109559,0.3604922938685971,0.3423906518364317,0.4637987796280003,0.5119252018698717,0.967010809114607
0.7870720391671253,0.3597874478787645,0.34195423704946665,0.464851911670332,0.5087292817679554,0.9674458813029451
0.7855530416745826,0.35907983060024073,0.3415167664845342,0.465903733303652,0.5056353591158995,0.9678808981244991
0.7840339597018557,0.35836901829404544,0.3410798227019,0.4669542048185964,0.502541436464071,0.9683159149460531
0.78251485582686,0.357656071201594,0.3406418253546694,0.4680029291215253,0.49944751381201513,0.968750987134391
0.7809958114008819,0.3569403563963077,0.3402025066249514,0.4690504621435345,0.49626859328509454,0.9691859485891612
0.7794767669749039,0.3562220812778566,0.33976319010860434,0.47009652591907636,0.4931236719081653,0.9696210872176398
0.7779577069044472,0.3555006093438057,0.3393228156009189,0.4711410013200583,0.4898767530810346,0.9700560929658372
0.7764386030294506,0.3547770079872831,0.33888165091978617,0.47218408689330116,0.4867318317042191,0.970491165154175
0.774919549216786,0.35405042079068694,0.3384399594563553,0.47322574292944,0.48350191245219776,0.9709011008225964
0.7734005110485986,0.35332063856641915,0.33799721221495704,0.47426596942847543,0.4803059923501678,0.9712824672304957
0.7718814071736024,0.35258872334382335,0.33755393597788963,0.4753044487154956,0.4770590735231508,0.9716639443719627
0.7703623815209979,0.35185403862046466,0.33710986956737493,0.47634149846541174,0.4738291542711295,0.9720455322469977
0.7688433214505417,0.351116155293578,0.336665274161191,0.47737711867822474,0.4704802379940247,0.972426898654897
0.767324242606712,0.3503757152293828,0.33621962519041076,0.47841107109775005,0.46714832129180195,0.9728083757963641
0.7658051856651502,0.3496327184278791,0.3357734472239613,0.4794437131082636,0.46383340416480223,0.9731898529378312
0.7642860567589893,0.3488867357863017,0.33532674247521366,0.48047460790676166,0.4605524861877939,0.9735712193457303
0.7627670467508638,0.3481379836439614,0.33487924533964775,0.4815041128775204,0.4571525711857021,0.9739528072207655
0.7612479585203453,0.34738624744947577,0.33443069242611445,0.4825319103456276,0.4538036549085973,0.9743342843622327
0.7597288859343059,0.34663131265146213,0.33398108373461377,0.4835585165328151,0.45036974075640046,0.9747157615036997
0.758209810219372,0.34587446119443116,0.33353121165196403,0.48458317696116704,0.44696982575430866,0.9750971832783829
0.7566907626644976,0.34511441292180045,0.33308081278701607,0.4856064872711434,0.4435189120272298,0.9754786050530659
0.7551716775628754,0.34435116604564175,0.3326293581441008,0.4866279709503767,0.4401189970250243,0.9758601929281011
0.7536526456524801,0.3435855769835571,0.3321773767188873,0.48764822363932603,0.43668508287294117,0.9762415593360002
0.7521335292619011,0.34241353284275683,0.3312243345798891,0.48866649086007574,0.43654908627274835,0.9766230364774674
0.7506145098670882,0.34170080030168787,0.33082564891500327,0.4896832491249943,0.4294942626434022,0.9770045136189345
0.749095405992092,0.3410524349633076,0.3304121889986873,0.4906984190153534,0.4258393540160341,0.9773858800268337
0.7475763897261749,0.3404004472824189,0.32999793890892404,0.4917121990779725,0.4223544411389639,0.9777675232686527
0.7460572464270938,0.33980835161996487,0.3296562453339372,0.5048210146084,0.3999999999998636,0.9781489450433359
0.7301113947650069,0.33917725051616593,0.3296282793913424,0.4942440681258615,0.41575860603484216,0.982394912971468
0.743491752233695,0.3385103425745501,0.32917655914390703,0.4947470269301364,0.41181470463232017,0.9789543102827816
0.7414938115532963,0.3377641471695184,0.3283733865687424,0.4957542152383334,0.4117297067573418,0.9792932657341694
0.7399747608695266,0.3371166346728837,0.3279892161908797,0.4977824107133959,0.4053208669782862,0.9796747428756364
0.7393937255708987,0.33643544833676015,0.32750293194189617,0.4977676388299921,0.40071398215036425,0.980144253203596
0.736930774049247,0.33576491626470767,0.3270841953491143,0.49876914869913924,0.39694007649802643,0.9804375310582187
0.7354113009645626,0.33515107939549005,0.3267372250976616,0.5117792070413281,0.3739226519336398,0.9808188863927613
0.719465461192279,0.3344993044780557,0.3266902617917672,0.5012773112567273,0.390310242244027,0.9850650314946022
0.7328458005133731,0.3338127901159325,0.3262340550413132,0.5017691514390852,0.3861283467913381,0.9816243180723476
0.7308478567040777,0.3330508216084281,0.3254401188633348,0.5027645063568142,0.3859243518911626,0.9819631627901675
0.7293287528290824,0.3323847665085578,0.3250511963779334,0.5047795580323964,0.37922651933695306,0.9823446399316347
0.7287477801083684,0.3316833318857075,0.3245598988436331,0.5047541440394439,0.3745686357840441,0.9828142609931622
0.7262848285867163,0.3309929770538369,0.32413641235668367,0.5057435822619385,0.37072673183172355,0.983107594214569
0.7247653523731361,0.3303565479240384,0.32378416764213613,0.5186507933513977,0.34670633234168236,0.983488960622468
0.7088194556549521,0.32968345911467734,0.323718204759571,0.5082270455951257,0.36372290692725073,0.9877349285506003
0.7221998143751986,0.32897648191444484,0.32325698693717125,0.5087068935495593,0.35937101572460506,0.9842945473290498
0.7202019143704432,0.3282000222489784,0.3224728117253063,0.5096899782738158,0.3591160220994425,0.9846332813133015
0.7186828605577782,0.32751520999448996,0.32207861477681005,0.5116923626622856,0.3523331916701409,0.9850148138215528
0.7181018021053225,0.32679139408658486,0.3215825673483421,0.511655035860137,0.34747131321717006,0.9854844902498641
0.7156388361907502,0.32608143194024286,0.3211535385804067,0.5126323627266149,0.3432554186144898,0.985777712737703
0.7141193881372319,0.32542219689244495,0.32079680736284055,0.525433073301858,0.3185720356990487,0.9861590791456022
0.6981734523078518,0.3247263030590486,0.3207107913390084,0.5150904517762138,0.3361665958350386,0.9904050027803073
0.7115538407526065,0.32399843749379814,0.32024482583581204,0.515558267793359,0.3316617084573181,0.9869644443850478
0.7095559063299994,0.32320748309451325,0.3194698848077623,0.5165286852305031,0.33140671483215556,0.9873033998364357
0.7080368274861684,0.3225026371046806,0.3190706723605783,0.5185172110509413,0.3242158946025029,0.9876848216111188
0.707455723351837,0.32175772185623136,0.3185690848644954,0.5184682096957798,0.3190820229493738,0.9881543873058622
0.7049928375369938,0.32102644671192676,0.3181350450246142,0.5194325913095978,0.3150021249467727,0.9884474990601333
0.7034733394211452,0.3203433401409295,0.3177727737394332,0.5321227510154976,0.2892137696557029,0.9888291423019523
0.6875274176717938,0.3196246394955697,0.31766802374345043,0.5218644324696005,0.30748831279208844,0.9930750548633006
0.7009078765167027,0.3188748217480295,0.3171959869635989,0.5223199385839095,0.30276243093919675,0.9896345186147546
0.6989098951606598,0.31806894887594567,0.3164300189415863,0.5232770930934814,0.30252443688902986,0.9899734629927858
0.6973908163168292,0.3173434272845494,0.3160252664267874,0.5252515220897038,0.295078623034442,0.9903548183273281
0.6968096971637978,0.3165754924606823,0.31551892903653683,0.5251902108317059,0.2899107522310942,0.9908244615355692
0.6943468607855068,0.3158235435027423,0.3150798759113389,0.5261415677741357,0.2854228644283694,0.9911177836836191
0.6928273767496878,0.31511677906596414,0.3147125891274701,0.5387173645117493,0.2589035274118032,0.9914990947247345
0.6768813905450863,0.31437335494962354,0.3145877859902203,0.5285462080198062,0.27780705482359735,0.9957449519192987
0.6902618716051543,0.3136013704684111,0.31411047474727394,0.5289888085908192,0.27301317467060926,0.9922688037553115
0.6882639202865102,0.3127805773356001,0.3133540043002257,0.5299325810447271,0.2725881852952625,0.9925268794086941
0.6867448458231333,0.3120343819305684,0.31294423850011,0.5318925955418219,0.2648873778155121,0.9928276760725784
0.6861636478219313,0.31124364136749477,0.3124318320465753,0.5318187361248037,0.25941351466212836,0.9932164616295279
0.6837008586899644,0.31046973861812965,0.31198697546261334,0.5327564727553855,0.2549086272842942,0.9934289593463569
0.6821813339785017,0.30973846329503224,0.3116146753934278,0.5452143326819543,0.22719932001689358,0.9937296674233869
0.6662353365098772,0.3089698891080452,0.3114695557237619,0.5351331973181725,0.24683382915429775,0.9978950656075039
0.6796158426011094,0.30817445952450623,0.31098723119549876,0.5355621775773374,0.24183595410113412,0.9943736717076668
0.6776179128718445,0.3073387461309681,0.31023893694092736,0.5364923297193973,0.24142796430089675,0.9946316919942655
0.6760987917879229,0.3065720903909266,0.309824421246644,0.5384371752394486,0.23340416489577365,0.9949324997315065
0.675517599418733,0.46113247943551816,0.42771192285853143,0.5383509265008661,0.08108797280056024,0.9953215067555918
0.6730548171703368,0.5345796039088259,0.4943140402489121,0.5392743280510481,0.2252443688906851,0.9955340044724206
0.6715353112322484,0.5518041107258206,0.5135911160954258,0.5516099625552613,0.18165745856344984,0.9958346461093097
0.6555892956160281,0.5996606548058134,0.5691773170021377,0.5416220250687598,0.31165320866966795,0.9999999999999998
0.6689698198548557,0.6540090409807087,0.6177934134240154,0.4057334841706761,0.7852953676157313,0.9964786725403034
0.668816681062919,0.6246484888484595,0.588410581383062,0.723377819866174,0.9216319592010223,0.10271453792080688
0.9358329582029921,0.6173020528383557,0.5897674442076678,0.3527945484761392,0.792180195495007,0.10603186092833365
0.9493095320292895,0.6670875926401582,0.67823572817272,0.6882851459539514,0.9231959201018753,0.9343748583108631
0.9808511507272089,0.6737577448132293,0.6837944766389092,0.6882728360511152,0.9227369315766509,0.10618633425557505
0.9809191416299403,0.6806157724802737,0.6893835704215192,0.7364047546880579,0.9162090947725119,0.10618708724383685
0.936032417479197,0.6849798727560117,0.6950292601006189,0.755870205496356,0.9198470038248843,0.10801651651936033
0.9205341471450779,0.6817620132414677,0.6923892618394432,0.7553119712574095,0.9178070548235837,0.10680974209622283
0.9201088754689577,0.6740600834697851,0.6841110993605704,0.7552922357035072,0.9178750531236801,0.10677638914556684
0.9201667428297755,0.6674388490119318,0.6786245067890064,0.7562836991035651,0.9176370590733995,0.10677671027291379
0.9211947806106737,0.6611390304043983,0.6731970112231631,0.7553788021170016,0.9176370590733995,0.10684413594241722
0.9201521997227387,0.6548621330362321,0.6677911624257076,0.7229461790796219,0.9190480237992915,0.10677830483629176
0.9496995807882751,0.6517210113995082,0.6650131826163435,0.7027672701285477,0.9156991075223004,0.10649422894116266
0.9668794485615759,0.6526138490986464,0.6678287675990107,0.6887006647387242,0.9208159796004338,0.10772501040182413
0.9818474702670028,0.6527175310542566,0.6678727030133762,0.6881625631473198,0.9206969825754641,0.10622447089636496
0.9814369841873334,0.6517881481029599,0.6651410269253483,0.6881509283036711,0.9220909477262467,0.10619197059418191
0.981505306753006,0.6517942270587984,0.6651853607464938,0.6892085872134974,0.9209689757755086,0.10619274572915732
0.9825113818765843,0.6519472558323915,0.6652310004565298,0.6881333767647886,0.9206969825754641,0.10626140054126461
0.981636166556271,0.6520023597791393,0.6652755777484854,0.6881212256994083,0.9206969825754641,0.10619443995274641
0.981704101138881,0.652102322844119,0.6653230766901621,0.7026974610666563,0.9158011049722745,0.10619517079429466
0.9673453974457487,0.6529964299722704,0.66814025529995,0.6886302203270092,0.9208159796004338,0.1077306688871446
0.9823134398018869,0.653100326479263,0.6681840579120554,0.6880917613513287,0.9206969825754641,0.10623011830832861
0.9819029130465724,0.6521691377204967,0.665451053801427,0.688080404473228,0.9221929451763344,0.10619760693278878
0.9819712847359066,0.6521753239520265,0.6654953876225725,0.6891380236736906,0.9210709732257101,0.10619838206776419
0.982977340147444,0.6523286745526935,0.6655404961235684,0.6880627735156175,0.9208159796004338,0.10626702580651469
0.9821020944768426,0.652383653344468,0.6655853611537541,0.6880504636127811,0.9207649808754468,0.10620005414463972
0.9821700697350968,0.6524835091337563,0.6656324616886506,0.7026274931673091,0.9158521036972616,0.10620080713290152
0.9678112840648971,0.6533785817431292,0.6684504149782888,0.6885595773684741,0.9208159796004338,0.10773628307903788
0.9827793564584328,0.6534826034050949,0.6684951472062144,0.6880212375208858,0.9207649808754468,0.10623576572029231
0.9823687796407894,0.6525505385615167,0.6657602838639454,0.6880098806427852,0.9221929451763344,0.10620323219803887
0.9824371491398964,0.6525572611715027,0.665804484882831,0.6890673410057915,0.9211729706756842,0.10620401840637106
0.9834431535504335,0.6527105044964785,0.665850655801907,0.6879921305570822,0.9208159796004338,0.10627267321847834
0.9825679692061877,0.6527655011675351,0.6658947240185327,0.687980178038522,0.9208159796004338,0.10620569601992498
0.9826358756287368,0.6528651424054407,0.665941558948909,0.7025579223616016,0.9158011049722745,0.10620644347150839
0.9682770714980529,0.6537615917195181,0.6687617698769679,0.688489053538031,0.9209689757755086,0.10774191941764474
0.9832452061566133,0.6538652736751283,0.6688056831576233,0.6879507136904426,0.9208159796004338,0.10624137991218557
0.9828346794012996,0.6539201630704935,0.6688509465945891,0.687938999428066,0.9208159796004338,0.10620886853664574
0.9829029675491192,0.6539779310302412,0.6688959222933251,0.6889968568847122,0.9211219719506971,0.10620964367162114
0.9839089375418046,0.6541319252850557,0.6689430228282215,0.6879216067266394,0.9208159796004338,0.10627828741037164
0.9830337147121413,0.6541886204878906,0.6689893265495577,0.6879098130455348,0.9208159796004338,0.10621134896856703
0.9831016461658559,0.6542454229664167,0.6690352539978239,0.6878981782018863,0.9208159796004338,0.10621207427343689
0.9831699530870499,0.6543020108935604,0.66908115931238,0.6878865830676015,0.9209179770505216,0.10621285494509068
0.9832382381059741,0.6543588133720866,0.6691274630337162,0.6878751070614091,0.9209179770505216,0.10621363008006608
0.983306573187229,0.6544154906956396,0.6691733683482723,0.6878635119271244,0.9209179770505216,0.1062143941416847
0.983374861335049,0.6544725077255483,0.6692194064650884,0.6878522344677518,0.9208159796004338,0.1062151914233737
0.9834432079932185,0.6545292029283832,0.6692657101864247,0.6878406393334673,0.9209179770505216,0.1062159499483139
0.9835115086566208,0.6545860054069094,0.6693115048324307,0.6878290441991828,0.9208669783254209,0.10621674169332448
0.9835797968044409,0.6546428078854356,0.6693574101469868,0.6878175681929901,0.9208669783254209,0.1062175168282999
0.9836481368919285,0.6546991812611966,0.6694034482638029,0.6878059730587056,0.9209689757755086,0.10621829196327531
0.9837164312975402,0.6547561982911054,0.6694498847873993,0.6877944970525129,0.9209179770505216,0.10621905602489391
0.9837847538632127,0.6548127862182491,0.6694956794334053,0.6877830210463205,0.9209179770505216,0.10621982562319092
0.9838530232376583,0.6548695886967753,0.6695414519457014,0.6877716244588559,0.9209689757755086,0.10622061736820151
0.9839213145143741,0.6549263911753014,0.6695885524805978,0.6877599499058433,0.9209689757755086,0.10622139250317691
0.9839896151777761,0.6549835154809014,0.6696340593883738,0.6877485930277427,0.9209689757755086,0.10622215656479553
0.9840579252278663,0.65503967430528,0.6696798319006698,0.687736997893458,0.9209689757755086,0.10622294277312774
0.9841262384068519,0.6550966913351887,0.669726024953456,0.6877251645029894,0.9209689757755086,0.10622371790810314
0.9841945140390886,0.6551534759344331,0.6697721958725322,0.6877140458810729,0.9209689757755086,0.10622448196972176
0.9842627646401603,0.6552107075157242,0.6698186323961285,0.6877022919093323,0.9209689757755086,0.10622525710469717
0.9843310496590849,0.655266991495076,0.6698641393039044,0.6876911732874158,0.921036974075605,0.10622603223967256
0.9843993503224877,0.655324097921394,0.6699104651589508,0.6876794987344028,0.921036974075605,0.10622682952136155
0.9844676572436821,0.6553803640214639,0.6699563704735069,0.6876678638907545,0.921036974075605,0.10622759358298016
0.9845359610359798,0.6554374883270639,0.670002674194843,0.6876566261407457,0.921036974075605,0.10622835764459879
0.9846041897347826,0.6554941835298987,0.670048446707139,0.6876450310064612,0.921036974075605,0.10622914385293096
0.984672462238124,0.6555507714570423,0.6700948832307354,0.6876333167440847,0.921036974075605,0.10622991898790637
0.9847407660304226,0.6556076812112599,0.6701407885452915,0.68762192015662,0.921036974075605,0.1062306941228818
0.9848090479204514,0.6556643764140948,0.6701866938598475,0.6876104044410636,0.921036974075605,0.10623146925785719
0.984877299773081,0.6557212861683122,0.6702326213081137,0.687599007853599,0.921036974075605,0.10623224439283259
0.9849455597608405,0.655778303198221,0.6702790578317099,0.6875876509754983,0.9209689757755086,0.10623304167452159
0.985013838521974,0.6558349984010559,0.6703254943553063,0.6875761749693057,0.9210709732257101,0.1062338057361402
0.98508210789642,0.6558913717768169,0.6703708684608222,0.6875647386724772,0.921036974075605,0.10623458087111559
0.9851503835286564,0.6559488179094908,0.6704167959090883,0.6875532229569206,0.9209689757755086,0.1062353449327342
0.9852186716764773,0.6560057276637081,0.6704629668281645,0.68754146898518,0.9209689757755086,0.1062361311410664
0.9852868816019051,0.6560623155908518,0.6705088721427206,0.6875304694913553,0.9209689757755086,0.106236922886077
0.9853552041675777,0.6561192074657873,0.6705549102595367,0.6875186758102507,0.9209689757755086,0.10623767033766043
0.9854234547686493,0.6561764390470787,0.670601081178613,0.6875072792227863,0.9209689757755086,0.10623847869270621
0.985491711627513,0.6562324905957659,0.670647008626879,0.6874958032165936,0.921036974075605,0.10623923168096802
0.9855599622285847,0.656289614901366,0.6706934451504754,0.687484327210401,0.921036974075605,0.10623999574258663
0.9856282190874484,0.6563466319312746,0.6707392176627713,0.6874726129480242,0.9209689757755086,0.10624079856095404
0.9856965072352684,0.656403112582727,0.6707855213841076,0.6874612560699238,0.9209689757755086,0.10624156815925104
0.9857647328051753,0.6564603441640182,0.6708315595009238,0.6874496609356393,0.9210709732257101,0.10624235436758322
0.9858330115663079,0.6565170393668531,0.6708773541469297,0.6874384628949946,0.9210709732257101,0.10624310735584504
0.9859012715540665,0.6565738418453794,0.6709237906705261,0.687426788341982,0.9211219719506971,0.10624389356417725
0.9859695377996167,0.6566311807023619,0.6709696959850822,0.6874151932076975,0.9210709732257101,0.10624466869915265
0.9860377298903407,0.6566879653016062,0.6710154684973783,0.6874039157483249,0.921036974075605,0.10624543276077127
0.9861060180381602,0.6567448750558236,0.6710619050209745,0.6873924000327682,0.921036974075605,0.10624621896910347
0.9861742123191108,0.656801355707276,0.6711075668647205,0.6873807651891195,0.9210709732257101,0.10624698303072208
0.9862424566623909,0.6568582654614934,0.6711536049815366,0.6873691700548352,0.921036974075605,0.10624776923905427
0.9863107448102117,0.6569153897670934,0.6711996430983528,0.6873578528860984,0.9211729706756842,0.10624854437402967
0.9863789372138245,0.6569720849699283,0.6712462124242091,0.6873464562986338,0.9211729706756842,0.10624931950900508
0.9864471940726878,0.6570288874484544,0.6712917193319852,0.6873349802924413,0.9211729706756842,0.10625010571733728
0.986515460318238,0.6570854753755981,0.6713380451870313,0.6873235042862487,0.9210709732257101,0.1062508697789559
0.9865836796303533,0.6571428142325806,0.6713835520948073,0.687312028280056,0.9210709732257101,0.10625165598728809
0.9866519615203821,0.6571997239867982,0.6714302542229237,0.6873007905300472,0.9210709732257101,0.1062524255855851
0.9867201495435403,0.6572566158617337,0.6714758939329597,0.6872891556863987,0.9210709732257101,0.1062531951838821
0.9867884001446128,0.657313525615951,0.6715220648520359,0.6872777988082983,0.9210709732257101,0.10625398139221431
0.9868566131989369,0.6573703280944774,0.6715682579048221,0.6872662036740138,0.9211729706756842,0.10625474545383293
0.9869248722480268,0.6574273451243859,0.671613897614858,0.6872544894116372,0.9210709732257101,0.10625554273552192
0.986993091560143,0.6574840403272209,0.6716600685339342,0.6872430928241726,0.9211729706756842,0.10625629572378371
0.9870613046144667,0.6575408428057471,0.6717061066507504,0.687231775655436,0.9211729706756842,0.10625708193211594
0.9871295364421653,0.6575980743870383,0.6717520340990165,0.6872202996492431,0.9211729706756842,0.10625785706709133
0.9871977933010285,0.657654966261974,0.6717984706226128,0.6872085456775028,0.9211729706756842,0.10625862112870994
0.9872659969686652,0.6577116793440907,0.6718439775303887,0.687197347636858,0.9212069698257892,0.10625938519032856
0.9873342056425352,0.6577688930461001,0.6718906796585051,0.6871859113400294,0.9212069698257892,0.10626017693533915
0.9874024155679635,0.657825713403908,0.6719363193685411,0.6871743956244729,0.9212749681257719,0.10626095760699296
0.9874706599112439,0.6578824980031523,0.6719824902876173,0.6871631181651003,0.9212069698257892,0.10626173274196835
0.9875388488730716,0.6579395150330611,0.6720284177358835,0.6871515230308156,0.9212069698257892,0.10626251895030055
0.9876070212517525,0.6579967466143524,0.6720745886549596,0.687140166152715,0.9212069698257892,0.10626328301191916
0.9876752874973027,0.6580534418171873,0.6721206267717758,0.6871285710184305,0.9212069698257892,0.10626405261021617
0.9877435412272701,0.6581104588470961,0.6721661336795517,0.687117095012238,0.9212069698257892,0.10626483328186999
0.9878117355082208,0.6581673686013134,0.672212592336858,0.6871056984247732,0.9212749681257719,0.10626560841684539
0.9878799423047528,0.6582241710798395,0.672257966442374,0.6870940238717609,0.9212069698257892,0.10626637247846399
0.9879481929058258,0.6582811702304665,0.6723042701637101,0.6870827861217521,0.9212069698257892,0.10626716976015299
0.9880163934445667,0.6583381872603752,0.6723503082805263,0.6870713101155594,0.9212069698257892,0.1062679227484148
0.9880845545592227,0.6583949897389014,0.6723967448041226,0.6870598341093668,0.9212749681257719,0.10626872003010379
0.9881527479015046,0.6202787387196482,0.586605555198219,0.6870485963593582,0.910123246918829,0.10626947301836559
0.9882209453113506,0.584123666129585,0.5399359193681339,0.6870371203531658,0.9185890352740671,0.10627024815334103
0.9882891833968399,0.5465140245623429,0.4964705143347423,0.687025485509517,0.9221929451763344,0.1062710343616732
0.9883573901933724,0.5047854076739093,0.4535386423810878,0.6870138903752325,0.9225669358265804,0.1062718094966486
0.9884255813454268,0.4512664413853311,0.4087998982911757,0.31922405361367723,0.7929961750955954,0.10627258463162402
0.9876573248201979,0.45064408146244234,0.4083897362976509,0.32039861689108506,0.791500212494725,0.9368575602703011
0.986138133336123,0.4500607162533293,0.4079056941934912,0.3215725845280326,0.7898002549936791,0.9371348924911441
0.9846189919143797,0.44947618889089413,0.4074209947181442,0.3227460756526126,0.7881002974926332,0.9374121693452032
0.9830997128212262,0.4484038968395473,0.4060067347567463,0.3239193285210087,0.7882362940925987,0.9376895569328302
0.981580507570011,0.44780082151009204,0.40555725886750565,0.32610016679124154,0.7851423714406565,0.9379669445204574
0.9809991637622715,0.4472435672042335,0.4049986792815238,0.3262684550758237,0.7830684232893645,0.9383326310551398
0.9785363205004094,0.4466508332514164,0.4045129240282095,0.3274393253823804,0.7812494687632352,0.9385214539351483
0.9770167535488556,0.4460349813871312,0.40410025649871173,0.3417858420789568,0.7705567360815166,0.9387987307892075
0.9610705896229819,0.44591594112838795,0.40453825384594233,0.3302826349720289,0.7783085422863678,0.9429327913736048
0.974450993399326,0.4453371637430048,0.4040145016526577,0.3309542394451619,0.776319592010168,0.9393514463200984
0.9724529432075784,0.4442549558419284,0.4026138317892045,0.33212324341161104,0.776370590735155,0.9395467803339004
0.9709338111725216,0.44364015885527397,0.40216066178376364,0.33430241388855664,0.7733106672332042,0.9397846360377817
0.9703524173024518,0.4430718301222203,0.401599970641847,0.33446470605917633,0.7711007224818331,0.9401110785959952
0.9678895740405893,0.44246768918756507,0.40111065628796344,0.3356316451386985,0.7692307692307168,0.9402604581791125
0.9663700102179313,0.44183776632844196,0.40069494980008163,0.3499526684235943,0.7581810454738616,0.9404985353501298
0.9504238259542355,0.44171030492793417,0.4011114442480397,0.33846748936791715,0.7661708457288796,0.9445986671693178
0.9638043095174194,0.44111948405827806,0.4005841307408148,0.33913432871737137,0.7641648958774567,0.9410171006486755
0.9618062030055499,0.4400269455081326,0.399198764124461,0.34029920290996607,0.7642668933276582,0.9412124346624775
0.9602869877418683,0.4394014996211917,0.39874255958737803,0.3424755143127043,0.7609689757755405,0.9414502903663591
0.9597057093280479,0.438821012976461,0.3981784399337812,0.3426321280442739,0.758691032724073,0.9417767329245723
0.9572427506099359,0.43820567961135015,0.39768608440814257,0.3437944211282089,0.7568210794730703,0.9419262896813984
0.9557231899161738,0.43756104925495426,0.39726656206865546,0.3580874890208574,0.7453803654908597,0.942164189678707
0.9397770078427037,0.43742431923472097,0.39766313175086454,0.34662276028763417,0.7535911602209353,0.9462643214978951
0.9531574798289744,0.4368218947111261,0.39713252032084845,0.34728408003549416,0.7515002124946477,0.9426827549772528
0.9511594046060616,0.435719753198684,0.39576179736703576,0.34844438765122976,0.7515512112196348,0.9428780889910547
0.9496401724463439,0.43508258029075936,0.39530189871375254,0.350617760561033,0.7482532936676307,0.943116166162072
0.949058931579271,0.4344900608893248,0.39473593089537007,0.35076778253818053,0.7458733531660755,0.9434423872531497
0.9465959759900553,0.43386310599099337,0.3942398878936441,0.35192582672016903,0.743901402464985,0.9435919883034027
0.9450764246829793,0.43320334261041593,0.3938171893667709,0.3661869285748067,0.73200169995755,0.9438299547408521
0.9291302232103575,0.43305744767029203,0.39419265455648755,0.35474523127269664,0.7406034849128673,0.9479299758264723
0.9425106770490319,0.4324428652350202,0.3936586124014203,0.35540095200023414,0.7384275393114876,0.9443485864795387
0.9405125598989175,0.43133018388591104,0.3923034538724851,0.35655661362038327,0.7385295367614617,0.9445437433196321
0.9389933840593221,0.4306822387106549,0.3918403945254127,0.3587265318155197,0.7350616234593872,0.9447817097570813
0.938412115345078,0.4300770428983689,0.39127152276427724,0.358870081166337,0.7326136846578493,0.945108085875154
0.9359492032475112,0.4294381625190249,0.3907733659932455,0.3600230822590993,0.7306757331066365,0.9452577533655477
0.9344295580735658,0.42876368448946195,0.39034724116806313,0.37424935900151923,0.7182660433488763,0.9454956090694293
0.9184834645478439,0.4286076698757951,0.39070133404739626,0.3628331551110897,0.7271398215044655,0.9495956301550493
0.9318638479863663,0.4279805183053631,0.3901651825497653,0.36348311798084865,0.7248108797280111,0.9460142851015431
0.9298657633767671,0.426858021230503,0.388824012525555,0.36463325999940355,0.7249128771779851,0.9462093976482092
0.9283465906660666,0.4261986869526906,0.38835883498243484,0.36679964406114496,0.7213599660008185,0.9464475855527943
0.9277652969206569,0.42558058229888873,0.38778732488306644,0.36693656194817637,0.7188780280492892,0.9467739173774398
0.9253023422701099,0.4249296602232,0.38728626638265273,0.36808392431125214,0.7168040798978836,0.9469232969605571
0.9237828347675738,0.4242395199427119,0.38685644744127,0.3822720006455156,0.7039864003399998,0.9471613741315744
0.9078366636452393,0.42407348399155254,0.387189960397038,0.3708840301128815,0.7130981725456422,0.9512612844836267
0.9212170089112348,0.42343438906082603,0.38665090274328295,0.3715277189031305,0.7108202294941748,0.9476798286965523
0.9192189399461137,0.42230145942499014,0.38532503596617207,0.37267226190136316,0.7109222269443762,0.9478751627103543
0.9176997578487263,0.4216302890625746,0.3848566955158918,0.37483467502670575,0.7071823204419161,0.9481131291478037
0.9171185147914271,0.4209999281610454,0.3842822859005124,0.37496468348440315,0.7045303867403163,0.9484395052658764
0.9146555144590032,0.4203368571133206,0.3837785890618658,0.3761066453739763,0.7023544411389366,0.9485890620227022
0.9131359287340755,0.4196303125917096,0.38334612956887915,0.3902529077479602,0.6891627709306931,0.9488270284601515
0.89718983020212,0.4194543715183898,0.38365906038771086,0.3788953942975051,0.6986145346365902,0.9529270495457718
0.9105702030023974,0.4188020637983555,0.3831173666090939,0.3795326501707881,0.6963365915851227,0.9493455937586974
0.9085721891058403,0.4176592201007183,0.3818068030790823,0.3806717132767903,0.6964385890352105,0.9495408170389316
0.9070529569461212,0.41697589182662576,0.38133555868604907,0.38282912302227046,0.6925626859327849,0.9497787834763808
0.9064716431757804,0.4163323270754297,0.38075903751473494,0.3829519440850857,0.6898427539310887,0.9501051706678103
0.9040086447206934,0.4156566797408319,0.38025243673333525,0.38408790986069685,0.6876328091797177,0.9502547163512796
0.9024890777691397,0.4149348895555636,0.3798168099064465,0.3981895786189218,0.673829154271175,0.9504926827887288
0.886542998010559,0.414747972391099,0.38010837062826575,0.38686546074358086,0.6837229069273008,0.954592703874349
0.8999233739397314,0.41408276476918976,0.3795650965027543,0.38749576747816605,0.6811389715256837,0.9510112480872747
0.8979252705567582,0.4129295779069862,0.3782698340064711,0.38862851679529387,0.6812409689757715,0.9512064713675089
0.8964060696859963,0.41223507508171997,0.3777959512752049,0.3907809231609116,0.6772630684232581,0.9514446592720939
0.8958248260029178,0.41157786843845107,0.3772170551568069,0.3908960803164774,0.6743731406714915,0.9517709246565986
0.8933618619656833,0.4108901829833649,0.3767072892548761,0.3920258117219424,0.6721121971950197,0.9519204814134246
0.8918422731118603,0.4101508085243696,0.3762690263031255,0.4060793527310136,0.6579345516361172,0.952158337117306
0.8758961310882549,0.4099534462834319,0.37654053388367764,0.39479117183008183,0.6681172970675107,0.9562584024963534
0.8892764816733734,0.4092748131087605,0.3759938268197439,0.3954144500072412,0.6655843603909943,0.9526769024158518
0.887278418966043,0.408112362990616,0.3747143965662293,0.39654068698867495,0.6655843603909943,0.9528722364296538
0.8857592431264472,0.40740538042659896,0.3742381411012503,0.39868733549651414,0.6614534636634062,0.9531101475003192
0.8851779387427929,0.40673442461556597,0.37365686560902645,0.3987951464197421,0.6585635359116395,0.9534365900585327
0.8827149747055594,0.40603405738584375,0.3731444635822338,0.39991796839587335,0.6561835954100843,0.9535861357420019
0.8811953326605093,0.40527826795815636,0.3727040890745484,0.41392008577857964,0.641393965150769,0.953824102179451
0.8652492516503694,0.4050687549572544,0.37295475112701526,0.40267018470453264,0.6519337016574127,0.9579240125315034
0.8786295568665006,0.4043775490715665,0.3724056691159977,0.40328651374299396,0.6493157671058043,0.9543425567444291
0.8766315273254643,0.4032050794038576,0.3711423367097717,0.4044056824576381,0.649383765405787,0.9545378243180904
0.875112342099182,0.4024678379431903,0.3706985336904061,0.40654613630469516,0.6452188695282075,0.9547759014891075
0.8745310690044845,0.40174593869430253,0.37018216972952206,0.4066460053551255,0.6422439439013488,0.9551022554604666
0.8720681080961454,0.40101274510305246,0.36970301032179004,0.40776199732065055,0.6397450063747101,0.9552519008041469
0.8705484691799912,0.40027401072234836,0.3691884900989496,0.42170895839677747,0.6242243943901258,0.9554897011412444
0.8546023531262206,0.40005767498748185,0.36941646731202954,0.41099894583551433,0.6355291117721436,0.9595898218870756
0.8684560640106649,0.3989103543176624,0.368094553615526,0.41213808836024435,0.635682107947332,0.9560505112959499
0.8669137252693733,0.39818419443590314,0.36757766508571477,0.4127404397025818,0.6303102422439224,0.9562922869681354
0.8649363129605221,0.3974373589525802,0.3670945459572623,0.4133414012171792,0.6276753081172046,0.9564845868821765
0.8629329561617314,0.39667283549569543,0.3666441470923144,0.4144513573593782,0.6250913727157013,0.9566792564945711
0.8614137834510318,0.3958784715173564,0.3661900518977952,0.42834884056797584,0.6091967700806435,0.9569172893721613
0.8454672312292053,0.39561332891881945,0.3664673629371114,0.4176865983715905,0.6209434764131174,0.9610175762183445
0.8593167625348248,0.3948788569589151,0.36594361295719774,0.41879667364188133,0.6184445388864788,0.9574773133185345
0.8577873358072616,0.3941399080268285,0.36541748803020024,0.4199258888256141,0.6159286017849581,0.9577156562501147
0.8562431212930215,0.3933994661747051,0.36488845916044976,0.4210846080667905,0.6132426689332533,0.9579572326018778
0.854653733347662,0.392661159108838,0.36436734751876904,0.4221330941135355,0.6108627284316981,0.9582110339395391
0.8532026219398472,0.3919194371001321,0.36384280072529507,0.42323832484141977,0.6082447938800897,0.9584285146669241
0.8516728572915517,0.3911740981127024,0.36337683743546967,0.4243634102512981,0.605694857628464,0.9586667690116499
0.8501289337646076,0.3904458088084714,0.36289846598781395,0.425540197253089,0.6029749256267678,0.9589084339502677
0.8485096345153909,0.3897366986099109,0.36239265980660357,0.4265612838386821,0.600322991925168,0.9591699866376828
0.8470891853463924,0.3890231132270963,0.3618836862914911,0.4276628215957152,0.5976370590734632,0.9593798267488818
0.8455617266942004,0.38830888776599054,0.3613741837807094,0.4287813946698995,0.5950531236718462,0.9596182914873866
0.8440163231996087,0.38759040167201325,0.3608659982256732,0.4293781867012785,0.5920951976199831,0.9598596352986574
0.8420478260531663,0.38685337118687213,0.3603871044224613,0.4299507560206246,0.58913727156812,0.9600531311352319
0.8400343942103454,0.3861020605192952,0.35993881268670613,0.4310435180082166,0.5864853378665202,0.960246981319224
0.8385151839528966,0.38534968603444647,0.359490790982213,0.43213524755234456,0.583714407139837,0.9604850031234571
0.8369959830821347,0.3845945384729785,0.3590414456818614,0.4332258652342811,0.5810454738630142,0.9607230802944744
0.8354767384068338,0.38383768701594756,0.3585913124214336,0.4343152519259341,0.5782915427114403,0.9609609913651399
0.8339575594383426,0.38307848979713416,0.3581401167429254,0.4354036458834871,0.5755036124096478,0.9611990685361571
0.8324383053763551,0.38231801242173835,0.35768945227345733,0.4364903720477529,0.5728176795579429,0.9614370349736062
0.83091906382995,0.3815554074117991,0.3572377364527639,0.43757618489664685,0.570029749256264,0.9616750014110556
0.8293999055121697,0.3807904602159338,0.35678258990701933,0.438660568208437,0.5672418189544715,0.9619129678485049
0.8278806514501822,0.3800240147362472,0.3563245372051507,0.43974364111121567,0.5644538886526789,0.9621510450195223
0.8263614599661073,0.37925501430718017,0.3558654309386857,0.44082576098925874,0.561665958351,0.9623890114569714
0.824842240321972,0.37848494469705685,0.3554055322854025,0.4419063322021062,0.5587250318741326,0.9626268671608528
0.8233230050333584,0.3777125364768639,0.3549458992366393,0.44298575184339817,0.5559881002974407,0.9628649443318701
0.8218038229359719,0.37693884810008854,0.35448468141423956,0.4440641390412263,0.5531151721206697,0.9631029107693193
0.8202845563584011,0.3761625994101482,0.35402346359183984,0.4451408981551308,0.5502762430938901,0.9633408772067686
0.8187653210697876,0.37538379577082753,0.3535614533826218,0.44621654540684363,0.5472843178920357,0.963578843644218
0.81724618152538,0.3746041392897613,0.35309918199562573,0.44729084254018114,0.544394390140269,0.9638168100816674
0.8157269462367664,0.37382213525898444,0.3526366450041095,0.4483638689738707,0.5415554611134894,0.9640548872526845
0.8142077078192576,0.37303778904228163,0.3521725254523278,0.4494354658704569,0.5385465363364119,0.9643053665833082
0.8126884694017482,0.37225173714208765,0.3517091960739933,0.4505058714861234,0.5356226094347676,0.9645559566474999
0.8111692998199431,0.3714639831342589,0.35124454973991337,0.45157500640214243,0.5326986825328959,0.9648066574452593
0.8096500520157472,0.3706745180791544,0.35077964001468437,0.45264279119978545,0.5297067573310414,0.9650580226444263
0.8081308010826551,0.36988249986259775,0.35031419908041517,0.45370894791350524,0.526765830854174,0.9653123776499272
0.806611585818974,0.3691584676153819,0.34986010609926693,0.4547740324743972,0.5237229069272189,0.9655667326554277
0.805092416237168,0.3684698238307871,0.3494271198239821,0.4558375683700939,0.5206969825753731,0.9658312751491768
0.8035731997219293,0.3677777651033535,0.3489938701575481,0.4569000718223266,0.5176370590734223,0.9661334670560167
0.8020539675622111,0.3670833624020658,0.348560093708816,0.45796090748127205,0.5146111347215765,0.9665489394028337
0.8005347197580148,0.3663866157269239,0.3481249980909675,0.45902067098738986,0.5115172120696343,0.9669839451510308
0.7990154875982967,0.36568731231447343,0.34769016586426804,0.4600786475721279,0.5083722906927051,0.9674189730459418
0.7974962523096827,0.36498502306194935,0.3472534876861539,0.46113559171340235,0.5053293667658636,0.9678540452342796
0.795977020149965,0.3642799625207342,0.34681707289918884,0.46219066951456944,0.5022354441138077,0.9682890066890497
0.7944578774766633,0.3635723452422105,0.3463798657254055,0.4632446751629087,0.4990565235868871,0.9687239681438199
0.7929386578325279,0.36286174212361316,0.34594134380924774,0.4642973306928726,0.49587760305985285,0.9691589295985898
0.7914194100283312,0.36214901315840053,0.3455017572616386,0.4653482390108208,0.49271568210792793,0.9695940017869279
0.7899001716108223,0.36143265648689493,0.3450624407452916,0.4663979560478495,0.489519762005898,0.9700290739752659
0.7883809676111646,0.3607141721808458,0.34462180284645705,0.4674462038384104,0.48628984275387666,0.9704639689898952
0.7868617135491771,0.35999248569541237,0.34417984799187706,0.46849322063868803,0.48304292392685966,0.9708627316413139
0.7853424970339375,0.35926824426059856,0.34373815431507515,0.4695384108082217,0.47989800254981674,0.9712440869758563
0.7838232335852631,0.3585418716153849,0.34329540707367695,0.47058205231256034,0.47654908627282566,0.9716255198238961
0.7823040683839118,0.3578118748397346,0.3428518696588314,0.47162470108279897,0.47331916702080434,0.9720068862317954
0.7807848487397768,0.3570793213267758,0.3424070108614984,0.4726656026410223,0.4699702507436996,0.9723884741068304
0.7792656134511633,0.3563437819737433,0.3419621520641654,0.47370503495277805,0.4665703357414941,0.9727698405147297
0.7777463719047577,0.35560547133201975,0.34151623970223605,0.47474279947124587,0.4633404164894728,0.9731514283897647
0.7762271084560837,0.354864607528844,0.3410695327401174,0.4757792138713386,0.4600934976624558,0.9735327947976639
0.7747078450074087,0.35412054333421217,0.3406217722134024,0.47681427815305555,0.456693582660364,0.973914271939131
0.7731886503944385,0.3533741369536543,0.3401734826910182,0.4778473966759371,0.45331066723326785,0.9742957490805981
0.7716694432658859,0.35262431741818595,0.33972413960403763,0.478879323917899,0.4498597535060753,0.9746772262220653
0.770150206725714,0.35187151561850033,0.33927479430368607,0.4799097819133935,0.4464088397789965,0.9750587033635324
0.7686309933393698,0.3511165826084149,0.33882413204758904,0.48093841327814424,0.4429239269018126,0.9754400697714316
0.7671117455351739,0.3503580254678928,0.3383729407958228,0.4819656151057916,0.4395240118997208,0.9758214361793308
0.7655925039887688,0.3495969098021339,0.33792069376608924,0.4829914271056992,0.4360390990224232,0.9762030683477929
0.7640732812157376,0.34883238634524916,0.3374673931717593,0.4840152139280436,0.4325881852953444,0.9765845011958331
0.7625540365404371,0.3480659426534907,0.33701382697290927,0.4850378491788323,0.4290352741180641,0.9769658676037323
0.7610348481852585,0.3472958766192238,0.3365594683872409,0.4860587769269695,0.4253803654908097,0.9773473447451994
0.7595156191544357,0.3465228265328114,0.3361040562369762,0.48707803688181905,0.4219974500637136,0.9777288218866665
0.7579963463190742,0.3457465796307993,0.33564811730441335,0.4880958672995652,0.41839354016144625,0.9781102990281336
0.7564771204171472,0.3449681997304591,0.335190856989363,0.48911191079593186,0.4147896302591789,0.9784917208028168
0.7549579270557358,0.34428594600120743,0.3347649955553297,0.4901264453364669,0.411253718657008,0.9788730318439319
0.7534386604781655,0.34363033597781023,0.3343481049139625,0.49113935179307844,0.4075478113046529,0.9792546197189669
0.7519194314473427,0.3429723784047025,0.33393147987711536,0.4921505904564025,0.4039099022523942,0.9796360414936501
0.7504002243187906,0.34231122580392315,0.33351353345778084,0.493159923070255,0.40025499362513983,0.9800174632683334
0.7488810109324469,0.3416475146779071,0.3330940066915517,0.49416798498446,0.3965150871227934,0.9803990068499413
0.747361700550337,0.34098082128767376,0.3326750044942498,0.49517445852410535,0.39269018274535483,0.9807804175512677
0.7458424965506798,0.34031114205736684,0.3322544219500533,0.4961789863049155,0.3891712707181796,0.9811618946927346
0.7443232331020053,0.33963933340458824,0.3318338371924858,0.4971820448392579,0.3853803654907324,0.9815433718342018
0.7428040416179305,0.33896411338482735,0.331412198870322,0.4981832370334931,0.3815724606884032,0.9819248489756689
0.7412848000715258,0.338285909312921,0.33098976816133985,0.4991825231782565,0.3777305567360827,0.9823063261171361
0.7397655178494773,0.33760557403061486,0.3305665450655394,0.5001806180421005,0.3739566510837449,0.9826876482316081
0.7382463232365066,0.33692118730303516,0.3301425317962917,0.501176846565837,0.3701657458562977,0.9830691696665024
0.736727053530041,0.3362344583895294,0.32971851631367305,0.5021712484588299,0.36625584360388075,0.9834506468079696
0.7352078244992182,0.33554517095078695,0.3292929204841598,0.5031640619772635,0.3623629409264595,0.9838321239494366
0.7336885798239181,0.33485268669644475,0.3288665300544573,0.5041551282836816,0.3585550361240166,0.9842134903573359
0.7321693476642004,0.3341572183899571,0.3284390860601584,0.5051442885406279,0.3545601359966213,0.984594967498803
0.7306500654421515,0.33345898058270657,0.3280121710615287,0.5061317810042874,0.35066723331908634,0.9849764446402701
0.7291308739580766,0.33275754417192804,0.32758340789811335,0.5071174468372031,0.34670633234168236,0.985357988221878
0.727611604251611,0.33205312370900414,0.327154644734698,0.508101722842379,0.34276243093916037,0.9857393435564203
0.7260923971230584,0.3313463610601542,0.3267245601887952,0.5090836957044436,0.33875053123676935,0.9861207653311036
0.7245731242876965,0.3306363980198481,0.32629342207829604,0.5100640801919489,0.33475563110914663,0.9865022424725708
0.7230539015146653,0.3299225998735792,0.32586202057664776,0.5110428763048944,0.3306927326816549,0.9868836642472538
0.7215346662260522,0.3292068832803648,0.32543035568385037,0.5120198060777326,0.3265958351040581,0.9872650860219371
0.7200153808751075,0.32848669150289633,0.32499657923511827,0.5129948298010993,0.3224819379515793,0.987646673896972
0.7184961956488243,0.32776436851502805,0.32456332956868433,0.5139682254405427,0.3183340416489955,0.9880280403048713
0.716976919684567,0.3270392724505405,0.32412876073313396,0.5149395561930585,0.3142881427963857,0.9884095174463383
0.7154576437203102,0.32631055493750855,0.3236934017241363,0.5159091000241951,0.31002124946871845,0.9887909945878056
0.7139384290824076,0.3255792788992399,0.3232575137194694,0.5168770951901358,0.3059923501911044,0.9891724717292726
0.7124191468603591,0.3248445941758812,0.3228208355413553,0.5178428666316934,0.301623459413463,0.9895537274036039
0.7108998834116846,0.3241067108489945,0.3223825725896046,0.5188068908612353,0.2974075648108965,0.9899353595720662
0.7093806981854014,0.32336605802134494,0.3219437828555558,0.519768929622578,0.2932426689332033,0.9903166816865382
0.707861414711795,0.3226219956146413,0.32150499312150693,0.520729260881269,0.2889587760305403,0.9906982695615733
0.7063421838036343,0.32187473460440963,0.3210646208271925,0.5216880037654008,0.284640883977886,0.9910797467030403
0.704822903146034,0.3211249159629054,0.3206242485328781,0.5226445229251491,0.2803229919252317,0.9914612238445075
0.7033036975819296,0.3203710476640558,0.3201822914649271,0.5235992154541538,0.2759881002973543,0.9918426456191908
0.7017844322559168,0.31961504904877036,0.31973954422352885,0.5245518430962313,0.27161920951971297,0.9921862408070741
0.7002651250027028,0.31885457346130275,0.3192962679864614,0.5255027632356573,0.26723331916696225,0.9924870042508879
0.6987459097390221,0.3180919666634353,0.31885246496709574,0.5264517376162479,0.26281342966422017,0.9927877566213451
0.697226629394311,0.3173259502865137,0.3184068159963155,0.5273986074005468,0.25835954101137304,0.9930884536250181
0.6957074013021569,0.31655673709399235,0.3179614282033133,0.5283438093915587,0.25393965150863096,0.9933893167290433
0.6941881894802613,0.3157838997710344,0.3175149868457148,0.5292871847518268,0.24948576285589752,0.9936898476323645
0.6926688931781815,0.3150082911593853,0.31706775531466896,0.5302280981315275,0.24503187420316408,0.9939906000028216
0.6911496560122306,0.3142288474417734,0.3166194657922847,0.5311675025553968,0.24042498937524215,0.9942913523732786
0.689630434803647,0.3134462051206335,0.3161706494876024,0.532104643545519,0.23585210369742526,0.994592149037163
0.6881111447593597,0.31266079329873075,0.31572077740495263,0.5330400373236255,0.23124521886950333,0.9948928571141928
0.6865918938262681,0.4707170618303829,0.4368474788619749,0.5339731676679846,0.07891202719929424,0.995193498751082
0.6850725912663971,0.5442866415052725,0.5044820652097166,0.5349046302190563,0.2230854228643011,0.9954943618551071
0.6835533481555438,0.5612235064354151,0.5233124274539986,0.5358338690457447,0.20555886102852128,0.9957950034919965
0.6820341141184891,0.6099460335331653,0.578075533233168,0.5367612018229617,0.30978325541855156,0.9960957558624535
0.6805148647498447,0.6635902263120166,0.6246822429257011,0.400043648532896,0.7881342966425109,0.9963963974993426
0.68077142449454,0.6350917952726391,0.5978578906919647,0.7174867768810653,0.920662983425359,0.10276851499848705
0.9480623864460993,0.6277103158700548,0.5992019602321861,0.346680497702873,0.7913302167444272,0.10606585613368354
0.9602571881395852,0.6786223934644215,0.6880259107833531,0.6825280029442111,0.9234169145771602,0.9342322334753886
0.9928795505529369,0.6856557274902791,0.6935994224341175,0.6971227825844419,0.918079048023742,0.10623269840046105
0.9785203950472696,0.693489159380174,0.7019760135213948,0.7166570894298956,0.9215469613259302,0.10776818541995418
0.9629604851557234,0.697089707044033,0.7047846042516996,0.7494525766353997,0.9198980025498713,0.10656161031723893
0.9322423733355198,0.693795556633716,0.7021951372504717,0.7494998307785454,0.9182320441988168,0.10681067225819331
0.9322225183023178,0.686895870239896,0.6966784871007172,0.7496820967592515,0.91666808329785,0.10681119270596251
0.9320967920781644,0.6801243782971407,0.6911859626948712,0.7494333970125933,0.9175180620484298,0.10681299766311954
0.932345883774695,0.6735391705922715,0.6857605698314788,0.7493738726759747,0.9178750531236801,0.10681119270596251
0.9324422659637728,0.6671123196869952,0.6803809937478024,0.717714073280534,0.9194560135996426,0.10681111519246496
0.9612684741259989,0.6637954804679752,0.6775611812265235,0.6824205494052591,0.9209689757755086,0.1065449892086949
0.9933395501548969,0.6638529087213672,0.6776069537388196,0.6824092719458863,0.9209689757755086,0.10623659622205166
0.9934075723465856,0.6639103548540408,0.6776519515712653,0.6823980341958775,0.921036974075605,0.10623738243038384
0.9934756499197284,0.6639679082624059,0.6776983880948616,0.682386915573961,0.9209689757755086,0.10623813541864568
0.9935436846269989,0.6640249252923147,0.6777442934094178,0.6823754395677684,0.921036974075605,0.10623891055362107
0.9936116598852527,0.6640821389943241,0.6777896675149337,0.6823642018177598,0.921036974075605,0.10623967461523968
0.9936797258814809,0.6641397996783803,0.6778361040385299,0.6823528846490232,0.921036974075605,0.10624046082357189
0.9937477324286919,0.6641966021569066,0.677881765882276,0.6823416071896504,0.921036974075605,0.10624123595854729
0.993815773393754,0.6642540304102984,0.677927538394572,0.6823306474051896,0.921036974075605,0.10624200002016589
0.993883751780904,0.6643119056457373,0.6779735765113881,0.6823193699458172,0.921036974075605,0.10624277515514131
0.9939518052615481,0.6643690299513373,0.678018574343834,0.6823077748115325,0.921036974075605,0.10624355029011673
0.9940198909698199,0.6644262615326285,0.6780648780651701,0.6822968944457994,0.921036974075605,0.10624431435173533
0.994087906903717,0.6644836897860205,0.6781106505774662,0.6822854978583353,0.921036974075605,0.10624508948671073
0.9941558884197619,0.6645409213673117,0.6781565558920223,0.6822740218521424,0.9210709732257101,0.10624585354832934
0.9942238824513896,0.6645985641720861,0.6782019521312482,0.6822627443927698,0.921036974075605,0.10624662868330476
0.9942919202875569,0.6646553845298941,0.6782478574458043,0.6822514272240332,0.9209689757755086,0.10624740935495855
0.9943599205769758,0.6647127055075948,0.6782936299581004,0.6822403086021165,0.921036974075605,0.10624816787989877
0.9944279302530821,0.6647701516402685,0.6783398008771766,0.6822290708521079,0.9209689757755086,0.10624895408823096
0.9944959912430766,0.6648275977729423,0.6783857283254426,0.6822178728114632,0.9209689757755086,0.1062497070764928
0.994563957114643,0.6648847220785423,0.6784311024309586,0.6822065556427264,0.9209689757755086,0.10625050435818177
0.9946320177917491,0.6649422576076256,0.6784770077455147,0.6821949605084421,0.9209689757755086,0.10625126841980038
0.9947000368545429,0.6649999182916818,0.6785224039847406,0.6821839610146172,0.9209689757755086,0.106252032481419
0.9947680058550046,0.6650572571486644,0.6785687077060768,0.6821726041365166,0.9209689757755086,0.10625279654303761
0.9948360530778593,0.6651143814542644,0.6786143474161128,0.6821613663865078,0.9209689757755086,0.10625358275136981
0.9949039876604693,0.665171702431965,0.6786601420621189,0.682150128636499,0.9209689757755086,0.10625434681298844
0.9949720035943668,0.6652289340132562,0.678705914574415,0.6821390100145825,0.9209689757755086,0.10625512194796383
0.9950400339211836,0.6652867913694132,0.678751819888971,0.6821276531364819,0.9210709732257101,0.10625588600958244
0.995108021695021,0.6653443447777783,0.6787977252035271,0.6821163756771094,0.9210709732257101,0.10625666114455784
0.9951759813087961,0.6654012545319956,0.6788434977158232,0.6821050982177366,0.921036974075605,0.10625743627953325
0.9952440347894407,0.6654590224917433,0.6788888939550491,0.6820939001770918,0.9210709732257101,0.10625820034115187
0.995311997532113,0.6655160216423701,0.6789346664673452,0.6820830198113592,0.9210709732257101,0.10625897547612727
0.995380022852697,0.6655735750507352,0.6789805717819013,0.6820715438051665,0.9210709732257101,0.10625973953774588
0.9954479605642028,0.6656312357347915,0.6790266320324274,0.6820600677989739,0.9211219719506971,0.1062605257460781
0.9955160256217614,0.6656886639881834,0.6790722717424634,0.6820489491770574,0.9211219719506971,0.1062612787343399
0.9955839758488505,0.6657456810180921,0.6791181770570195,0.6820378305551404,0.9211729706756842,0.1062620538693153
0.9956519523586618,0.6658035562535309,0.6791634404939854,0.682026354548948,0.9211729706756842,0.10626282900429071
0.9957199839370383,0.6658608772312316,0.6792093458085415,0.6820153550551231,0.9211729706756842,0.10626360413926612
0.9957879498086051,0.6659176975890396,0.6792551183208375,0.6820042364332064,0.9210709732257101,0.10626435712752794
0.9958559188090677,0.6659755549451967,0.6793012892399137,0.6819927207176499,0.9210709732257101,0.10626514333586014
0.9959239503874429,0.6660334123013536,0.6793466854791397,0.6819814829676414,0.9210709732257101,0.10626590739747876
0.9959918755833659,0.6660905366069536,0.6793928563982159,0.6819700863801765,0.9210709732257101,0.10626668253245417
0.9960598539705159,0.6661478754639361,0.6794384961082518,0.681958888339532,0.9210709732257101,0.10626745766742955
0.9961278448732478,0.66620532159661,0.679484667027328,0.6819477697176153,0.9211219719506971,0.10626822172904817
0.9961958107448146,0.666262857125693,0.6795295320575138,0.6819365319676065,0.9211729706756842,0.1062689857906668
0.9962638254271545,0.6663200887069842,0.67957583577885,0.6819251353801419,0.9211729706756842,0.10626974985228539
0.9963318069431986,0.6663775348396581,0.679621475488886,0.6819138976301333,0.9211729706756842,0.10627053606061759
0.9963997884592439,0.6664353027994057,0.6796673808034421,0.6819027790082166,0.9212069698257892,0.10627131119559301
0.9964677480730195,0.6664928383284888,0.6797130426471881,0.6818915412582081,0.9211729706756842,0.10627207525721162
0.9965356670111514,0.6665498553583975,0.679758283950444,0.6818803432175635,0.9212069698257892,0.10627285039218701
0.9966036297538228,0.6666077127145545,0.6798051188808204,0.6818690657581905,0.9212069698257892,0.10627361445380562
0.9966716143987635,0.6666644079173895,0.6798502495155262,0.681857828008182,0.9212069698257892,0.10627437851542423
0.9967395865281214,0.6667224977042108,0.6798961548300824,0.6818465902581734,0.9212069698257892,0.10627516472375644
0.9968075586574798,0.6667798365611933,0.6799423257491585,0.6818351936707086,0.9212069698257892,0.10627592878537505
0.996875490111194,0.666837586641659,0.6799878326569344,0.681824075048792,0.9212069698257892,0.10627669284699366
0.996943443467178,0.666894710947259,0.6800338929074606,0.6818129564268751,0.9212069698257892,0.10627747905532588
0.9970114343699108,0.666952568303416,0.6800793998152366,0.6818018378049586,0.9212069698257892,0.10627823204358769
0.997079347050251,0.6670099071603985,0.6801247739207525,0.681790361798766,0.9212069698257892,0.10627901825191988
0.9971472972773392,0.6670673532930723,0.6801710997757987,0.6817793623049413,0.9212069698257892,0.1062797767768601
0.9972152894316295,0.6671245848743635,0.6802162082767946,0.6817679657174767,0.9212749681257719,0.10628056852187069
0.9972832302720311,0.6671823349548293,0.6802622463936107,0.6817567676768319,0.9212749681257719,0.1062813325834893
0.9973512117880765,0.6672396738118118,0.6803081517081668,0.6817454902174591,0.9212749681257719,0.10628209664510792
0.9974191338551042,0.6672973344958681,0.680354211958693,0.6817342127580868,0.9212749681257719,0.10628288285344012
0.9974870934688798,0.6673546554735688,0.680399851668729,0.681723014717442,0.921325966850759,0.10628364691505873
0.9975550155359074,0.66741188705486,0.6804450929719847,0.6817117769674332,0.921325966850759,0.10628441097667735
0.9976229438607258,0.6674695477389163,0.680491020420251,0.6817006583455165,0.921325966850759,0.10628518611165273
0.9976909410212502,0.6675271905436908,0.6805370585370671,0.6816893411767797,0.921325966850759,0.10628596124662815
0.9977588568304858,0.6675845294006733,0.6805821670380628,0.6816783019735912,0.921325966850759,0.10628673638160356
0.9978267901615379,0.6676421900847296,0.6806282272885891,0.6816669450954906,0.921325966850759,0.10628751151657896
0.9978947059707739,0.6676997256138126,0.6806741326031451,0.6816557867642099,0.921325966850759,0.10628828665155438
0.997962612393323,0.6677572790221777,0.680719772313181,0.6816445490142011,0.921325966850759,0.1062890396398162
0.9980305751359944,0.6678147251548516,0.6807655448254772,0.6816334303922846,0.921325966850759,0.1062898092381132
0.9980984574660465,0.6678724752353173,0.6808113173377732,0.6816223117703677,0.921325966850759,0.10629058990976699
0.9981664389820923,0.6679295995409174,0.6808569791815192,0.6816108357641752,0.921325966850759,0.10629137611809922
0.9982343547913275,0.6679873675006649,0.6809027516938153,0.6815998362703504,0.921376965575746,0.10629211803300424
0.9983022956317305,0.6680453321325132,0.6809486791420813,0.6815883602641579,0.921376965575746,0.10629290424133642
0.9983702489877144,0.6681023491624218,0.6809944516543774,0.681577241642241,0.921376965575746,0.10629366830295503
0.9984381128572819,0.6681599025707868,0.6810404897711936,0.6815662421484163,0.921376965575746,0.10629444343793044
0.9985060443109961,0.6682175453755613,0.6810854876036394,0.6815548455609519,0.921376965575746,0.10629520749954906
0.9985739695069205,0.6682752060596175,0.6811315257204555,0.681543726939035,0.921376965575746,0.10629597156116767
0.9986419072184263,0.6683325270373183,0.6811775638372717,0.6815323700609344,0.921376965575746,0.10629675776949984
0.9987098574455144,0.6683900804456833,0.6812225616697174,0.6815213705671097,0.921376965575746,0.10629754397783206
0.9987777544813765,0.6684475265783572,0.6812688653910537,0.6815102519451932,0.921376965575746,0.10629827481938031
0.9988456702906126,0.6685051872624134,0.6813145051010896,0.6814986568109085,0.9214279643008467,0.10629906102771249
0.9989136004927697,0.6685630446185704,0.6813605432179058,0.6814875381889918,0.9214279643008467,0.10629984169936631
0.9989814183675709,0.6686202761998616,0.6814059173234217,0.681476260729619,0.9214279643008467,0.10630061129766331
0.9990493967547209,0.6686782408317098,0.6814517119694279,0.6814653803638866,0.9214279643008467,0.10630137535928193
0.999117321950644,0.6687352578616186,0.6814977500862439,0.6814538646483297,0.9214279643008467,0.10630213942090051
0.9991852627910456,0.6687932224934668,0.6815433897962799,0.6814426666076852,0.9214279643008467,0.10630292562923274
0.9992531379246374,0.6688503467990669,0.6815890516400259,0.6814314288576764,0.9214279643008467,0.10630368969085134
0.9993210631205609,0.6689081147588144,0.6816345585478019,0.6814203102357599,0.9214279643008467,0.10630445375246995
0.9993889445119448,0.668965882718562,0.6816807294668781,0.681409191613843,0.9214279643008467,0.10630523996080214
0.9994568490571569,0.6690234182476451,0.681726103572394,0.6813978744451064,0.9214279643008467,0.10630599848574238
0.9995247836397669,0.6690810789317014,0.68177176541614,0.6813866764044616,0.9214279643008467,0.10630676808403938
0.999592647196446,0.6691382926337108,0.6818175379284361,0.681375319526361,0.9214279643008467,0.10630755429237156
0.9996605317167249,0.6691963824205323,0.6818634432429922,0.6813643200325363,0.9214279643008467,0.1063083072806334
0.9997284318814827,0.6692535067261323,0.6819087066799581,0.6813530822825276,0.9214279643008467,0.10630908241560881
0.9997963414329281,0.6693113640822892,0.6819552760058143,0.6813418842418828,0.9214279643008467,0.106309868623941
0.9998642509843729,0.669368810214963,0.6820005173090702,0.6813308450386943,0.9214279643008467,0.10631061053884602
0.9999321761802955,0.6694268821225025,0.6820457807460361,0.6813194881605937,0.9214279643008467,0.10631140782053501
1.0,0.6694840064281025,0.6820918188628522,0.6813082107012209,0.9214279643008467,0.10631216080879684
